643
152
1759
128
2139
148
579
249
256
354
2060
216
253
755
169
981
220
156
910
149
182
67
228
1682
843
2050
114
429
643
944
244
971
72
320
85
497
1001
397
704
567
622
184
1115
282
740
58
2267
926
74
290
302
597
1683
45
364
917
407
382
313
37
916
269
190
742
405
184
26
1282
312
54
131
660
139
682
493
885
420
262
253
401
293
75
138
322
151
738
1256
404
42
184
919
110
1845
1138
121
104
382
1426
30
239
107
604
2644
46
211
153
175
1397
2404
354
318
928
884
79
296
825
77
183
268
345
173
707
677
130
1030
1112
432
1524
523
1259
2071
183
774
272
180
560
283
37
180
169
187
264
32
33
458
410
181
641
137
1297
936
164
38
136
586
405
103
156
109
695
1030
809
347
185
382
1653
1584
252
625
303
661
1788
979
1505
2385
366
1827
412
33
910
693
68
2068
2597
1453
702
278
2239
1835
162
719
845
317
1010
602
394
64
967
949
173
189
109
337
176
104
325
626
54
536
62
280
620
299
52
27
149
886
1078
367
1784
783
619
366
151
975
364
2018
597
279
735
502
76
229
755
226
800
51
435
494
203
411
204
295
1160
186
335
84
847
92
417
605
646
2404
610
111
1225
713
275
280
91
112
2410
288
909
426
370
451
303
111
276
680
570
313
270
1989
917
1395
383
752
411
96
58
130
763
2505
1018
376
163
1921
170
2062
278
284
858
991
376
38
371
333
35
104
698
1598
35
1034
1092
1928
2221
1283
2217
701
848
376
143
225
723
378
182
616
407
140
1692
134
360
668
639
58
90
165
1515
276
244
200
2501
74
1023
677
830
106
1839
358
165
1101
87
185
192
161
45
1212
155
265
710
128
139
39
1055
534
90
1391
948
703
745
1001
519
523
430
809
776
442
187
61
253
1412
234
417
354
71
182
702
1981
110
1108
349
710
99
591
162
258
62
920
424
961
165
739
107
270
487
157
1486
301
450
268
187
378
259
156
240
133
515
1648
866
248
696
1194
448
74
445
2094
165
477
217
622
307
56
460
883
339
37
663
1236
269
679
820
516
331
97
1063
45
700
257
303
234
61
61
296
1246
43
82
1795
126
124
1560
704
1729
206
343
2032
290
33
167
251
954
203
227
547
42
310
354
117
221
268
98
342
1876
491
1278
485
1041
2584
2544
292
49
353
53
360
158
427
231
225
337
1079
342
49
1101
1194
233
909
391
64
449
785
520
2551
2539
1826
326
2044
56
913
57
2767
301
33
1663
485
433
2397
653
199
253
1669
40
108
920
168
112
536
96
222
741
2690
251
173
368
1464
980
1166
237
52
49
102
334
155
1413
428
736
1702
925
168
108
716
540
63
319
40
655
721
28
58
1746
532
836
498
240
879
1011
1038
289
211
983
1185
636
54
215
568
443
2569
1642
190
477
1198
1415
1070
462
568
993
432
603
554
217
61
138
114
616
388
59
851
446
1720
52
305
119
1392
177
327
581
255
1414
458
1094
438
397
250
214
137
481
568
1205
253
447
1068
550
261
330
386
267
1034
171
1193
293
682
598
491
1751
1686
189
561
783
974
389
29
1128
352
54
213
897
276
1449
422
571
437
978
314
27
280
108
129
103
156
64
399
2054
616
1895
1189
837
178
284
518
1260
573
388
35
256
39
1490
265
962
541
585
248
170
176
130
1489
1378
37
611
1492
191
581
171
1819
147
27
2103
116
262
412
449
1346
95
133
168
1659
609
968
237
403
900
87
363
444
1359
157
457
306
296
41
194
678
859
884
1456
49
39
211
1167
2658
240
97
1158
2775
48
547
363
590
760
645
166
982
108
1738
116
432
528
919
621
266
156
1874
86
353
354
233
1651
67
522
336
1148
2448
218
431
513
2646
33
35
378
160
571
54
228
252
463
832
209
131
322
1468
2529
272
1463
1190
266
1044
322
349
611
328
113
404
35
1150
897
1432
1022
89
237
169
384
2576
873
328
219
1203
99
271
2022
1669
198
478
1787
405
42
374
295
97
2245
290
828
807
273
33
2276
491
136
418
135
172
141
333
100
346
679
171
431
67
66
184
507
474
188
271
140
147
997
411
883
456
340
1425
480
988
1182
1809
489
70
561
116
259
507
915
352
41
260
466
32
143
39
155
1117
839
148
293
1397
1060
1216
377
255
484
85
360
237
325
295
661
169
793
2014
266
54
420
166
70
325
1009
2174
779
66
715
510
765
91
559
533
88
299
302
35
1557
248
363
568
198
57
2106
910
2592
339
36
513
925
159
237
306
315
406
1055
450
686
1078
636
1044
1180
485
352
130
188
978
2164
1137
121
1915
580
188
163
1401
346
1226
195
2432
820
58
378
486
1720
71
2084
772
135
411
648
114
219
52
743
784
1195
188
74
92
170
579
500
617
831
171
563
142
471
892
1153
147
291
41
1473
1191
1039
162
1025
174
906
2314
1180
466
173
322
680
894
497
78
132
468
198
297
276
1767
546
373
308
96
760
860
1299
727
541
118
377
343
554
769
2677
96
98
1674
833
318
80
447
291
1254
788
1304
201
119
407
1265
2663
1706
48
320
2016
403
61
71
1541
543
118
108
41
433
613
164
87
484
697
330
533
800
481
468
1559
412
572
552
379
2648
503
94
2143
577
102
1274
82
32
492
298
280
550
243
401
517
111
406
80
335
2028
803
73
126
420
405
454
544
478
1059
1788
329
1172
313
1862
383
517
57
1030
361
819
523
284
470
864
794
326
118
2527
200
61
2653
616
943
214
577
1166
465
180
51
305
1101
386
176
1182
971
741
277
883
122
1026
427
266
478
53
193
314
679
43
254
1059
76
268
1980
159
1352
2040
255
175
791
454
2725
137
482
209
203
378
390
1388
142
120
353
595
81
1060
184
765
353
228
94
1161
1342
543
1438
66
77
1524
762
369
960
195
677
2680
1940
443
93
479
462
911
331
615
707
1528
644
840
324
213
812
178
662
229
395
860
665
512
457
602
247
54
2614
118
778
457
467
2018
821
33
1342
427
1040
293
76
1798
695
774
510
184
1669
1137
227
69
33
617
168
678
2195
27
43
207
77
56
107
413
2202
512
371
62
379
236
323
128
285
58
434
1566
405
655
175
694
614
163
185
68
1647
769
36
1289
733
1160
858
2351
1150
909
72
346
177
448
677
254
82
264
58
105
1228
154
133
2273
689
1898
166
33
345
909
227
177
509
146
373
2376
241
416
239
1100
83
59
2437
35
599
370
64
258
1536
353
208
81
580
110
102
734
300
140
90
159
128
398
1590
499
244
1181
1306
118
615
348
210
1077
360
974
444
343
170
86
249
1687
1238
2169
2630
419
91
804
927
712
292
33
274
332
362
2035
219
47
548
358
315
664
45
540
274
84
1007
957
39
1930
318
242
258
681
429
446
833
164
227
355
156
2080
593
229
148
604
205
1070
321
558
2119
947
1404
548
653
491
279
262
262
484
2008
541
74
888
705
377
586
265
1040
540
1041
211
948
839
135
237
124
204
169
1449
326
1039
1086
413
659
1665
319
486
85
399
1317
1415
72
574
395
110
238
1038
335
197
1057
685
1653
696
204
1431
161
2350
1209
1068
247
278
171
148
2224
1378
1818
30
296
317
1326
1838
318
58
340
181
751
95
33
253
384
113
1119
392
563
1312
375
223
188
72
341
174
40
1397
1418
82
146
626
235
96
439
53
190
208
549
1259
742
322
222
83
322
1753
165
691
347
2498
453
184
1611
369
694
125
109
328
138
1431
215
575
669
1197
397
1577
1344
129
176
115
196
55
1656
1586
750
1214
593
591
605
1284
