52
11
17
5
34
67
28
5
134
84
47
125
54
40
12
30
15
17
23
13
0
12
1
13
92
32
16
72
24
2
119
32
21
6
116
50
8
2
14
38
10
6
103
26
69
2
25
8
4
31
4
145
141
10
12
65
6
25
134
30
26
85
49
62
29
3
18
11
139
0
38
14
16
86
221
67
35
8
9
7
20
17
29
30
13
21
51
36
23
57
1
54
73
24
17
21
160
22
28
4
6
37
56
55
27
47
25
55
1
9
6
44
59
19
62
11
41
3
38
42
13
61
27
71
2
32
33
9
55
32
11
90
11
41
2
18
54
18
25
132
78
23
10
1
64
34
22
73
41
7
18
26
14
10
3
71
80
47
52
55
19
23
32
2
3
9
9
58
154
1
37
0
6
7
43
6
29
25
26
78
73
24
46
71
33
34
0
0
8
12
73
19
30
18
17
8
3
8
26
76
9
54
18
56
23
28
3
1
3
13
40
67
19
32
32
32
79
30
35
42
24
20
15
6
16
25
4
122
61
32
6
5
7
18
53
82
127
4
13
24
73
61
13
54
5
116
34
50
19
12
36
47
12
0
40
29
82
10
16
37
75
18
21
0
57
1
2
30
49
8
47
1
5
25
41
13
13
4
22
24
23
35
12
4
12
21
6
26
30
19
1
25
4
11
2
10
39
42
57
82
15
4
22
161
2
3
49
44
11
27
54
56
62
45
68
20
61
34
10
34
8
73
3
21
32
48
59
11
5
44
36
22
59
35
34
18
8
103
3
14
30
49
13
62
15
38
43
170
0
13
23
42
27
45
59
28
14
119
25
67
1
15
95
13
75
29
110
42
59
18
27
173
12
56
113
3
22
59
57
37
12
45
120
3
28
18
5
32
12
12
4
80
97
74
32
14
16
14
24
16
28
112
35
62
5
8
21
69
62
31
6
70
8
13
116
3
4
9
2
2
26
23
36
60
16
12
11
11
25
36
21
61
56
37
77
93
68
6
7
57
1
30
18
40
15
19
11
5
39
29
56
10
7
9
21
39
33
4
15
10
25
269
37
16
6
0
42
44
33
29
9
21
31
19
68
37
41
2
4
21
0
6
10
72
2
0
1
61
51
14
19
11
36
67
22
12
140
4
17
30
12
8
20
51
3
7
45
8
7
130
3
50
39
34
47
26
91
88
49
25
77
11
123
1
21
77
25
0
30
2
62
177
1
59
3
18
53
2
30
88
6
44
7
52
20
29
1
10
64
35
12
5
4
9
23
2
7
26
31
124
67
3
32
1
21
20
18
128
11
26
77
57
44
16
28
18
151
18
4
3
48
13
11
21
73
161
18
24
23
1
24
115
22
13
54
17
27
67
68
11
87
10
78
17
173
85
105
138
15
10
110
38
1
23
39
17
15
49
9
53
134
56
28
35
1
7
5
22
84
52
60
39
64
23
18
92
30
28
43
8
66
32
24
7
45
8
26
10
93
18
39
55
5
168
24
14
27
95
89
23
36
56
107
28
6
11
17
227
62
47
66
44
13
63
7
28
24
28
11
73
35
14
7
10
103
23
23
110
8
29
22
139
16
41
1
5
1
84
2
22
40
50
16
4
85
37
97
88
91
14
10
3
5
36
32
11
8
37
105
258
22
2
30
13
22
41
2
21
43
65
48
7
131
24
14
16
18
4
69
62
26
126
29
5
354
57
75
25
8
18
13
62
44
12
112
2
19
277
3
49
132
54
28
2
12
61
11
55
70
14
5
13
3
23
46
5
5
12
94
7
23
63
51
19
17
96
3
69
24
24
15
5
43
0
53
159
11
20
306
22
58
80
15
120
8
59
47
117
127
31
1
26
184
48
51
22
14
10
48
2
12
30
122
60
5
48
30
11
29
3
82
23
26
12
36
26
6
78
25
5
15
2
29
60
24
21
1
51
72
17
18
12
15
5
33
3
32
11
121
5
1
180
76
9
8
43
14
151
27
21
23
31
34
6
88
12
11
40
6
36
9
10
22
224
84
27
25
45
16
29
20
66
29
2
93
17
62
36
11
19
8
3
11
10
16
30
10
32
48
46
28
69
37
12
17
23
11
86
18
23
77
5
17
53
26
32
9
1
9
22
58
15
62
5
4
30
120
30
49
1
10
16
0
49
35
20
32
19
124
72
30
49
25
27
4
16
1
51
52
30
9
43
69
76
45
7
28
15
10
24
72
42
65
3
76
15
17
25
21
32
22
72
4
98
11
2
23
139
13
13
44
51
46
24
8
81
178
89
61
67
37
83
6
68
68
19
2
3
56
61
11
95
23
2
11
18
62
7
70
47
87
27
36
29
97
41
13
34
42
28
5
3
91
67
11
48
48
31
112
24
63
0
22
2
26
18
18
23
28
19
17
185
39
11
16
52
62
71
19
39
45
13
12
55
48
37
67
7
8
23
32
27
14
32
43
14
22
10
19
22
21
7
25
16
15
1
12
51
28
54
98
10
4
136
10
29
92
25
36
180
43
36
25
34
101
12
5
50
46
12
53
7
61
42
52
57
69
42
4
73
11
78
69
8
43
21
64
8
9
12
155
1
47
17
49
79
58
11
33
22
84
105
28
70
1
15
48
24
53
19
9
4
52
28
34
20
31
16
75
65
66
227
26
14
41
10
82
15
69
5
37
1
27
1
13
17
21
3
33
333
56
28
81
57
46
83
70
18
33
26
15
55
68
13
41
50
6
101
189
31
69
46
69
64
44
37
120
51
21
32
57
19
16
20
79
40
16
37
11
45
52
3
92
20
28
4
36
39
73
20
13
14
9
3
33
63
19
9
4
24
2
40
16
13
75
11
25
13
100
0
13
29
21
51
5
62
32
54
19
44
1
3
20
9
39
81
6
105
15
7
80
66
65
47
231
46
17
31
58
213
6
6
28
148
4
95
4
199
10
81
29
6
71
6
53
56
14
45
27
6
14
12
5
14
25
28
3
19
112
14
10
7
10
65
22
154
60
13
5
35
30
22
39
128
5
180
38
34
3
49
6
31
42
17
24
22
56
4
41
68
44
105
7
3
37
31
36
4
30
44
53
6
29
35
10
81
0
16
7
93
69
33
55
36
94
48
42
37
78
135
43
7
21
47
17
33
6
47
38
6
115
32
17
12
15
84
7
49
57
4
4
3
3
42
18
18
29
34
240
24
33
7
28
2
46
22
32
56
18
42
96
12
4
6
357
19
20
112
3
4
36
18
37
162
6
45
3
20
61
137
17
1
6
137
56
46
16
69
57
26
36
62
11
104
13
50
88
12
125
277
98
12
16
8
22
92
14
9
24
6
4
22
78
33
42
40
41
6
7
105
10
91
2
48
10
77
2
25
8
65
29
3
36
7
10
126
98
21
58
39
14
30
7
10
70
3
129
45
10
14
63
35
61
25
5
23
38
152
20
25
37
4
2
33
6
19
6
42
11
46
3
17
47
29
47
12
62
34
29
15
13
53
39
13
31
60
0
1
38
128
3
27
13
20
24
41
78
8
52
10
48
2
51
7
15
19
82
139
37
41
277
56
34
6
3
4
32
4
8
52
162
7
62
5
127
0
57
93
11
7
203
22
69
57
20
51
22
31
27
25
11
11
23
20
20
2
426
24
25
6
7
3
39
17
59
59
82
43
83
67
62
36
18
38
36
89
18
71
14
1
123
40
4
3
90
75
36
10
36
41
24
20
7
45
12
39
31
29
39
9
83
42
16
13
43
35
20
3
15
51
3
4
8
3
31
103
19
31
118
7
17
77
10
83
14
98
28
35
20
14
91
92
33
3
84
12
93
78
5
64
23
30
123
17
54
93
49
12
9
8
5
76
297
49
69
84
1
5
10
47
69
17
5
4
12
40
16
53
41
22
41
9
15
53
86
10
0
5
11
112
1
72
30
4
48
2
186
24
9
8
57
133
83
41
31
28
11
19
48
4
91
41
40
19
9
1
24
18
64
49
21
65
99
95
31
48
6
101
75
26
39
19
5
140
32
0
26
25
64
31
29
0
21
8
5
17
24
7
19
15
81
11
42
6
46
108
308
18
8
3
152
109
45
1
11
15
136
9
12
2
49
17
7
6
1
28
26
25
13
150
12
29
42
107
102
22
3
13
69
1
36
70
6
0
14
21
62
5
18
8
7
17
67
33
30
50
31
18
32
24
3
12
25
38
8
16
37
60
83
17
118
33
17
28
27
42
8
76
34
30
35
138
30
55
44
8
4
33
25
8
75
24
44
8
76
21
19
2
60
219
46
43
51
14
51
8
35
38
16
39
22
34
51
6
2
50
11
2
151
19
4
5
5
2
11
21
203
384
32
27
45
2
75
47
34
41
1
13
1
12
41
12
8
16
7
27
75
27
4
8
36
9
128
35
79
25
37
24
25
47
14
1
19
18
36
33
23
43
45
121
191
53
24
89
10
47
64
22
8
78
0
69
15
48
39
11
15
6
33
7
3
44
16
34
24
1
9
84
6
49
84
4
40
26
30
7
35
119
72
37
19
58
7
64
28
16
36
14
15
83
47
9
29
29
0
269
32
39
0
23
17
120
44
47
103
42
14
19
7
220
43
110
66
18
8
14
59
47
29
142
35
1
23
18
18
32
86
17
20
157
97
47
50
71
49
27
5
20
12
34
13
209
21
2
168
17
68
130
9
35
85
59
20
9
31
43
38
36
9
29
67
6
71
60
21
34
40
7
4
25
54
22
34
3
129
60
54
10
6
45
2
31
24
44
47
18
21
19
70
41
47
5
9
11
20
4
74
134
52
7
41
35
3
0
14
49
139
15
32
7
7
6
10
14
44
20
10
62
34
10
3
22
32
55
5
15
45
1
80
35
47
21
22
52
70
136
49
7
14
45
39
6
48
50
65
32
18
45
58
37
89
3
5
58
31
4
58
5
54
60
37
5
9
27
0
16
23
34
44
9
72
20
25
91
2
25
3
7
40
64
31
42
23
19
48
101
33
10
31
124
60
49
30
32
84
128
4
36
50
44
9
20
167
75
30
11
4
27
19
9
73
3
152
5
41
82
25
21
14
6
7
22
3
17
43
21
2
5
29
51
89
30
22
57
56
25
53
147
109
51
23
19
6
92
8
17
53
66
79
19
108
16
57
4
241
4
16
33
1
9
59
6
36
150
37
43
186
88
37
87
24
25
14
87
5
49
45
14
25
32
14
55
5
53
0
14
4
12
35
21
45
36
18
35
4
1
13
54
30
4
42
70
129
56
44
4
21
30
28
24
24
30
2
1
4
36
1
44
16
48
51
37
62
73
9
8
16
47
33
36
57
2
12
77
45
22
7
9
56
138
44
38
3
40
57
53
92
36
169
36
10
34
29
20
14
1
49
46
32
94
89
120
32
46
12
5
35
3
104
9
6
19
35
75
6
17
38
0
24
20
51
3
47
23
7
6
51
21
24
5
69
46
10
27
24
8
98
34
56
5
6
10
46
10
253
116
21
29
25
16
38
161
24
2
8
32
1
106
195
132
39
3
103
35
57
7
30
0
51
41
7
8
3
26
20
21
15
30
3
2
104
27
27
25
22
164
196
27
29
36
75
34
2
33
12
24
55
58
51
67
2
5
17
66
17
5
4
13
48
7
104
135
2
45
19
105
115
187
18
14
41
1
78
51
44
73
39
9
56
4
25
15
39
116
16
32
10
35
44
33
27
15
3
14
31
72
14
2
56
30
87
93
8
92
17
41
10
36
9
40
35
43
0
26
77
12
121
0
36
1
37
62
1
21
37
9
39
38
51
12
1
14
18
51
2
16
34
40
29
46
1
21
20
42
40
27
41
35
7
87
46
0
5
2
1
10
55
41
85
18
10
45
36
28
9
82
24
13
78
6
63
5
165
18
92
23
13
12
14
123
26
36
38
32
56
47
26
77
23
222
4
39
9
7
123
19
26
4
122
19
30
13
31
14
17
39
3
153
23
11
8
75
246
8
196
3
46
79
2
80
47
47
5
12
6
6
25
30
38
46
79
78
4
152
25
30
109
5
32
70
17
53
67
1
13
16
3
240
22
20
15
4
3
66
25
98
28
6
68
2
22
47
69
9
21
1
13
6
14
3
48
13
2
223
254
24
107
2
55
74
79
5
28
16
39
125
18
18
42
4
31
3
13
0
18
3
4
25
50
289
3
95
300
1
16
50
32
32
1
13
80
5
22
122
46
63
115
8
44
67
33
4
39
15
17
22
28
14
47
23
112
18
100
11
40
6
13
165
78
5
51
8
1
22
32
22
8
128
34
39
4
23
106
17
12
235
21
114
39
51
0
37
3
10
0
6
84
27
24
37
9
20
95
64
6
72
63
2
3
12
3
7
99
25
1
109
143
15
25
15
38
49
182
87
20
10
31
30
27
60
11
33
9
24
2
54
148
21
11
0
66
83
36
22
3
130
28
34
2
217
3
5
94
58
13
6
130
21
31
12
60
28
60
16
111
16
46
17
39
129
14
25
0
37
35
32
143
36
148
16
12
147
49
66
21
3
1
7
44
38
63
39
13
8
6
18
11
28
52
142
56
111
56
75
0
47
8
84
34
103
130
65
19
13
42
22
36
9
35
13
60
28
69
23
28
22
114
33
16
5
4
9
47
23
78
23
37
56
149
20
62
1
77
22
12
1
150
17
55
50
27
14
149
52
32
134
89
26
1
17
134
33
91
4
13
11
54
4
135
41
2
158
9
70
108
46
9
6
4
21
57
56
78
63
48
25
52
6
45
18
6
63
4
21
5
13
33
46
0
56
12
5
9
13
2
12
46
45
42
31
51
26
38
65
24
31
12
4
10
100
3
30
2
20
27
19
17
10
41
28
1
13
44
21
71
9
11
34
12
17
75
8
6
41
67
55
154
12
5
1
5
24
51
13
6
23
15
16
28
43
11
53
7
83
31
2
41
17
6
33
17
35
318
64
34
14
60
5
10
40
9
80
24
14
54
104
2
29
17
8
15
64
18
133
50
163
12
14
8
18
22
10
5
12
151
10
22
1
38
70
27
44
74
14
6
106
55
33
6
21
24
49
5
20
27
36
95
78
32
87
14
9
25
43
27
2
8
83
8
36
14
65
8
95
17
36
72
49
34
13
3
35
26
14
15
9
18
72
84
2
5
2
43
81
16
38
70
70
108
1
83
15
6
27
97
2
3
1
13
67
39
23
52
78
31
5
9
64
44
12
5
65
57
27
19
15
47
66
18
26
7
21
180
2
26
23
35
20
36
58
40
58
41
12
17
18
15
5
37
2
4
2
7
49
10
21
69
82
10
136
8
3
24
67
17
31
4
4
38
44
20
30
80
6
35
25
73
22
31
17
2
1
9
16
95
20
35
50
97
40
135
4
5
59
55
6
124
21
14
14
43
96
4
78
4
5
21
50
9
29
0
18
20
11
32
7
2
74
57
12
20
24
19
22
23
6
32
39
23
137
13
11
16
31
2
3
79
3
6
37
38
58
37
5
94
10
11
33
9
51
17
46
21
16
11
10
2
27
23
4
17
8
63
148
1
2
49
33
79
76
12
133
12
7
17
83
27
19
4
212
35
32
11
33
49
33
155
38
14
8
87
8
151
6
48
85
6
43
26
69
35
89
26
11
31
32
35
109
54
136
64
56
13
13
152
1
28
0
169
34
45
94
1
9
50
4
2
34
84
15
31
83
19
2
133
5
7
75
14
15
100
55
63
16
32
90
17
6
20
10
91
12
16
57
32
13
62
2
59
5
53
19
2
17
51
44
66
2
27
5
9
33
109
30
13
35
197
1
87
14
16
42
27
24
15
20
65
16
59
3
27
66
27
8
13
23
49
24
5
40
51
16
37
28
98
26
0
28
38
57
3
52
13
41
49
78
39
28
114
6
7
9
14
11
57
53
41
33
92
59
30
80
96
57
159
14
6
6
24
23
2
18
38
26
126
29
47
8
40
8
13
124
40
3
33
74
4
66
141
6
65
67
7
54
44
31
63
10
59
20
36
3
35
13
3
33
3
68
10
4
39
18
31
42
53
1
10
19
17
62
12
1
3
7
37
96
11
6
1
35
24
7
61
36
1
2
67
32
1
24
47
17
26
11
24
3
51
115
18
77
28
23
31
20
28
3
6
2
29
2
41
11
18
185
81
37
30
44
32
51
0
11
11
23
9
65
42
76
6
19
186
5
42
107
21
5
187
2
12
34
80
10
15
14
80
8
49
113
39
14
33
2
41
101
16
35
29
9
23
4
21
1
48
3
21
32
47
24
49
5
33
12
5
68
89
18
60
1
21
13
24
5
56
88
22
5
5
47
26
17
57
29
7
21
32
12
23
37
29
33
44
37
77
20
0
19
28
31
32
85
75
50
17
0
46
36
18
30
26
6
41
14
55
41
3
5
143
2
66
34
134
21
17
21
3
5
11
6
3
168
49
167
3
43
26
9
37
35
29
34
58
24
15
1
21
60
9
8
30
22
4
16
23
23
30
6
102
56
12
89
20
3
7
29
11
12
34
6
62
25
42
50
16
29
14
87
32
30
16
81
106
29
25
48
40
8
52
70
82
77
14
35
11
6
1
19
4
14
28
12
21
147
28
33
20
52
5
10
11
100
2
34
16
49
11
29
5
50
65
16
64
10
58
0
29
4
17
13
42
32
57
52
18
29
100
12
15
26
12
9
68
7
7
11
7
34
32
35
10
29
31
38
25
94
20
99
4
28
66
20
10
11
2
52
38
9
2
2
41
3
8
26
25
30
2
24
1
153
1
102
66
18
69
98
58
32
6
49
32
109
29
52
34
17
29
7
19
2
76
7
18
1
42
16
119
54
39
97
36
38
16
44
8
50
54
20
148
3
11
26
14
4
2
35
23
0
18
1
8
22
32
44
34
26
0
5
7
3
1
52
25
83
35
37
9
11
37
18
40
40
9
17
17
17
31
14
158
30
31
5
21
9
44
130
59
7
16
11
9
30
4
9
18
33
43
1
48
34
21
20
2
17
42
14
43
20
16
10
53
31
66
170
39
5
1
7
63
15
74
130
1
87
21
16
2
74
21
36
19
14
10
21
170
22
28
19
40
1
7
16
9
14
15
127
19
16
38
38
68
130
7
35
68
7
16
23
49
17
34
68
16
72
14
1
23
13
4
54
37
19
53
15
19
45
17
33
94
0
51
16
8
31
21
12
91
8
117
4
58
5
2
101
3
4
9
18
65
9
21
95
3
24
33
22
13
0
3
256
356
41
16
6
44
72
41
20
24
31
23
134
25
38
0
3
7
145
32
3
15
39
41
102
43
16
69
28
9
12
25
17
24
6
18
157
41
70
1
16
7
13
4
15
35
10
13
29
1
8
86
8
39
10
25
2
20
25
65
53
159
10
39
7
18
8
154
30
92
55
10
24
84
3
4
15
11
26
9
17
4
24
73
0
44
79
7
0
119
32
0
35
18
4
132
35
11
28
37
18
2
131
13
5
87
21
13
69
62
0
66
20
42
19
118
9
18
9
52
22
8
23
4
26
1
31
21
5
28
23
58
23
4
83
9
108
16
54
14
8
49
41
11
33
55
30
10
53
36
22
80
28
13
47
15
86
68
58
67
30
58
92
3
7
6
116
6
2
68
9
76
71
11
24
9
90
22
36
107
30
14
66
13
8
22
35
19
8
90
30
6
66
101
5
8
67
48
6
5
13
79
29
15
2
36
23
4
31
20
34
53
47
15
22
5
30
34
3
12
126
51
2
29
13
2
35
41
11
29
106
6
46
182
3
81
16
13
33
79
1
45
39
118
46
57
25
24
37
20
59
1
106
16
16
81
5
48
20
3
14
25
22
106
39
136
12
42
50
45
48
7
42
119
75
30
13
44
23
6
47
33
17
32
85
121
14
37
96
47
65
30
80
71
1
38
1
1
68
127
33
26
34
43
9
59
35
13
29
27
109
69
5
125
99
36
24
35
3
14
40
100
21
8
53
1
45
49
6
40
49
57
19
66
1
9
4
15
2
48
42
43
48
19
69
6
66
11
7
5
50
43
14
34
8
5
7
43
61
6
236
90
25
8
53
11
13
17
5
0
38
30
42
100
19
14
17
14
293
5
42
65
24
5
10
20
97
27
35
14
39
1
122
35
24
4
14
30
76
48
7
98
120
59
28
0
24
15
9
19
6
5
16
6
35
32
119
92
28
65
1
32
62
11
63
0
2
109
28
2
144
2
29
16
121
5
46
10
114
50
84
50
6
14
11
88
17
41
11
2
76
6
34
83
28
1
24
94
133
27
50
41
11
84
42
21
79
0
3
4
21
34
36
107
121
22
58
8
20
43
25
14
131
80
129
8
6
153
63
22
2
10
42
34
3
119
108
6
15
53
17
86
52
21
24
15
30
29
44
8
15
24
59
36
53
7
8
10
16
3
19
37
28
10
69
16
16
9
64
26
9
23
61
57
24
18
26
11
13
15
101
5
51
138
2
16
69
20
36
4
121
43
9
1
26
71
36
13
4
6
40
59
6
55
20
23
70
92
22
5
3
21
3
38
15
77
9
4
56
71
23
40
17
179
32
83
0
11
0
17
3
36
24
1
26
27
17
24
78
33
10
103
43
58
33
9
0
9
67
123
71
13
39
47
9
4
18
18
64
11
19
6
41
154
29
31
25
27
46
55
13
37
26
59
27
138
12
27
10
32
27
51
13
56
12
35
111
94
4
3
6
43
44
39
25
4
3
41
51
153
85
1
1
4
15
18
26
32
6
15
16
43
10
9
28
83
19
56
13
6
66
1
99
1
2
27
29
5
4
123
14
87
12
7
22
49
71
6
27
8
62
1
31
45
95
21
0
9
27
65
64
46
2
51
77
28
109
44
115
12
47
8
12
65
27
123
12
24
61
57
47
18
27
35
5
30
16
5
59
70
1
30
91
51
12
36
79
51
8
27
44
19
31
3
14
3
69
56
26
17
13
24
57
3
41
26
40
36
79
28
95
20
2
75
14
56
20
14
18
27
14
6
40
72
7
63
16
109
69
79
84
20
22
9
69
27
7
77
23
16
7
10
7
62
39
23
17
70
13
3
31
21
9
6
1
9
34
6
18
2
28
32
18
66
34
54
0
6
3
11
31
12
1
7
44
52
71
5
14
4
3
50
105
31
90
5
51
3
0
3
11
12
279
55
3
15
85
24
16
114
0
24
6
60
178
6
123
21
15
5
3
48
97
40
39
70
88
5
17
12
144
22
38
101
27
16
120
9
35
47
3
38
5
1
157
29
21
142
1
50
34
70
95
33
37
18
9
2
177
71
146
14
3
6
16
15
77
24
20
54
1
116
6
9
0
19
20
36
37
21
191
35
25
1
264
24
23
44
76
2
48
0
56
9
16
32
96
1
49
5
17
14
106
30
31
27
5
3
10
201
25
3
140
29
27
57
50
21
1
106
23
61
12
9
11
88
15
116
25
177
13
47
102
88
13
48
150
14
42
10
13
35
12
49
33
38
63
47
80
7
7
110
162
7
40
31
13
22
2
26
37
33
118
0
11
42
18
62
4
26
65
71
181
6
120
159
6
10
11
0
54
11
17
105
57
28
79
15
19
56
60
7
1
82
10
3
28
16
22
1
19
6
107
63
2
10
17
59
25
40
46
26
106
30
71
7
2
112
105
3
33
10
37
116
35
10
25
10
72
37
31
26
72
3
4
28
133
45
45
22
30
211
63
82
22
19
6
90
42
66
29
25
55
14
140
164
7
5
174
59
1
103
21
278
45
49
15
105
13
25
6
25
58
30
14
95
25
29
12
19
77
71
34
26
254
135
32
8
242
58
26
92
2
72
13
53
13
4
2
7
2
8
10
30
18
25
11
38
36
48
31
4
155
35
184
41
21
35
55
87
100
130
66
11
85
27
25
59
19
6
72
14
13
29
39
3
16
39
5
82
6
33
33
90
203
5
7
69
71
95
80
49
1
7
12
94
26
6
49
11
125
10
94
0
4
29
3
45
32
67
70
75
15
24
144
105
42
42
58
2
5
96
39
30
38
3
58
1
33
68
170
30
68
0
14
70
35
21
19
5
75
20
61
31
6
68
59
33
69
11
66
8
25
58
10
45
82
119
2
71
45
20
78
21
15
210
1
44
24
41
9
35
9
19
11
5
14
29
5
17
26
105
80
23
63
120
31
36
33
30
26
150
25
52
14
46
27
87
55
50
19
33
7
33
7
13
51
39
13
96
23
17
12
86
22
7
0
42
21
6
78
2
16
80
1
88
16
10
15
52
45
40
40
23
33
15
22
72
14
73
4
70
11
57
74
26
65
11
26
6
39
5
35
120
21
8
1
6
32
43
25
7
102
37
31
24
23
60
14
55
21
49
7
81
54
8
36
61
93
102
12
76
33
91
75
5
9
24
102
23
44
94
3
52
31
59
24
113
81
2
33
17
8
43
18
50
1
4
14
64
25
6
125
28
144
22
33
1
19
69
16
5
1
76
52
192
3
38
3
16
3
70
56
9
17
15
1
188
21
80
73
11
70
24
115
7
55
4
140
22
54
19
66
28
65
8
43
101
7
14
64
52
37
23
16
30
20
10
24
3
44
56
45
7
8
155
14
14
37
47
29
5
30
6
10
151
24
8
80
43
4
65
3
21
20
11
7
113
35
19
15
17
2
15
47
55
30
83
126
7
19
19
125
3
15
94
34
27
46
44
100
33
80
24
49
43
8
5
12
0
24
19
56
121
60
14
52
42
56
52
54
51
6
43
23
1
34
86
53
40
21
19
7
98
35
23
9
17
45
46
82
46
27
106
33
10
37
31
46
47
96
36
6
34
55
18
126
9
2
13
4
75
91
56
60
33
69
74
2
12
32
50
80
4
27
55
12
22
42
23
33
102
26
1
8
66
24
179
3
90
29
36
3
60
6
8
8
8
6
2
12
3
40
70
15
21
21
38
16
2
16
30
2
16
30
29
20
25
66
6
18
31
29
4
25
52
4
88
29
48
51
52
25
40
74
21
12
26
32
32
151
36
46
71
23
44
7
0
118
39
5
8
3
41
9
30
75
8
25
23
8
199
5
25
54
37
8
18
27
3
44
8
26
42
13
46
8
20
50
7
28
14
18
19
3
66
83
16
1
17
2
0
81
33
58
2
15
32
20
9
13
70
2
37
46
39
47
36
1
33
13
1
1
17
125
10
8
5
24
34
18
73
50
22
22
37
10
85
23
16
15
26
42
11
18
8
12
35
3
101
5
21
11
24
15
97
62
4
113
7
58
4
2
6
36
62
14
5
48
13
42
31
86
13
43
27
23
15
15
4
15
46
60
20
35
73
16
39
22
3
16
31
45
68
39
13
74
11
65
14
3
67
7
19
6
67
50
20
90
1
40
43
136
102
58
14
8
21
11
30
14
2
0
3
88
8
109
13
7
4
13
20
64
14
70
42
120
53
15
79
28
22
20
47
27
1
95
21
25
2
3
12
22
17
34
45
17
123
63
80
28
53
7
23
21
5
29
16
31
28
74
116
34
73
33
11
55
23
7
35
21
84
186
11
7
22
60
31
26
16
113
95
11
13
26
75
13
18
8
132
25
92
12
17
20
147
33
45
20
2
59
163
6
32
62
71
16
15
113
10
17
34
8
70
11
72
7
68
16
5
14
3
57
43
21
66
9
114
51
49
33
131
3
143
67
32
105
60
13
54
4
31
55
9
0
87
30
2
7
56
90
8
29
115
5
34
30
2
126
11
5
3
41
1
116
9
19
37
17
124
23
77
28
1
14
8
25
8
68
4
4
7
73
18
21
0
60
12
41
34
46
142
5
80
16
40
2
12
35
60
9
8
30
84
146
15
16
24
114
37
47
76
53
99
5
52
136
30
71
3
66
61
3
12
9
101
17
18
31
11
43
37
93
94
45
53
55
52
55
0
91
1
8
94
11
5
4
12
167
47
18
23
56
5
2
82
137
13
27
46
25
57
56
16
11
5
5
3
42
25
60
6
40
68
27
76
23
5
29
27
13
37
43
18
23
12
12
9
1
104
21
30
36
35
54
9
11
100
74
32
3
16
58
1
30
1
107
27
7
99
15
1
81
9
85
28
24
37
12
2
51
3
1
34
59
36
14
10
72
34
47
20
120
50
17
99
66
9
43
18
10
28
51
28
30
39
99
11
13
92
4
112
19
16
11
1
119
113
48
27
23
9
18
90
2
9
78
32
34
100
34
2
73
37
12
38
43
19
18
4
12
6
21
25
11
5
6
31
117
90
33
30
65
49
5
14
99
8
33
62
66
217
82
42
46
211
11
21
41
68
92
23
11
97
23
21
8
93
6
53
77
16
49
2
28
20
30
48
41
7
93
11
3
65
11
235
41
57
27
24
164
7
87
28
26
31
55
56
14
263
4
7
6
25
13
3
56
4
81
113
6
33
17
2
11
28
20
34
31
9
0
17
1
2
173
68
10
78
84
11
13
13
23
2
33
24
17
19
7
36
46
108
11
61
1
46
60
67
16
19
118
23
30
20
15
28
27
19
10
35
15
23
120
10
132
29
51
1
31
26
8
103
6
25
60
30
5
24
24
8
82
40
5
35
77
96
12
62
58
26
30
37
2
3
129
74
43
111
16
11
73
26
55
115
1
8
6
15
21
5
105
35
27
54
13
35
18
98
90
0
2
80
1
6
57
2
43
5
48
80
24
155
14
26
33
10
9
87
46
27
28
7
45
13
11
2
3
43
60
107
62
3
36
12
46
18
14
91
41
8
20
100
72
79
3
36
69
87
9
2
60
71
79
17
45
28
45
94
16
6
68
5
55
25
11
20
38
144
5
6
20
101
44
10
48
4
36
10
13
19
49
17
59
8
6
21
13
14
21
2
46
0
31
10
69
27
2
13
18
97
89
31
58
10
31
19
8
111
0
30
15
16
18
183
38
39
5
23
34
6
1
21
6
34
115
1
4
86
57
30
29
2
53
45
73
105
62
7
3
55
13
10
4
0
39
6
7
15
44
27
24
55
25
13
52
52
46
15
102
70
85
63
45
3
12
21
48
205
31
12
6
9
57
19
1
147
4
32
19
58
14
3
6
47
29
4
12
13
9
68
47
63
28
0
37
24
34
110
14
111
83
9
19
104
46
0
14
27
41
8
46
121
3
19
2
3
51
31
10
93
31
7
17
30
53
57
27
18
89
20
74
36
4
36
18
61
34
98
11
19
68
20
14
48
29
26
211
63
35
10
45
42
113
45
25
21
94
9
55
8
15
23
64
36
2
41
22
34
78
117
0
33
3
19
2
16
21
32
7
20
3
7
124
20
45
33
1
5
22
41
11
15
82
3
6
166
110
4
48
30
33
27
21
84
34
21
52
22
7
14
1
10
17
15
14
25
0
29
82
25
13
74
47
44
28
41
20
101
37
23
72
19
54
4
26
80
25
34
248
14
0
7
42
31
22
52
45
79
65
20
55
50
35
43
61
20
65
74
0
14
17
17
54
5
38
5
1
149
94
2
30
20
44
9
9
3
41
51
21
49
19
32
72
137
77
5
5
18
24
84
3
14
165
49
31
30
20
69
18
2
1
24
51
6
42
76
39
106
27
5
117
31
11
160
7
71
169
14
40
35
42
82
15
94
35
36
21
43
10
32
1
51
27
9
32
7
80
61
54
31
21
38
44
2
40
66
19
18
19
22
12
4
9
22
25
5
29
25
48
20
58
102
5
18
6
9
34
65
157
114
18
53
56
28
52
135
26
88
117
11
49
8
29
13
46
19
8
24
32
6
42
55
94
20
42
164
7
25
1
3
57
46
38
6
25
23
39
10
10
27
26
26
10
10
31
134
8
42
25
25
13
72
4
25
22
122
14
86
24
14
54
11
22
56
27
45
14
73
114
68
2
32
346
1
45
16
10
64
55
69
20
37
54
264
13
4
26
44
3
49
42
105
32
80
5
23
48
117
1
25
3
126
11
10
68
6
44
84
23
15
53
16
18
39
142
36
14
2
27
1
83
4
20
3
5
9
94
54
30
19
68
27
95
34
6
47
113
17
1
24
15
103
2
97
20
26
9
9
80
22
13
5
0
20
54
19
66
63
25
35
94
38
27
38
56
40
28
15
22
83
21
20
4
17
200
6
13
23
21
180
21
5
3
21
6
3
32
1
4
10
24
28
5
98
31
44
36
3
46
21
5
52
3
5
85
11
7
105
27
24
31
21
6
5
3
12
13
110
25
42
13
13
59
26
16
59
61
13
52
1
58
8
16
14
5
7
1
4
16
34
52
3
89
72
30
5
32
30
5
6
141
24
11
35
93
101
4
43
33
98
28
10
27
22
200
36
30
67
64
74
46
53
64
7
95
89
2
11
3
21
26
14
0
20
22
75
89
15
16
108
27
14
99
74
1
14
6
47
30
10
90
105
10
39
4
39
5
13
90
90
21
26
14
5
19
6
21
17
48
103
24
11
20
18
8
9
12
1
75
22
58
49
35
31
6
29
30
25
21
146
44
50
7
4
6
123
6
3
5
54
9
85
107
1
66
57
62
6
10
37
10
38
8
89
29
14
23
5
0
42
61
60
51
26
74
10
32
26
7
48
83
4
11
71
41
125
5
3
26
33
38
19
90
150
45
61
47
9
10
17
6
47
3
65
72
3
33
80
27
68
56
129
13
10
1
14
129
27
9
42
14
5
2
21
31
61
10
53
16
89
9
1
11
35
32
7
18
12
7
129
33
95
35
16
64
12
44
10
24
34
1
23
4
45
41
5
10
101
52
28
18
10
28
12
8
2
5
27
34
41
2
4
13
45
30
6
30
40
11
25
9
12
2
84
103
62
28
41
38
23
37
7
71
136
135
97
6
8
30
35
118
46
5
30
72
3
45
85
27
19
13
15
2
81
51
3
3
23
13
10
27
44
5
20
57
3
5
32
25
68
62
30
92
29
27
6
79
23
56
84
0
60
76
24
3
17
3
2
38
1
39
35
55
10
12
18
33
83
80
9
47
90
7
44
87
106
5
9
87
0
37
0
52
64
69
10
41
10
70
167
7
20
2
22
98
129
0
70
26
2
128
15
72
28
51
2
52
198
86
15
41
169
16
21
22
76
39
62
8
10
107
3
28
2
14
116
7
12
2
115
41
126
8
59
15
13
5
22
95
60
5
5
15
30
5
72
141
8
2
20
47
2
17
57
44
24
145
11
14
28
3
81
18
2
15
2
22
7
64
98
2
52
11
90
11
101
94
35
63
19
3
30
58
9
26
18
96
16
12
28
9
55
44
116
37
9
26
73
15
11
43
3
5
40
37
12
4
35
13
12
25
32
87
96
46
33
2
11
6
24
26
6
17
191
21
23
25
9
95
11
19
1
99
8
32
7
26
4
141
17
5
71
39
52
12
4
56
1
4
35
45
16
45
63
32
4
11
38
43
33
1
18
15
44
5
110
11
59
9
6
21
12
407
27
74
3
1
19
3
27
40
92
1
6
3
16
29
5
13
12
9
16
31
21
16
2
71
34
2
42
34
2
13
25
163
56
22
101
20
77
111
9
13
9
10
68
106
51
11
21
41
43
69
21
4
80
7
5
3
102
29
107
37
3
38
12
2
84
11
22
57
21
1
31
78
5
22
18
12
40
14
86
4
28
56
23
1
139
2
53
75
63
25
63
104
6
30
11
21
114
24
109
26
3
24
23
81
78
18
49
12
2
53
23
64
44
67
171
12
9
9
11
19
32
8
5
97
55
34
36
11
29
22
101
54
4
35
78
47
70
3
45
117
14
40
3
60
81
49
2
34
24
0
14
45
14
43
63
38
19
7
10
8
31
71
124
7
38
25
7
139
23
94
1
65
4
102
16
51
10
42
48
28
2
49
13
25
1
132
9
24
16
8
9
56
26
53
27
16
11
16
66
125
6
10
17
26
15
4
6
35
29
13
49
66
25
10
38
33
70
3
19
19
44
6
69
33
101
116
24
13
114
116
23
13
18
83
3
14
49
75
8
10
4
8
147
80
7
6
53
32
6
26
15
16
14
3
29
72
5
1
93
6
41
1
83
63
36
1
15
3
65
1
14
11
93
6
38
11
63
6
71
6
93
0
32
13
39
23
33
25
24
161
4
58
6
9
4
21
3
50
108
35
16
31
21
19
17
58
8
0
5
48
35
61
18
23
51
29
0
5
34
21
21
22
19
35
38
46
16
79
16
245
56
14
3
40
18
52
17
61
15
34
167
51
21
126
70
1
91
65
30
0
47
60
14
92
19
15
14
22
42
19
70
13
19
1
10
37
11
36
8
42
13
50
6
11
14
26
20
9
16
40
2
32
57
0
115
43
25
11
63
2
15
6
21
8
10
10
1
7
7
4
30
8
14
13
10
49
24
3
69
39
47
13
29
2
14
19
10
17
2
174
62
8
28
43
269
87
14
50
6
19
17
115
27
21
11
62
39
39
23
15
0
37
44
28
12
19
12
10
23
102
27
2
4
64
27
66
49
46
24
70
32
17
13
14
35
21
86
0
17
38
19
36
17
56
5
19
5
1
32
8
53
40
6
23
4
8
38
73
28
8
29
11
34
6
6
39
43
26
3
19
42
23
32
3
151
26
89
19
34
67
90
13
54
14
102
20
44
19
35
15
108
9
1
27
33
115
5
27
3
27
25
15
14
20
48
45
4
16
8
3
119
52
4
14
10
48
19
7
42
38
10
58
85
32
11
26
42
114
118
23
4
28
26
30
24
58
13
32
42
29
41
16
32
55
27
18
9
75
23
8
29
16
16
21
11
12
16
203
25
12
7
13
24
68
14
29
8
15
34
49
7
16
19
34
5
4
9
89
17
53
16
41
16
4
30
83
11
44
13
20
9
30
6
38
1
41
3
11
52
29
50
33
24
29
78
98
16
22
39
24
65
1
35
77
26
3
13
3
10
16
21
10
12
32
16
2
3
2
11
24
29
17
19
13
112
42
18
21
17
95
56
32
51
8
61
18
35
7
2
50
12
58
23
24
22
59
1
0
82
19
55
1
2
176
3
67
79
2
80
25
10
46
92
3
8
41
70
14
56
50
48
20
21
27
99
7
69
10
57
29
10
6
13
1
33
72
12
1
73
2
21
18
48
26
24
19
18
84
33
57
22
77
0
5
7
26
3
60
62
7
12
16
98
60
61
15
20
17
84
187
35
65
13
18
46
104
4
40
20
4
26
16
16
116
2
99
15
74
4
68
16
109
8
11
15
22
10
17
15
15
42
32
1
123
10
46
5
61
10
17
53
25
8
9
30
6
30
15
1
29
36
3
3
29
8
20
18
16
52
29
30
15
6
7
20
24
63
122
36
8
57
25
85
1
7
53
4
19
40
12
12
28
13
48
65
22
69
42
26
30
38
8
38
39
16
8
41
0
9
34
44
16
0
24
7
18
7
6
26
46
54
81
4
7
45
14
9
5
76
27
83
0
37
2
158
19
7
3
2
13
7
22
34
27
53
0
58
9
194
112
10
16
61
14
2
12
38
3
23
170
57
62
16
6
65
52
101
11
22
15
20
10
19
8
27
8
18
16
89
19
10
12
55
6
7
80
136
3
1
18
35
42
22
56
28
52
103
12
4
17
7
36
21
70
13
88
45
48
77
69
26
3
32
17
15
4
11
9
1
60
126
22
114
21
184
127
4
32
43
55
138
28
3
17
6
14
57
55
95
18
24
1
14
9
6
7
41
27
12
7
77
71
108
35
20
39
7
52
79
7
39
2
35
2
57
65
34
15
104
8
41
13
10
58
70
2
13
6
16
21
6
11
5
20
4
8
115
18
11
5
19
51
32
18
53
24
27
4
34
10
9
8
35
1
16
13
1
8
136
35
1
21
25
9
5
32
9
18
69
50
8
8
35
7
50
34
85
26
19
11
83
4
47
74
4
120
117
4
5
47
116
0
43
41
9
42
19
81
145
27
17
19
16
4
58
41
12
25
38
147
31
19
27
27
20
10
122
12
3
8
21
122
24
23
102
10
22
0
12
25
4
7
14
27
140
6
15
12
58
4
18
93
5
55
21
3
47
1
1
5
1
56
29
73
17
8
101
29
67
14
51
25
33
170
20
29
43
20
108
115
24
112
26
26
35
6
81
17
46
31
1
207
3
135
59
11
35
10
93
10
47
12
19
3
44
112
43
86
44
62
14
68
88
9
83
65
3
28
67
8
2
4
7
18
15
3
20
10
23
10
4
82
11
13
16
7
4
26
15
12
60
6
78
2
28
10
268
65
1
28
57
62
44
10
49
135
11
14
41
55
65
57
20
4
13
0
30
35
61
88
11
79
169
90
82
47
44
21
51
46
19
12
44
9
30
42
8
16
8
11
138
5
35
42
122
45
19
11
26
39
30
47
36
5
66
75
40
33
2
11
58
23
24
12
46
26
14
3
46
21
15
17
12
46
37
23
14
19
1
5
38
16
215
97
25
7
173
6
6
35
70
21
37
243
5
7
10
136
10
6
10
4
20
2
17
14
30
6
8
17
5
4
63
5
4
4
9
7
40
8
47
87
5
7
1
9
39
11
7
5
16
51
72
51
46
69
8
36
58
8
4
9
6
25
139
116
133
31
19
25
13
97
58
28
6
56
18
59
215
31
0
14
26
10
70
95
73
94
9
167
6
7
10
11
16
32
28
154
60
46
68
25
4
13
1
29
104
22
23
38
114
5
16
30
2
4
23
56
14
176
7
17
3
16
33
6
14
27
26
7
23
28
6
40
179
21
29
43
25
86
34
81
47
35
37
59
36
42
1
117
121
62
7
100
31
9
4
58
8
18
62
8
27
60
33
5
27
51
24
34
4
11
58
25
51
2
81
96
93
55
0
19
6
44
67
91
37
51
106
39
50
30
39
4
234
35
12
20
59
57
5
37
29
36
61
62
8
113
67
6
52
7
57
19
1
14
6
4
111
4
5
61
9
33
4
1
120
14
23
26
7
6
164
4
43
42
35
3
56
26
2
4
22
28
13
73
89
5
10
42
10
13
53
31
189
5
41
15
17
3
0
5
112
33
26
65
69
14
18
2
83
31
35
4
83
5
28
44
8
47
146
75
7
3
37
18
9
48
67
46
38
34
20
51
62
140
15
14
7
10
9
34
2
22
9
6
8
41
14
3
52
25
3
18
8
33
50
2
18
45
35
1
16
69
23
42
15
84
12
64
15
7
16
4
14
6
23
30
8
11
13
97
14
5
28
32
60
4
48
6
0
26
3
13
75
9
13
119
18
62
23
29
14
128
26
34
14
143
70
42
97
9
42
12
3
5
23
63
9
4
3
30
17
4
1
43
44
25
19
8
26
138
35
112
11
8
5
20
5
11
11
70
10
4
10
1
22
11
26
36
35
78
10
48
18
28
12
30
23
53
8
22
1
7
24
34
87
21
0
45
2
102
56
145
14
1
8
14
97
11
5
16
47
4
1
208
2
26
57
14
43
12
54
23
36
48
73
9
30
67
27
1
34
2
8
33
129
9
18
14
90
8
9
24
8
27
36
46
51
43
51
29
57
100
10
30
9
75
9
16
62
53
89
30
13
11
78
5
43
15
13
91
5
22
25
7
24
26
27
26
4
18
38
30
51
42
54
7
22
38
5
16
38
26
4
1
27
19
31
78
44
22
93
28
28
57
6
8
117
11
92
35
38
9
72
15
10
20
7
12
1
13
20
109
11
44
10
137
3
4
105
136
19
5
24
22
20
37
3
37
44
56
18
21
24
29
47
3
3
35
25
6
8
1
12
19
3
78
40
22
72
23
26
2
81
26
45
3
18
56
6
76
22
2
5
16
37
0
18
28
14
21
15
23
13
41
51
65
21
12
26
5
270
16
21
14
49
21
10
39
22
1
48
17
47
95
2
76
49
10
51
28
56
5
96
112
15
51
103
23
93
67
13
29
17
8
14
23
5
5
20
5
14
15
26
83
12
98
23
16
34
26
39
31
6
7
147
47
69
45
12
4
135
28
81
25
1
13
79
10
7
7
67
5
4
11
58
6
33
65
62
30
24
2
5
33
56
50
154
24
111
120
5
31
2
1
149
135
12
4
17
6
25
4
24
9
131
78
29
30
78
46
22
19
3
25
0
37
4
61
16
46
9
66
3
16
57
17
5
35
50
32
0
50
34
165
15
17
49
40
6
30
24
25
30
6
19
0
32
9
42
98
56
41
18
42
28
2
56
42
15
15
17
21
49
61
72
87
35
2
98
67
22
14
67
105
19
4
7
43
19
19
2
16
66
21
14
38
48
25
10
21
52
77
135
49
37
81
9
45
150
7
7
83
35
3
137
3
18
2
95
83
24
47
74
3
5
25
26
12
12
22
6
28
11
69
27
50
79
46
41
45
13
29
35
41
79
5
35
59
62
11
1
35
22
23
4
7
44
9
17
16
16
15
19
37
32
12
11
39
11
0
53
21
93
6
25
33
144
58
22
15
75
2
23
40
1
13
26
83
7
10
66
62
110
0
28
1
32
8
16
23
23
18
40
89
0
9
73
5
74
175
39
5
2
8
68
30
2
75
64
3
79
46
15
32
0
27
52
68
69
12
105
26
7
37
11
25
25
14
16
13
1
3
184
16
26
71
24
18
18
56
35
24
26
20
27
26
0
27
22
14
7
20
1
0
81
113
43
16
2
78
22
14
49
121
46
61
38
3
17
35
14
8
35
91
19
4
33
3
30
141
26
5
97
13
31
36
33
54
9
71
73
46
24
7
172
18
119
85
9
57
17
4
31
27
3
1
15
7
60
7
4
2
3
18
24
33
3
27
7
22
30
11
65
61
15
57
54
59
0
1
126
6
16
10
19
14
17
13
17
48
18
63
4
33
68
3
3
9
88
5
42
3
87
21
13
26
28
81
37
30
69
20
18
73
11
144
23
68
32
8
29
22
6
133
22
78
17
47
28
2
38
8
18
26
38
0
17
27
28
22
18
1
33
42
76
46
20
1
1
22
7
1
14
59
21
1
97
113
44
67
31
21
14
42
37
10
4
121
10
21
4
1
10
71
43
4
2
38
21
4
65
125
110
56
70
41
69
30
45
34
3
44
10
5
19
19
87
11
7
10
99
21
49
0
13
40
201
97
64
42
50
42
104
12
34
12
2
1
101
61
130
78
36
14
8
10
16
109
14
18
42
2
4
2
23
54
44
102
235
7
95
2
26
8
3
11
15
4
29
10
34
0
6
11
4
143
50
7
2
7
34
43
78
5
6
49
9
69
9
79
68
34
3
7
35
69
2
14
5
88
29
22
98
20
2
9
13
20
2
17
7
19
86
67
2
25
33
1
40
25
2
63
49
0
6
40
58
2
43
54
6
11
80
7
15
74
13
61
58
5
52
23
12
16
55
22
7
45
26
43
55
51
104
19
87
61
50
24
33
9
31
69
49
105
80
20
11
16
60
9
1
93
110
61
6
6
37
179
57
6
102
50
24
40
108
86
43
56
96
9
2
83
22
11
33
8
11
2
43
3
2
56
12
223
96
1
42
12
31
83
8
8
18
32
49
58
2
18
3
11
11
0
11
167
6
13
11
9
69
36
1
93
16
9
18
36
64
45
99
21
16
68
3
11
24
21
5
13
45
122
68
8
95
9
1
24
5
59
16
19
70
32
32
42
56
90
59
49
102
11
89
5
11
60
100
35
0
10
8
35
70
125
14
79
51
39
7
90
27
13
31
151
14
24
4
164
58
21
95
58
147
42
127
51
8
70
2
5
86
1
5
5
16
29
1
78
9
38
9
43
15
15
1
2
69
82
17
8
9
19
4
16
1
28
26
34
30
41
69
18
9
13
71
16
47
24
20
13
26
138
10
56
3
19
10
18
143
12
50
22
16
41
64
0
10
2
35
4
84
58
82
29
105
3
3
39
19
89
94
12
34
9
15
15
29
1
21
2
29
115
69
19
37
27
11
99
86
6
17
24
1
9
2
41
7
65
11
10
9
25
65
7
43
90
37
44
63
82
106
92
7
2
27
14
44
47
74
29
5
111
15
5
5
73
19
67
11
17
10
47
14
18
53
115
47
11
0
99
44
9
79
45
67
2
47
39
14
8
37
46
4
93
27
12
111
29
1
13
41
22
60
16
7
46
94
94
1
29
9
38
63
16
7
35
77
30
85
67
11
23
67
6
74
8
2
43
15
30
9
2
20
47
13
13
52
27
85
14
42
3
17
26
13
8
34
13
26
10
51
3
5
86
28
6
25
78
13
29
1
88
11
42
14
5
3
19
41
50
15
20
20
27
3
9
33
1
13
73
18
4
84
30
7
21
19
60
108
39
15
5
30
8
3
139
1
46
150
22
106
24
7
1
16
92
34
65
10
76
3
21
67
93
35
9
5
28
34
14
2
25
62
107
17
15
60
16
47
49
6
76
17
5
3
16
97
60
5
9
116
21
4
71
37
3
13
94
10
20
50
6
59
28
32
108
52
49
0
32
68
46
30
29
30
39
67
19
11
53
12
22
21
59
80
45
118
48
19
16
130
39
43
52
4
46
39
42
22
98
14
28
43
12
18
3
21
0
43
67
70
114
2
1
17
27
18
13
50
25
19
150
34
15
71
44
5
12
124
56
10
23
40
4
6
34
94
22
40
18
6
46
4
22
64
81
2
5
20
9
61
34
13
57
8
35
60
38
5
25
46
65
25
21
1
57
6
54
8
59
71
4
10
34
16
18
71
152
27
98
27
6
77
163
28
5
75
4
15
7
52
49
70
34
99
15
42
3
11
32
40
48
15
2
16
8
4
141
29
32
16
12
39
4
30
20
9
76
21
32
40
5
36
19
79
9
44
1
48
15
49
31
15
3
22
40
78
166
45
19
31
147
28
141
14
29
10
56
25
163
19
1
35
34
100
10
19
18
3
14
0
112
87
6
25
21
1
8
108
23
145
26
28
27
10
21
101
41
8
32
42
41
31
10
33
32
17
12
13
3
14
35
16
13
104
8
10
41
2
78
19
62
76
47
37
63
5
9
40
1
8
40
25
29
43
31
23
38
93
83
4
32
25
69
4
12
1
35
27
107
68
48
93
88
91
1
42
21
48
16
74
13
38
34
53
46
6
11
47
26
9
19
20
10
58
67
75
41
13
30
72
41
113
48
45
60
18
209
70
53
8
12
84
4
2
35
59
1
2
3
4
114
23
16
12
90
22
3
41
38
38
45
161
25
59
31
2
