1	1	2.08413
1	2	2.09218
1	3	1.70421
1	4	1.98441
1	5	1.92099
1	6	2.09871
1	7	2.11139
1	8	2.03052
1	9	2.11626
1	10	1.7088
1	11	1.95468
1	12	1.6465
1	13	1.82558
1	14	1.57368
1	15	1.62798
1	16	2.23849
1	17	1.70856
1	18	1.79721
1	19	2.05251
1	20	1.9773
1	21	1.94359
1	22	1.96072
1	23	1.75322
1	24	1.68265
1	25	2.06803
1	26	1.68999
1	27	1.591
1	28	1.60498
1	29	2.00482
1	30	1.52394
1	31	1.52859
1	32	1.9169
1	33	1.77437
1	34	1.67888
1	35	1.78798
1	36	1.75158
1	37	1.70173
1	38	1.88593
1	39	2.0907
1	40	1.82679
1	41	1.62279
1	42	1.812
1	43	1.96938
1	44	1.78039
1	45	1.72115
1	46	1.56607
2	1	2.08413
2	2	2.09218
2	3	1.70421
2	4	1.98441
2	5	1.92099
2	6	2.09871
2	7	1.3862
2	8	1.30078
2	9	1.47812
2	10	1.1182
2	11	1.44718
2	12	1.2621
2	13	1.52085
2	14	1.38362
2	15	1.50657
2	16	2.2434
2	17	1.70364
2	18	1.8124
2	19	2.07079
2	20	1.99238
2	21	1.94428
2	22	1.96882
2	23	1.74861
2	24	1.1304
2	25	1.5002
2	26	1.32217
2	27	1.32832
2	28	1.29154
2	29	1.6514
2	30	1.3306
2	31	1.34697
2	32	1.8322
2	33	1.69945
2	34	1.65172
2	35	1.79678
2	36	1.71557
2	37	1.71191
2	38	1.89676
2	39	2.09002
2	40	1.83571
2	41	1.6318
2	42	1.40632
2	43	1.53922
2	44	1.37682
2	45	1.41037
2	46	1.28327
3	1	1.27201
3	2	1.37538
3	3	1.01392
3	4	1.25963
3	5	1.1833
3	6	1.43541
3	7	1.3862
3	8	1.30078
3	9	1.47812
3	10	1.12963
3	11	1.44601
3	12	1.24998
3	13	1.44433
3	14	1.21132
3	15	1.31268
3	16	1.7377
3	17	1.19467
3	18	1.18767
3	19	1.45882
3	20	1.36526
3	21	1.1339
3	22	1.2645
3	23	1.2253
3	24	1.13284
3	25	1.50227
3	26	1.28807
3	27	1.2474
3	28	1.22225
3	29	1.62299
3	30	1.1679
3	31	1.20562
3	32	1.5864
3	33	1.35395
3	34	1.25913
3	35	1.31279
3	36	1.34535
3	37	1.19849
3	38	1.34127
3	39	1.51969
3	40	1.28606
3	41	1.16933
3	42	1.40407
3	43	1.516
3	44	1.34233
3	45	1.34665
3	46	1.19879
4	1	1.27201
4	2	1.37538
4	3	1.02972
4	4	1.2687
4	5	1.1942
4	6	1.44084
4	7	1.40015
4	8	1.31736
4	9	1.49449
4	10	1.12963
4	11	1.44601
4	12	1.26354
4	13	1.4585
4	14	1.22031
4	15	1.31761
4	16	1.73554
4	17	1.20471
4	18	1.19828
4	19	1.46581
4	20	1.37712
4	21	1.14356
4	22	1.27478
4	23	1.22698
4	24	1.14195
4	25	1.50337
4	26	1.29552
4	27	1.24849
4	28	1.23002
4	29	1.63399
4	30	1.18202
4	31	1.22214
4	32	1.58187
4	33	1.36555
4	34	1.26735
4	35	1.31207
4	36	1.35373
4	37	1.20373
4	38	1.34357
4	39	1.53086
4	40	1.28612
4	41	1.17364
4	42	1.41829
4	43	1.51783
4	44	1.35234
4	45	1.35688
4	46	1.2043
5	1	1.29069
5	2	1.39561
5	3	1.02972
5	4	1.2687
5	5	1.1942
5	6	1.3394
5	7	1.3926
5	8	1.32448
5	9	1.49024
5	10	1.13389
5	11	1.46122
5	12	1.26354
5	13	1.46344
5	14	1.21389
5	15	1.30579
5	16	1.70801
5	17	1.21625
5	18	1.2087
5	19	1.47213
5	20	1.35934
5	21	1.11307
5	22	1.28348
5	23	1.22006
5	24	1.1484
5	25	1.49154
5	26	1.30447
5	27	1.25755
5	28	1.2284
5	29	1.65266
5	30	1.14656
5	31	1.20772
5	32	1.56092
5	33	1.35152
5	34	1.27425
5	35	1.29428
5	36	1.35567
5	37	1.20059
5	38	1.33652
5	39	1.5118
5	40	1.26055
5	41	1.17065
5	42	1.41106
5	43	1.52051
5	44	1.3531
5	45	1.35495
5	46	1.21676
6	1	1.29069
6	2	1.41425
6	3	1.02531
6	4	1.27826
6	5	1.17559
6	6	1.3394
6	7	1.3926
6	8	1.33927
6	9	1.50395
6	10	1.14766
6	11	1.47396
6	12	1.23055
6	13	1.46344
6	14	1.22684
6	15	1.3119
6	16	1.7218
6	17	1.22132
6	18	1.21196
6	19	1.42613
6	20	1.37082
6	21	1.12083
6	22	1.29446
6	23	1.22301
6	24	1.15621
6	25	1.49344
6	26	1.26595
6	27	1.26538
6	28	1.23701
6	29	1.6645
6	30	1.15468
6	31	1.21513
6	32	1.53572
6	33	1.3504
6	34	1.27578
6	35	1.29793
6	36	1.35905
6	37	1.20811
6	38	1.34565
6	39	1.52602
6	40	1.25609
6	41	1.17794
6	42	1.4142
6	43	1.52674
6	44	1.35457
6	45	1.33294
6	46	1.21974
7	1	1.31372
7	2	1.41425
7	3	1.02531
7	4	1.29326
7	5	1.19042
7	6	1.3545
7	7	1.41125
7	8	1.33927
7	9	1.52004
7	10	1.15331
7	11	1.48867
7	12	1.236
7	13	1.47969
7	14	1.23809
7	15	1.32563
7	16	1.72452
7	17	1.2333
7	18	1.2226
7	19	1.43202
7	20	1.38222
7	21	1.13082
7	22	1.30549
7	23	1.23204
7	24	1.16482
7	25	1.49923
7	26	1.27459
7	27	1.27295
7	28	1.24623
7	29	1.67509
7	30	1.1611
7	31	1.23099
7	32	1.54267
7	33	1.3592
7	34	1.28316
7	35	1.30798
7	36	1.36729
7	37	1.22282
7	38	1.34312
7	39	1.53149
7	40	1.26095
7	41	1.18946
7	42	1.429
7	43	1.533
7	44	1.36125
7	45	1.34766
7	46	1.22818
8	1	1.2553
8	2	1.43251
8	3	1.04
8	4	1.29326
8	5	1.19042
8	6	1.36997
8	7	1.43
8	8	1.35101
8	9	1.52004
8	10	1.16546
8	11	1.50399
8	12	1.24941
8	13	1.4866
8	14	1.23809
8	15	1.339
8	16	1.72998
8	17	1.24031
8	18	1.22735
8	19	1.44557
8	20	1.39483
8	21	1.14003
8	22	1.30197
8	23	1.23788
8	24	1.18092
8	25	1.50401
8	26	1.28465
8	27	1.26429
8	28	1.2516
8	29	1.67798
8	30	1.16646
8	31	1.23955
8	32	1.55278
8	33	1.34392
8	34	1.29284
8	35	1.31282
8	36	1.37612
8	37	1.22845
8	38	1.35835
8	39	1.52409
8	40	1.26861
8	41	1.19569
8	42	1.40772
8	43	1.53392
8	44	1.35452
8	45	1.35512
8	46	1.23934
9	1	1.2553
9	2	1.43251
9	3	1.05369
9	4	1.30232
9	5	1.19735
9	6	1.36997
9	7	1.43998
9	8	1.36579
9	9	1.50102
9	10	1.16546
9	11	1.50695
9	12	1.24792
9	13	1.49635
9	14	1.22039
9	15	1.35224
9	16	1.71902
9	17	1.25281
9	18	1.19798
9	19	1.45414
9	20	1.4015
9	21	1.14788
9	22	1.28455
9	23	1.24296
9	24	1.18733
9	25	1.4744
9	26	1.26817
9	27	1.28335
9	28	1.26127
9	29	1.67028
9	30	1.15141
9	31	1.21381
9	32	1.57132
9	33	1.34535
9	34	1.27144
9	35	1.29258
9	36	1.39097
9	37	1.23539
9	38	1.33972
9	39	1.486
9	40	1.27876
9	41	1.20973
9	42	1.395
9	43	1.45166
9	44	1.35667
9	45	1.36676
9	46	1.23826
10	1	1.23455
10	2	1.45031
10	3	1.05369
10	4	1.31908
10	5	1.20434
10	6	1.38919
10	7	1.43998
10	8	1.3749
10	9	1.47199
10	10	1.17975
10	11	1.50695
10	12	1.24781
10	13	1.48776
10	14	1.22465
10	15	1.36318
10	16	1.72303
10	17	1.265
10	18	1.20393
10	19	1.44958
10	20	1.40762
10	21	1.15711
10	22	1.28913
10	23	1.24105
10	24	1.17857
10	25	1.48431
10	26	1.27864
10	27	1.26854
10	28	1.26957
10	29	1.68222
10	30	1.16234
10	31	1.21252
10	32	1.57948
10	33	1.35047
10	34	1.28167
10	35	1.2866
10	36	1.39946
10	37	1.24551
10	38	1.32403
10	39	1.48703
10	40	1.28651
10	41	1.22034
10	42	1.4044
10	43	1.45938
10	44	1.3621
10	45	1.37583
10	46	1.22822
11	1	1.23455
11	2	1.46134
11	3	1.06829
11	4	1.31908
11	5	1.2001
11	6	1.34719
11	7	1.45402
11	8	1.3749
11	9	1.41805
11	10	1.19397
11	11	1.5253
11	12	1.20824
11	13	1.4693
11	14	1.23701
11	15	1.32487
11	16	1.67087
11	17	1.27176
11	18	1.21019
11	19	1.39357
11	20	1.41239
11	21	1.16539
11	22	1.2601
11	23	1.19236
11	24	1.17521
11	25	1.43721
11	26	1.28368
11	27	1.2421
11	28	1.27899
11	29	1.65905
11	30	1.15688
11	31	1.20139
11	32	1.54314
11	33	1.34263
11	34	1.27513
11	35	1.24488
11	36	1.37129
11	37	1.24295
11	38	1.32335
11	39	1.48378
11	40	1.2832
11	41	1.21489
11	42	1.40453
11	43	1.44064
11	44	1.3447
11	45	1.31298
11	46	1.2173
12	1	1.25264
12	2	1.46134
12	3	1.08043
12	4	1.33912
12	5	1.2001
12	6	1.34301
12	7	1.4746
12	8	1.38255
12	9	1.43281
12	10	1.20888
12	11	1.54269
12	12	1.21264
12	13	1.48233
12	14	1.25073
12	15	1.32487
12	16	1.66135
12	17	1.28498
12	18	1.20352
12	19	1.37155
12	20	1.42162
12	21	1.17341
12	22	1.25896
12	23	1.19191
12	24	1.18534
12	25	1.42359
12	26	1.28892
12	27	1.24815
12	28	1.24627
12	29	1.67048
12	30	1.16414
12	31	1.19162
12	32	1.53176
12	33	1.3516
12	34	1.27851
12	35	1.22669
12	36	1.37071
12	37	1.25111
12	38	1.31152
12	39	1.49143
12	40	1.28894
12	41	1.21613
12	42	1.40799
12	43	1.45141
12	44	1.34048
12	45	1.30116
12	46	1.22825
13	1	1.25264
13	2	1.47246
13	3	1.08043
13	4	1.3551
13	5	1.21857
13	6	1.34301
13	7	1.4848
13	8	1.38473
13	9	1.43281
13	10	1.18896
13	11	1.54183
13	12	1.21264
13	13	1.48082
13	14	1.26156
13	15	1.32066
13	16	1.65073
13	17	1.29386
13	18	1.19513
13	19	1.36111
13	20	1.43251
13	21	1.17983
13	22	1.24848
13	23	1.20199
13	24	1.18246
13	25	1.43025
13	26	1.29971
13	27	1.26069
13	28	1.25093
13	29	1.68361
13	30	1.16238
13	31	1.19664
13	32	1.5431
13	33	1.34951
13	34	1.28559
13	35	1.2221
13	36	1.3744
13	37	1.25846
13	38	1.32664
13	39	1.4636
13	40	1.29694
13	41	1.20878
13	42	1.39598
13	43	1.45243
13	44	1.34906
13	45	1.30116
13	46	1.23366
14	1	1.2691
14	2	1.47246
14	3	1.09659
14	4	1.3551
14	5	1.23284
14	6	1.36357
14	7	1.4848
14	8	1.40445
14	9	1.45242
14	10	1.18896
14	11	1.52988
14	12	1.22559
14	13	1.49808
14	14	1.27556
14	15	1.32847
14	16	1.6478
14	17	1.30723
14	18	1.20515
14	19	1.35154
14	20	1.44159
14	21	1.17068
14	22	1.25818
14	23	1.19386
14	24	1.1839
14	25	1.43986
14	26	1.31198
14	27	1.27023
14	28	1.26105
14	29	1.69263
14	30	1.16961
14	31	1.21243
14	32	1.55578
14	33	1.35615
14	34	1.29446
14	35	1.22938
14	36	1.38104
14	37	1.24763
14	38	1.334
14	39	1.48049
14	40	1.26479
14	41	1.21334
14	42	1.38556
14	43	1.46888
14	44	1.35604
14	45	1.30684
14	46	1.23793
15	1	1.20629
15	2	1.48485
15	3	1.09659
15	4	1.35224
15	5	1.23284
15	6	1.36828
15	7	1.50616
15	8	1.40445
15	9	1.47253
15	10	1.20148
15	11	1.54892
15	12	1.24082
15	13	1.44052
15	14	1.29043
15	15	1.34166
15	16	1.65671
15	17	1.32124
15	18	1.17864
15	19	1.36259
15	20	1.45391
15	21	1.1805
15	22	1.26695
15	23	1.16486
15	24	1.19382
15	25	1.45249
15	26	1.32071
15	27	1.28048
15	28	1.26144
15	29	1.6984
15	30	1.17754
15	31	1.21962
15	32	1.55102
15	33	1.36191
15	34	1.30193
15	35	1.2124
15	36	1.39066
15	37	1.24901
15	38	1.34629
15	39	1.48968
15	40	1.23919
15	41	1.22665
15	42	1.37924
15	43	1.48587
15	44	1.37101
15	45	1.29554
15	46	1.23285
16	1	1.20629
16	2	1.48617
16	3	1.085
16	4	1.35224
16	5	1.18026
16	6	1.36828
16	7	1.4785
16	8	1.3267
16	9	1.44653
16	10	1.16237
16	11	1.54481
16	12	1.23274
16	13	1.44052
16	14	1.26184
16	15	1.25886
16	16	1.66564
16	17	1.28367
16	18	1.19094
16	19	1.35217
16	20	1.41651
16	21	1.1468
16	22	1.17006
16	23	1.17224
16	24	1.17327
16	25	1.43888
16	26	1.31853
16	27	1.26151
16	28	1.27171
16	29	1.62787
16	30	1.13782
16	31	1.20731
16	32	1.50621
16	33	1.33585
16	34	1.28488
16	35	1.21665
16	36	1.35494
16	37	1.22404
16	38	1.34242
16	39	1.48186
16	40	1.24539
16	41	1.20738
16	42	1.37219
16	43	1.45649
16	44	1.34612
16	45	1.27485
16	46	1.22461
17	1	1.22865
17	2	1.48617
17	3	1.1015
17	4	1.37444
17	5	1.1992
17	6	1.38722
17	7	1.48672
17	8	1.34138
17	9	1.44653
17	10	1.17797
17	11	1.54481
17	12	1.24854
17	13	1.45783
17	14	1.26919
17	15	1.25744
17	16	1.6845
17	17	1.29187
17	18	1.2028
17	19	1.36574
17	20	1.44003
17	21	1.15815
17	22	1.18119
17	23	1.17496
17	24	1.18402
17	25	1.44757
17	26	1.33006
17	27	1.25283
17	28	1.28021
17	29	1.65034
17	30	1.14467
17	31	1.22056
17	32	1.50163
17	33	1.35017
17	34	1.29115
17	35	1.23191
17	36	1.37158
17	37	1.23227
17	38	1.34206
17	39	1.47677
17	40	1.25434
17	41	1.20238
17	42	1.35004
17	43	1.46534
17	44	1.36038
17	45	1.27627
17	46	1.23701
18	1	1.22865
18	2	1.43799
18	3	1.1015
18	4	1.36822
18	5	1.1992
18	6	1.36856
18	7	1.48672
18	8	1.3071
18	9	1.44597
18	10	1.14912
18	11	1.53316
18	12	1.22372
18	13	1.45874
18	14	1.24508
18	15	1.2661
18	16	1.63172
18	17	1.30587
18	18	1.17446
18	19	1.37841
18	20	1.39966
18	21	1.13927
18	22	1.14852
18	23	1.18335
18	24	1.159
18	25	1.44508
18	26	1.31805
18	27	1.26325
18	28	1.27076
18	29	1.66267
18	30	1.10461
18	31	1.21949
18	32	1.48397
18	33	1.34937
18	34	1.2803
18	35	1.23646
18	36	1.34702
18	37	1.23417
18	38	1.34879
18	39	1.48515
18	40	1.24902
18	41	1.19498
18	42	1.35505
18	43	1.44856
18	44	1.35889
18	45	1.27756
18	46	1.23723
19	1	1.04937
19	2	1.43799
19	3	0.973374
19	4	1.36822
19	5	1.08498
19	6	1.36856
19	7	1.40159
19	9	1.34111
19	10	1.08394
19	11	1.4446
19	12	1.1864
19	13	1.39216
19	14	1.17612
19	15	1.2223
19	16	1.60728
19	17	1.23103
19	18	1.11917
19	19	1.28267
19	20	1.36765
19	21	1.10843
19	22	1.1102
19	23	1.14609
19	24	1.12062
19	25	1.4075
19	26	1.28752
19	27	1.18796
19	28	1.24805
19	29	1.60228
19	30	1.09781
19	31	1.16633
19	32	1.48282
19	33	1.31651
19	34	1.2624
19	35	1.16775
19	36	1.33626
19	37	1.19032
19	38	1.30687
19	39	1.43728
19	40	1.23464
19	41	1.17064
19	42	1.31986
19	43	1.42973
19	44	1.35272
19	45	1.25792
19	46	1.21052
20	1	1.04937
20	10	1.08394
20	12	1.1864
20	17	1.17154
20	19	1.26123
20	21	1.10043
20	23	1.10854
20	41	1.13421
