1	2	67.4323
1	3	75.5615
1	4	72.502
1	5	80.1427
1	6	77.4424
1	7	81.709
1	8	78.9687
1	9	83.9951
1	10	81.6588
1	11	87.1159
1	12	84.4637
1	13	82.071
1	14	87.8697
1	15	85.5534
1	16	90.6517
1	17	88.5418
1	18	85.8932
1	19	92.6146
1	20	90.4623
1	21	88.4589
1	22	99.2871
1	23	2.0649
1	24	1.7843
1	25	1.77657
1	26	1.87833
1	27	1.88299
1	28	1.64686
1	29	1.80604
1	30	2.23515
1	31	1.93307
1	32	1.88761
1	33	2.11614
1	34	2.28805
1	35	1.84114
1	36	1.99221
1	37	2.09799
1	38	2.5312
1	39	2.26953
1	40	2.23467
1	41	2.45245
1	42	2.4002
1	43	2.83591
1	44	2.28477
1	45	2.80596
1	46	2.85847
1	47	2.64575
1	48	2.98707
1	49	2.71323
1	50	3.31467
1	51	3.11987
1	52	3.12433
1	53	3.53567
1	54	3.56787
1	55	3.88964
1	56	3.94525
1	57	3.9622
1	58	4.5818
1	59	4.43401
1	60	4.31336
1	61	5.27749
1	62	5.22913
1	63	5.27418
1	64	5.07104
1	65	6.20418
1	66	6.14691
1	67	5.68036
1	68	6.73071
1	69	6.64585
1	70	6.44261
1	71	6.09508
1	72	7.84804
1	73	7.42719
1	74	7.18802
1	75	9.14027
1	76	9.02745
1	77	8.95848
1	78	8.67025
1	79	10.7297
1	80	10.6658
1	81	10.2971
1	82	9.79969
1	83	11.229
1	84	11.2423
1	85	10.9103
1	86	10.7606
1	87	10.4306
1	88	12.2046
1	89	11.7201
1	90	11.618
1	91	11.368
1	92	13.1231
1	93	12.8789
1	94	12.7395
1	95	12.5166
1	96	12.6158
1	97	14.3304
1	98	14.0816
1	99	13.9898
1	100	13.5603
2	1	0.919496
2	2	0.803735
2	3	1.18649
2	4	1.10805
2	5	0.969857
2	6	0.978801
2	7	1.18715
2	8	1.11657
2	9	0.876254
2	10	1.25763
2	11	1.0259
2	12	0.859135
2	13	1.09415
2	14	1.05795
2	15	1.23767
2	16	1.06047
2	17	1.22319
2	18	1.11203
2	19	0.908132
2	20	1.12325
2	21	1.3471
2	22	1.10659
2	23	1.42304
2	24	1.19145
2	25	1.19437
2	26	1.30429
2	27	1.35757
2	28	1.15465
2	29	1.31918
2	30	1.81488
2	31	1.51587
2	32	1.48492
2	33	1.71364
2	34	1.92665
2	35	1.51193
2	36	1.64377
2	37	1.74986
2	38	2.23379
2	39	1.97494
2	40	1.99067
2	41	2.18383
2	42	2.14024
2	43	2.60927
2	44	2.07641
2	45	2.61125
2	46	2.66295
2	47	2.44116
2	48	2.83879
2	49	2.55406
2	50	3.20065
2	51	3.00459
2	52	3.00984
2	53	3.46149
2	54	3.48726
2	55	3.85074
2	56	3.89429
2	57	3.91313
2	58	4.5557
2	59	4.40458
2	60	4.28479
2	61	5.27105
2	62	5.22271
2	63	5.26386
2	64	5.05907
2	65	6.20236
2	66	6.14537
2	67	5.67834
2	69	6.64595
2	70	6.44274
2	71	6.09515
2	72	7.8484
2	73	7.42753
2	74	7.18835
2	75	9.14074
2	76	9.02794
2	77	8.95893
2	78	8.6707
2	79	10.7302
2	80	10.6662
2	81	1.88652
2	82	1.5927
2	83	1.66416
2	84	1.91376
2	85	1.82619
2	86	1.93253
2	87	1.82632
2	88	1.85815
2	89	1.61573
2	90	1.76214
2	91	1.7378
2	92	1.5589
2	93	1.59679
2	94	1.70793
2	95	1.79565
2	96	2.14558
2	97	1.79205
2	98	1.81288
2	99	1.99192
2	100	1.80242
3	1	0.919496
3	2	0.803735
3	3	1.18649
3	4	1.10805
3	5	0.969857
3	6	0.978801
3	7	1.18715
3	8	1.11657
3	9	0.876254
3	10	1.25763
3	11	1.0259
3	12	0.859135
3	13	1.09415
3	14	1.05795
3	15	1.23767
3	16	1.06047
3	17	1.22319
3	18	1.11203
3	19	0.908132
3	20	1.12325
3	21	1.3471
3	22	1.10659
3	23	1.42304
3	24	1.19145
3	25	1.19437
3	26	1.30429
3	27	1.35757
3	28	1.15465
3	29	1.31918
3	30	1.81488
3	31	1.51587
3	32	1.48492
3	33	1.71364
3	34	1.14639
3	35	0.859054
3	36	0.887513
3	37	1.09642
3	38	1.27262
3	39	1.13761
3	40	0.894289
3	41	1.17665
3	42	1.26244
3	43	1.3567
3	44	0.970783
3	45	1.11364
3	46	1.3017
3	47	1.1889
3	48	1.20961
3	49	1.05143
3	50	1.15618
3	51	1.12164
3	52	1.27477
3	53	1.03704
3	54	1.21803
3	55	0.934704
3	56	1.08735
3	57	1.28834
3	58	1.11201
3	59	1.13237
3	60	1.18944
3	61	0.968973
3	62	1.09069
3	63	1.31667
3	64	1.27869
3	65	1.34388
3	66	1.49445
3	67	1.20537
3	68	1.03285
3	69	1.15576
3	70	1.18248
3	71	0.982988
3	72	1.31365
3	73	1.12719
3	74	1.07823
3	75	1.03184
3	76	1.16259
3	77	1.38484
3	78	1.30707
3	79	1.17956
3	80	1.3868
3	81	1.27827
3	82	1.0092
3	83	1.05562
3	84	1.3303
3	85	1.26157
3	86	1.39027
3	87	1.30636
3	88	1.315
3	89	1.09996
3	90	1.26335
3	91	1.26243
3	92	1.08101
3	93	1.1129
3	94	1.24784
3	95	1.37151
3	96	1.71695
3	97	1.31103
3	98	1.35578
3	99	1.57737
3	100	1.40002
4	1	0.919496
4	2	0.803735
4	3	1.18649
4	4	1.10805
4	5	0.969857
4	6	0.978801
4	7	1.18715
4	8	1.11657
4	9	0.876254
4	10	1.25543
4	11	1.02787
4	12	0.870418
4	13	1.09781
4	14	1.05736
4	15	1.20165
4	16	1.02904
4	17	1.2215
4	18	1.06945
4	19	0.822912
4	20	1.09147
4	21	1.24677
4	22	0.982414
4	23	1.36442
4	24	1.0584
4	25	0.983959
4	26	1.16331
4	27	1.06976
4	28	0.947713
4	29	1.03232
4	30	1.2578
4	31	1.0532
4	32	0.920713
4	33	1.24099
4	34	1.14639
4	35	0.859054
4	36	0.887513
4	37	1.09642
4	38	1.27262
4	39	1.13761
4	40	0.894289
4	41	1.17665
4	42	1.26244
4	43	1.3567
4	44	0.970783
4	45	1.11364
4	46	1.3017
4	47	1.1889
4	48	1.20961
4	49	1.05143
4	50	1.15618
4	51	1.12164
4	52	1.27477
4	53	1.03704
4	54	1.21803
4	55	0.934704
4	56	1.08735
4	57	1.28834
4	58	1.11201
4	59	1.13237
4	60	1.18944
4	61	0.968973
4	62	1.05597
4	63	1.26502
4	64	1.28498
4	65	1.28882
4	66	1.49554
4	67	1.19504
4	68	1.02354
4	69	1.13678
4	70	1.18941
4	71	0.985225
4	72	1.24847
4	73	1.12773
4	74	1.07162
4	75	1.02508
4	76	1.14888
4	77	1.35689
4	78	1.31609
4	79	1.14567
4	80	1.39635
4	81	1.28678
4	82	1.01361
4	83	1.0616
4	84	1.33929
4	85	1.2694
4	86	1.36729
4	87	1.2936
4	88	1.32366
4	89	1.06426
4	90	1.24242
4	91	1.25047
4	92	1.04122
4	93	1.08139
4	94	1.2296
4	95	1.22104
4	96	1.5896
4	97	1.25578
4	98	1.31664
4	99	1.42829
4	100	1.27141
5	1	0.926705
5	2	0.815912
5	3	1.19867
5	4	1.1234
5	5	0.969924
5	6	0.992776
5	7	1.20371
5	8	1.12561
5	9	0.882884
5	10	1.25543
5	11	1.02787
5	12	0.870418
5	13	1.09781
5	14	1.05736
5	15	1.20165
5	16	1.02904
5	17	1.2215
5	18	1.06945
5	19	0.822912
5	20	1.09147
5	21	1.24677
5	22	0.982414
5	23	1.36442
5	24	1.0584
5	25	0.983959
5	26	1.16331
5	27	1.06976
5	28	0.947713
5	29	1.03232
5	30	1.2578
5	31	1.0532
5	32	0.920713
5	33	1.24099
5	34	1.14639
5	35	0.859054
5	36	0.887513
5	37	1.1011
5	38	1.2776
5	39	1.14756
5	40	0.900259
5	41	1.17822
5	42	1.27402
5	43	1.33524
5	44	0.978188
5	45	1.12056
5	46	1.29854
5	47	1.19873
5	48	1.22023
5	49	1.05894
5	50	1.16206
5	51	1.11431
5	52	1.28581
5	53	0.999091
5	54	1.22266
5	55	0.931463
5	56	1.07903
5	57	1.29902
5	58	1.08172
5	59	1.13737
5	60	1.18555
5	61	0.94583
5	62	1.05597
5	63	1.26502
5	64	1.28498
5	65	1.28882
5	66	1.49554
5	67	1.19504
5	68	1.02354
5	69	1.13678
5	70	1.18941
5	71	0.985225
5	72	1.24847
5	73	1.12773
5	74	1.07162
5	75	1.02508
5	76	1.14888
5	77	1.35689
5	78	1.31609
5	79	1.14567
5	80	1.39389
5	81	1.29032
5	82	1.0194
5	83	1.06884
5	84	1.34785
5	85	1.25869
5	86	1.37075
5	87	1.28927
5	88	1.33103
5	89	1.04494
5	90	1.24996
5	91	1.25522
5	92	1.04264
5	93	1.07921
5	94	1.21944
5	95	1.19911
5	96	1.55908
5	97	1.26242
5	98	1.3194
5	99	1.37488
5	100	1.27051
6	1	0.926705
6	2	0.815912
6	3	1.19867
6	4	1.1234
6	5	0.969924
6	6	0.992776
6	7	1.20371
6	8	1.12561
6	9	0.882884
6	10	1.25543
6	11	1.02787
6	12	0.870418
6	13	1.09781
6	14	1.05736
6	15	1.20165
6	16	1.02904
6	17	1.2215
6	18	1.06945
6	19	0.822912
6	20	1.10233
6	21	1.25961
6	22	0.993758
6	23	1.36748
6	24	1.06917
6	25	0.994975
6	26	1.14841
6	27	1.07434
6	28	0.957843
6	29	1.04353
6	30	1.26635
6	31	1.06158
6	32	0.930405
6	33	1.24822
6	34	1.14969
6	35	0.867112
6	36	0.896448
6	37	1.1011
6	38	1.2776
6	39	1.14756
6	40	0.900259
6	41	1.17822
6	42	1.27402
6	43	1.33524
6	44	0.978188
6	45	1.12056
6	46	1.29854
6	47	1.19873
6	48	1.22023
6	49	1.05894
6	50	1.16206
6	51	1.11431
6	52	1.28581
6	53	0.999091
6	54	1.22266
6	55	0.931463
6	56	1.08161
6	57	1.30472
6	58	1.07419
6	59	1.14249
6	60	1.19035
6	61	0.947964
6	62	1.06351
6	63	1.23288
6	64	1.29448
6	65	1.28543
6	66	1.49648
6	67	1.20123
6	68	1.02656
6	69	1.1449
6	70	1.19651
6	71	0.992546
6	72	1.23323
6	73	1.11459
6	74	1.06854
6	75	1.02485
6	76	1.15476
6	77	1.32385
6	78	1.32542
6	79	1.13408
6	80	1.39389
6	81	1.29032
6	82	1.0194
6	83	1.06884
6	84	1.34785
6	85	1.25869
6	86	1.37075
6	87	1.28927
6	88	1.33103
6	89	1.04494
6	90	1.24996
6	91	1.26337
6	92	1.04942
6	93	1.08571
6	94	1.19907
6	95	1.20608
6	96	1.54482
6	97	1.26949
6	98	1.31329
6	99	1.37592
6	100	1.26932
7	1	0.926705
7	2	0.815912
7	3	1.19867
7	4	1.1234
7	5	0.969924
7	6	0.992776
7	7	1.20912
7	8	1.13744
7	9	0.889443
7	10	1.24466
7	11	1.03594
7	12	0.881913
7	13	1.11067
7	14	1.05528
7	15	1.18723
7	16	1.04187
7	17	1.22366
7	18	1.0802
7	19	0.832846
7	20	1.10233
7	21	1.25961
7	22	0.993758
7	23	1.36748
7	24	1.06917
7	25	0.994975
7	26	1.14841
7	27	1.07434
7	28	0.957843
7	29	1.04353
7	30	1.26635
7	31	1.06158
7	32	0.930405
7	33	1.24822
7	34	1.14969
7	35	0.867112
7	36	0.896448
7	37	1.1011
7	38	1.28911
7	39	1.15441
7	40	0.899146
7	41	1.16414
7	42	1.2462
7	43	1.34407
7	44	0.979225
7	45	1.12298
7	46	1.30757
7	47	1.187
7	48	1.2005
7	49	1.06702
7	50	1.16847
7	51	1.10977
7	52	1.28793
7	53	1.00496
7	54	1.23025
7	55	0.937333
7	56	1.08161
7	57	1.30472
7	58	1.07419
7	59	1.14249
7	60	1.19035
7	61	0.947964
7	62	1.06351
7	63	1.23288
7	64	1.29448
7	65	1.28543
7	66	1.49648
7	67	1.20123
7	68	1.02656
7	69	1.15317
7	70	1.17232
7	71	0.999752
7	72	1.24209
7	73	1.06901
7	74	1.06889
7	75	1.02797
7	76	1.15075
7	77	1.31937
7	78	1.33357
7	79	1.11849
7	80	1.40222
7	81	1.24248
7	82	1.02479
7	83	1.0754
7	84	1.35229
7	85	1.26403
7	86	1.37062
7	87	1.29793
7	88	1.30095
7	89	1.05164
7	90	1.25564
7	91	1.26337
7	92	1.04942
7	93	1.08571
7	94	1.19907
7	95	1.20608
7	96	1.54482
7	97	1.26949
7	98	1.31329
7	99	1.37592
7	100	1.22531
8	1	0.935095
8	2	0.828224
8	3	1.2023
8	4	1.13969
8	5	0.982065
8	6	1.00666
8	7	1.20912
8	8	1.13744
8	9	0.889443
8	10	1.24466
8	11	1.03594
8	12	0.881913
8	13	1.11067
8	14	1.05528
8	15	1.18723
8	16	1.04187
8	17	1.22366
8	18	1.0802
8	19	0.832846
8	20	1.10233
8	21	1.25961
8	22	0.993758
8	23	1.36748
8	24	1.06917
8	25	1.0036
8	26	1.15981
8	27	1.08563
8	28	0.967855
8	29	1.04869
8	30	1.27929
8	31	1.07209
8	32	0.93965
8	33	1.25365
8	34	1.1584
8	35	0.874768
8	36	0.899323
8	37	1.1117
8	38	1.28911
8	39	1.15441
8	40	0.899146
8	41	1.16414
8	42	1.2462
8	43	1.34407
8	44	0.979225
8	45	1.12298
8	46	1.30757
8	47	1.187
8	48	1.2005
8	49	1.06702
8	50	1.16847
8	51	1.10977
8	52	1.29299
8	53	1.0084
8	54	1.24049
8	55	0.945295
8	56	1.08967
8	57	1.31337
8	58	1.0731
8	59	1.15107
8	60	1.19848
8	61	0.951845
8	62	1.05926
8	63	1.22498
8	64	1.30474
8	65	1.29507
8	66	1.45501
8	67	1.19952
8	68	1.02437
8	69	1.15317
8	70	1.17232
8	71	0.999752
8	72	1.24209
8	73	1.06901
8	74	1.06889
8	75	1.02797
8	76	1.15075
8	77	1.31937
8	78	1.33357
8	79	1.12101
8	80	1.40693
8	81	1.25031
8	82	1.03194
8	83	1.0829
8	84	1.35895
8	85	1.26969
8	86	1.3667
8	87	1.30502
8	88	1.30569
8	89	1.05702
8	90	1.22567
8	91	1.26744
8	92	1.05114
8	93	1.08161
8	94	1.18709
8	95	1.21241
8	96	1.53046
8	97	1.27726
8	98	1.28
8	99	1.38264
8	100	1.22531
9	1	0.935095
9	2	0.828224
9	3	1.2023
9	4	1.13969
9	5	0.982065
9	6	1.00666
9	7	1.20912
9	8	1.13744
9	9	0.889443
9	10	1.24466
9	11	1.03594
9	12	0.881913
9	13	1.11067
9	14	1.05528
9	15	1.18572
9	16	1.0364
9	17	1.23346
9	18	1.06791
9	19	0.836607
9	20	1.10966
9	21	1.2422
9	22	0.998187
9	23	1.38171
9	24	1.07783
9	25	1.0036
9	26	1.15981
9	27	1.08563
9	28	0.967855
9	29	1.04869
9	30	1.27929
9	31	1.07209
9	32	0.93965
9	33	1.25365
9	34	1.1584
9	35	0.874768
9	36	0.899323
9	37	1.1117
9	38	1.28911
9	39	1.16501
9	40	0.897323
9	41	1.11941
9	42	1.18268
9	43	1.29452
9	44	0.961922
9	45	1.11876
9	46	1.31857
9	47	1.17429
9	48	1.19994
9	49	1.07345
9	50	1.17657
9	51	1.11861
9	52	1.29299
9	53	1.0084
9	54	1.24049
9	55	0.945295
9	56	1.08967
9	57	1.31337
9	58	1.0731
9	59	1.15107
9	60	1.19848
9	61	0.951845
9	62	1.05926
9	63	1.23409
9	64	1.31495
9	65	1.30089
9	66	1.41852
9	67	1.1742
9	68	1.01674
9	69	1.15505
9	70	1.13728
9	71	1.00737
9	72	1.24971
9	73	1.07002
9	74	1.07293
9	75	1.03468
9	76	1.15861
9	77	1.32679
9	78	1.34173
9	79	1.12101
9	80	1.40693
9	81	1.25031
9	82	1.03194
9	83	1.0829
9	84	1.35895
9	85	1.26969
9	86	1.3667
9	87	1.27565
9	88	1.25787
9	89	1.06225
9	90	1.20383
9	91	1.25361
9	92	1.04681
9	93	1.08464
9	94	1.19188
9	95	1.21978
9	96	1.51095
9	97	1.28532
9	98	1.27148
9	99	1.38063
9	100	1.22879
10	1	0.935095
10	2	0.828224
10	3	1.2023
10	4	1.13969
10	5	0.982065
10	6	0.975572
10	7	1.14827
10	8	1.15368
10	9	0.898879
10	10	1.24344
10	11	1.03201
10	12	0.893554
10	13	1.11412
10	14	1.00999
10	15	1.18572
10	16	1.0364
10	17	1.23346
10	18	1.06791
10	19	0.836607
10	20	1.10966
10	21	1.2422
10	22	0.998187
10	23	1.38171
10	24	1.07783
10	25	1.0036
10	26	1.15981
10	27	1.08563
10	28	0.97133
10	29	1.03155
10	30	1.29308
10	31	1.08159
10	32	0.945298
10	33	1.26685
10	34	1.16811
10	35	0.866816
10	36	0.902128
10	37	1.12076
10	38	1.2988
10	39	1.16501
10	40	0.897323
10	41	1.11941
10	42	1.18268
10	43	1.29452
10	44	0.961922
10	45	1.11876
10	46	1.31857
10	47	1.17429
10	48	1.19994
10	49	1.07345
10	50	1.1861
10	51	1.1278
10	52	1.30452
10	53	1.01335
10	54	1.24593
10	55	0.94571
10	56	1.05165
10	57	1.29914
10	58	1.06317
10	59	1.13254
10	60	1.18952
10	61	0.948838
10	62	1.0117
10	63	1.23409
10	64	1.31495
10	65	1.30089
10	66	1.41852
10	67	1.1742
10	68	1.01674
10	69	1.15505
10	70	1.13728
10	71	1.00737
10	72	1.24826
10	73	1.07239
10	74	1.077
10	75	1.03847
10	76	1.11875
10	77	1.30306
10	78	1.34943
10	79	1.12692
10	80	1.41374
10	81	1.23928
10	82	1.02468
10	83	1.08347
10	84	1.32028
10	85	1.27825
10	86	1.37609
10	87	1.27565
10	88	1.25787
10	89	1.06225
10	90	1.20383
10	91	1.25361
10	92	1.04681
10	93	1.06481
10	94	1.19892
10	95	1.22549
10	96	1.51985
10	97	1.27524
10	98	1.26646
10	99	1.38396
10	100	1.23257
11	1	0.904255
11	2	0.817714
11	3	1.17021
11	4	1.13072
11	5	0.966366
11	6	0.975572
11	7	1.14827
11	8	1.15368
11	9	0.898879
11	10	1.24344
11	11	1.03201
11	12	0.893554
11	13	1.11412
11	14	1.00999
11	15	1.18572
11	16	1.0364
11	17	1.23346
11	18	1.06791
11	19	0.84276
11	20	1.11014
11	21	1.24047
11	22	1.00712
11	23	1.34465
11	24	1.05585
11	25	0.994825
11	26	1.16508
11	27	1.06514
11	28	0.97133
11	29	1.03155
11	30	1.29308
11	31	1.08159
11	32	0.945298
11	33	1.26685
11	34	1.16811
11	35	0.866816
11	36	0.902128
11	37	1.12076
11	38	1.2988
11	39	1.17567
11	40	0.90066
11	41	1.12658
11	42	1.19427
11	43	1.30612
11	44	0.964667
11	45	1.12391
11	46	1.32932
11	47	1.18526
11	48	1.20228
11	49	1.0802
11	50	1.1861
11	51	1.1278
11	52	1.30452
11	53	1.01335
11	54	1.24593
11	55	0.94571
11	56	1.05165
11	57	1.29914
11	58	1.06317
11	59	1.13924
11	60	1.19388
11	61	0.940659
11	62	1.01145
11	63	1.20228
11	64	1.29223
11	65	1.30144
11	66	1.42846
11	67	1.18347
11	68	1.0242
11	69	1.16351
11	70	1.14483
11	71	0.998451
11	72	1.24826
11	73	1.07239
11	74	1.077
11	75	1.03847
11	76	1.11875
11	77	1.30306
11	78	1.34943
11	79	1.09259
11	80	1.38613
11	81	1.23423
11	82	1.02395
11	83	1.0831
11	84	1.32461
11	85	1.25371
11	86	1.38503
11	87	1.27395
11	88	1.24512
11	89	1.06913
11	90	1.21175
11	91	1.26188
11	92	1.0522
11	93	1.06481
11	94	1.19892
11	95	1.22549
11	96	1.51985
11	97	1.27524
11	98	1.26646
11	99	1.35963
11	100	1.21728
12	1	0.904255
12	2	0.817714
12	3	1.17021
12	4	1.13072
12	5	0.966366
12	6	0.975572
12	7	1.14827
12	8	1.15368
12	9	0.898879
12	10	1.24344
12	11	1.03201
12	12	0.88926
12	13	1.12452
12	14	1.02275
12	15	1.17816
12	16	1.04698
12	17	1.24679
12	18	1.07823
12	19	0.84276
12	20	1.11014
12	21	1.24047
12	22	1.00712
12	23	1.34465
12	24	1.05585
12	25	0.994825
12	26	1.16508
12	27	1.06514
12	28	0.97133
12	29	1.03155
12	30	1.28661
12	31	1.09156
12	32	0.950465
12	33	1.28045
12	34	1.16334
12	35	0.873986
12	36	0.905021
12	37	1.13154
12	38	1.2959
12	39	1.17567
12	40	0.90066
12	41	1.12658
12	42	1.19427
12	43	1.30612
12	44	0.964667
12	45	1.12391
12	46	1.32932
12	47	1.18526
12	48	1.20574
12	49	1.08031
12	50	1.19431
12	51	1.13793
12	52	1.29496
12	53	1.01065
12	54	1.2515
12	55	0.950235
12	56	1.057
12	57	1.31032
12	58	1.07202
12	59	1.13924
12	60	1.19388
12	61	0.940659
12	62	1.01145
12	63	1.20228
12	64	1.29223
12	65	1.30144
12	66	1.42846
12	67	1.19117
12	68	1.0303
12	69	1.17262
12	70	1.15363
12	71	1.00476
12	72	1.24355
12	73	1.06734
12	74	1.07617
12	75	1.04397
12	76	1.12589
12	77	1.3104
12	78	1.32472
12	79	1.09259
12	80	1.38613
12	81	1.23423
12	82	1.02395
12	83	1.0831
12	84	1.32461
12	85	1.26251
12	86	1.38371
12	87	1.26556
12	88	1.23895
12	89	1.06449
12	90	1.20755
12	91	1.26514
12	92	1.05749
12	93	1.0715
12	94	1.17574
12	95	1.19552
12	96	1.52978
12	97	1.28342
12	98	1.27408
12	99	1.35963
12	100	1.21728
13	1	0.904255
13	2	0.817714
13	3	1.17021
13	4	1.13072
13	5	0.966366
13	6	0.990125
13	7	1.15681
13	8	1.16973
13	9	0.909276
13	10	1.26096
13	11	1.04202
13	12	0.88926
13	13	1.12452
13	14	1.02275
13	15	1.17816
13	16	1.04698
13	17	1.24679
13	18	1.07823
13	19	0.84276
13	20	1.11014
13	21	1.24047
13	22	1.00712
13	23	1.31756
13	24	1.06293
13	25	1.00305
13	26	1.1781
13	27	1.0276
13	28	0.982237
13	29	1.0411
13	30	1.28661
13	31	1.09156
13	32	0.950465
13	33	1.28045
13	34	1.16334
13	35	0.873986
13	36	0.905021
13	37	1.13154
13	38	1.2959
13	39	1.17567
13	40	0.906977
13	41	1.1271
13	42	1.20182
13	43	1.30118
13	44	0.974009
13	45	1.13426
13	46	1.33052
13	47	1.18604
13	48	1.20574
13	49	1.08031
13	50	1.19431
13	51	1.13793
13	52	1.29496
13	53	1.01065
13	54	1.2515
13	55	0.950235
13	56	1.06327
13	57	1.31263
13	58	1.08064
13	59	1.14206
13	60	1.19614
13	61	0.947324
13	62	1.01916
13	63	1.2061
13	64	1.29186
13	65	1.30847
13	66	1.43443
13	67	1.19117
13	68	1.0303
13	69	1.17262
13	70	1.15363
13	71	1.00476
13	72	1.24355
13	73	1.04242
13	74	1.07737
13	75	1.04436
13	76	1.12669
13	77	1.31606
13	78	1.32775
13	79	1.08687
13	80	1.39619
13	81	1.24315
13	82	1.03131
13	83	1.09083
13	84	1.33356
13	85	1.26251
13	86	1.38371
13	87	1.26556
13	88	1.23895
13	89	1.06449
13	90	1.20988
13	91	1.26301
13	92	1.05793
13	93	1.07868
13	94	1.18339
13	95	1.20169
13	96	1.53533
13	97	1.28797
13	98	1.28234
13	99	1.36827
13	100	1.22469
14	1	0.902848
14	2	0.81071
14	3	1.18811
14	4	1.14597
14	5	0.967214
14	6	0.990125
14	7	1.15681
14	8	1.16973
14	9	0.909276
14	10	1.26096
14	11	1.04202
14	12	0.88926
14	13	1.12452
14	14	1.02275
14	15	1.17816
14	16	1.04454
14	17	1.22817
14	18	1.09082
14	19	0.853425
14	20	1.11733
14	21	1.25576
14	22	1.01642
14	23	1.31756
14	24	1.06293
14	25	1.00305
14	26	1.1781
14	27	1.0276
14	28	0.982237
14	29	1.0411
14	30	1.28661
14	31	1.09156
14	32	0.959236
14	33	1.27608
14	34	1.17056
14	35	0.883279
14	36	0.913849
14	37	1.13535
14	38	1.28788
14	39	1.18734
14	40	0.906977
14	41	1.1271
14	42	1.20182
14	43	1.30118
14	44	0.974009
14	45	1.13426
14	46	1.33052
14	47	1.19629
14	48	1.21199
14	49	1.0897
14	50	1.20516
14	51	1.14271
14	52	1.28349
14	53	1.01975
14	54	1.25625
14	55	0.954061
14	56	1.06327
14	57	1.31263
14	58	1.08064
14	59	1.14206
14	60	1.19614
14	61	0.947324
14	62	1.01916
14	63	1.21469
14	64	1.29627
14	65	1.31186
14	66	1.4457
14	67	1.19889
14	68	1.03602
14	69	1.16949
14	70	1.16252
14	71	1.01216
14	72	1.23239
14	73	1.04242
14	74	1.07737
14	75	1.04436
14	76	1.12669
14	77	1.31606
14	78	1.32775
14	79	1.09271
14	80	1.39391
14	81	1.23319
14	82	1.03861
14	83	1.09784
14	84	1.33747
14	85	1.25311
14	86	1.37673
14	87	1.25009
14	88	1.22742
14	89	1.06984
14	90	1.20988
14	91	1.26301
14	92	1.05793
14	93	1.07868
14	94	1.18883
14	95	1.20348
14	96	1.5375
14	97	1.28311
14	98	1.26988
14	99	1.37703
14	100	1.22924
15	1	0.902848
15	2	0.81071
15	3	1.18811
15	4	1.14597
15	5	0.967214
15	6	0.990125
15	7	1.15681
15	8	1.16973
15	9	0.909276
15	10	1.26096
15	11	0.993711
15	12	0.894471
15	13	1.08877
15	14	1.01707
15	15	1.18778
15	16	1.04454
15	17	1.22817
15	18	1.09082
15	19	0.853425
15	20	1.11733
15	21	1.25576
15	22	1.01642
15	23	1.31756
15	24	1.06293
15	25	0.957244
15	26	1.13079
15	27	0.948122
15	28	0.973833
15	29	1.03445
15	30	1.29706
15	31	1.09016
15	32	0.959236
15	33	1.27608
15	34	1.17056
15	35	0.883279
15	36	0.913849
15	37	1.13535
15	38	1.28788
15	39	1.18734
15	40	0.869802
15	41	1.11719
15	42	1.18996
15	43	1.19948
15	44	0.947667
15	45	1.13716
15	46	1.33925
15	47	1.19629
15	48	1.21199
15	49	1.0897
15	50	1.20516
15	51	1.14271
15	52	1.28349
15	53	1.01975
15	54	1.1862
15	55	0.925648
15	56	1.05194
15	57	1.21332
15	58	1.06861
15	59	1.07883
15	60	1.18672
15	61	0.953634
15	62	1.02693
15	63	1.21469
15	64	1.29627
15	65	1.31186
15	66	1.4457
15	67	1.19889
15	68	1.03602
15	69	1.07383
15	70	1.15489
15	71	1.00865
15	72	1.18861
15	73	1.01305
15	74	1.04851
15	75	1.0209
15	76	1.12829
15	77	1.32341
15	78	1.32625
15	79	1.09271
15	80	1.39391
15	81	1.23319
15	82	1.03861
15	83	1.07517
15	84	1.32249
15	85	1.23186
15	86	1.29122
15	87	1.19045
15	88	1.19852
15	89	1.07641
15	90	1.21742
15	91	1.2562
15	92	1.05846
15	93	1.08595
15	94	1.18883
15	95	1.20348
15	96	1.5375
15	97	1.28311
15	98	1.22242
15	99	1.37958
15	100	1.22428
16	1	0.902848
16	2	0.81071
16	3	1.18811
16	4	1.14597
16	5	0.967214
16	6	0.989177
16	7	1.1332
16	8	1.1088
16	9	0.804398
16	10	1.25836
16	11	0.993711
16	12	0.894471
16	13	1.08877
16	14	1.01707
16	15	1.18778
16	16	1.04454
16	17	1.22817
16	18	1.09082
16	19	0.842585
16	20	1.0459
16	21	1.2312
16	22	0.990735
16	23	1.21682
16	24	0.987858
16	25	0.957244
16	26	1.13079
16	27	0.948122
16	28	0.973833
16	29	1.03445
16	30	1.29706
16	31	1.09016
16	32	0.959236
16	33	1.27034
16	34	1.14261
16	35	0.840634
16	36	0.887663
16	37	1.11672
16	38	1.19489
16	39	1.1151
16	40	0.869802
16	41	1.11719
16	42	1.18996
16	43	1.19948
16	44	0.947667
16	45	1.13716
16	46	1.33925
16	47	1.16129
16	48	1.16572
16	49	1.05408
16	50	1.19563
16	51	1.12335
16	52	1.19012
16	53	1.01619
16	54	1.1862
16	55	0.925648
16	56	1.05194
16	57	1.21332
16	58	1.06861
16	59	1.07883
16	60	1.17987
16	61	0.93284
16	62	1.02245
16	63	1.16
16	64	1.2994
16	65	1.25355
16	66	1.44986
16	67	1.14665
16	68	1.01227
16	69	1.07383
16	70	1.15489
16	71	1.00865
16	72	1.18861
16	73	1.01305
16	74	1.05664
16	75	1.01603
16	76	1.12856
16	77	1.25568
16	78	1.32644
16	79	1.09466
16	80	1.35473
16	81	1.19418
16	82	1.0402
16	83	1.07517
16	84	1.32249
16	85	1.23186
16	86	1.29122
16	87	1.19045
16	88	1.18463
16	89	1.06239
16	90	1.21348
16	91	1.22138
16	92	1.03742
16	93	1.07477
16	94	1.18243
16	95	1.12221
16	96	1.47015
16	97	1.22741
16	98	1.22242
16	99	1.37958
16	100	1.22428
17	1	0.914473
17	2	0.823749
17	3	1.19277
17	4	1.08924
17	5	0.87872
17	6	0.989177
17	7	1.1332
17	8	1.1088
17	9	0.804398
17	10	1.25836
17	11	0.993711
17	12	0.894471
17	13	1.08877
17	14	1.03053
17	15	1.18206
17	16	1.0249
17	17	1.22828
17	18	1.04202
17	19	0.842585
17	20	1.0459
17	21	1.2312
17	22	0.990735
17	23	1.21682
17	24	0.987858
17	25	0.957244
17	26	1.13079
17	27	0.928278
17	28	0.967874
17	29	1.0454
17	30	1.27283
17	31	1.05966
17	32	0.947177
17	33	1.27034
17	34	1.14261
17	35	0.840634
17	36	0.887663
17	37	1.11672
17	38	1.19489
17	39	1.1151
17	40	0.867379
17	41	1.08088
17	42	1.1543
17	43	1.21039
17	44	0.955272
17	45	1.14277
17	46	1.34263
17	47	1.16129
17	48	1.16572
17	49	1.05408
17	50	1.19563
17	51	1.12335
17	52	1.19012
17	53	1.00795
17	54	1.18052
17	55	0.927045
17	56	1.05656
17	57	1.22385
17	58	1.04773
17	59	1.08817
17	60	1.17987
17	61	0.93284
17	62	1.02245
17	63	1.16
17	64	1.2994
17	65	1.25355
17	66	1.45236
17	67	1.14498
17	68	1.01974
17	69	1.07999
17	70	1.16407
17	71	0.99304
17	72	1.19724
17	73	1.01392
17	74	1.05664
17	75	1.01603
17	76	1.12856
17	77	1.25568
17	78	1.32644
17	79	1.08846
17	80	1.35077
17	81	1.19518
17	82	1.04625
17	83	1.07878
17	84	1.32958
17	85	1.20213
17	86	1.30039
17	87	1.19889
17	88	1.18463
17	89	1.06239
17	90	1.21348
17	91	1.22266
17	92	1.04101
17	93	1.0818
17	94	1.16236
17	95	1.12979
17	96	1.47979
17	97	1.23543
17	98	1.20911
17	99	1.38283
17	100	1.22836
18	1	0.914473
18	2	0.823749
18	3	1.19277
18	4	1.08924
18	5	0.87872
18	6	0.989177
18	7	1.1332
18	8	1.1088
18	9	0.804398
18	10	1.25346
18	11	1.00088
18	12	0.878179
18	13	1.07811
18	14	1.03053
18	15	1.18206
18	16	1.0249
18	17	1.22828
18	18	1.04202
18	19	0.842585
18	20	1.0459
18	21	1.2312
18	22	0.998585
18	23	1.22579
18	24	0.999587
18	25	0.960611
18	26	1.14413
18	27	0.928278
18	28	0.967874
18	29	1.0454
18	30	1.27283
18	31	1.05966
18	32	0.947177
18	33	1.27034
18	34	1.11667
18	35	0.832547
18	36	0.886523
18	37	1.1279
18	38	1.20501
18	39	1.12508
18	40	0.867379
18	41	1.08088
18	42	1.1543
18	43	1.21039
18	44	0.955272
18	45	1.14277
18	46	1.35533
18	47	1.1715
18	48	1.17444
18	49	1.06115
18	50	1.20688
18	51	1.13373
18	52	1.19915
18	53	1.00795
18	54	1.18052
18	55	0.927045
18	56	1.05656
18	57	1.22385
18	58	1.0568
18	59	1.08169
18	60	1.18205
18	61	0.940752
18	62	1.0309
18	63	1.1687
18	64	1.27675
18	65	1.26397
18	66	1.45236
18	67	1.14498
18	68	1.01974
18	69	1.07999
18	70	1.14707
18	71	1.00088
18	72	1.2012
18	73	1.0176
18	74	1.06477
18	75	1.01526
18	76	1.1358
18	77	1.2621
18	78	1.31068
18	79	1.08846
18	80	1.35077
18	81	1.19518
18	82	1.04625
18	83	1.08105
18	84	1.33913
18	85	1.21073
18	86	1.30876
18	87	1.18924
18	88	1.19291
18	89	1.04451
18	90	1.21137
18	91	1.22266
18	92	1.04101
18	93	1.0818
18	94	1.16236
18	95	1.13744
18	96	1.46696
18	97	1.23897
18	98	1.21059
18	99	1.37563
18	100	1.23071
19	1	0.914473
19	2	0.823749
19	3	1.19277
19	4	1.08924
19	5	0.880597
19	6	1.00363
19	7	1.13631
19	8	1.11063
19	9	0.815915
19	10	1.25346
19	11	1.00088
19	12	0.878179
19	13	1.07811
19	14	1.03053
19	15	1.18206
19	16	1.0249
19	17	1.24355
19	18	1.05472
19	19	0.846589
19	20	1.04805
19	21	1.2354
19	22	0.998585
19	23	1.22579
19	24	0.999587
19	25	0.960611
19	26	1.14413
19	27	0.928278
19	28	0.967874
19	29	1.05222
19	30	1.27369
19	31	1.05337
19	32	0.957283
19	33	1.2838
19	34	1.11667
19	35	0.832547
19	36	0.886523
19	37	1.1279
19	38	1.20501
19	39	1.12508
19	40	0.872907
19	41	1.08768
19	42	1.15961
19	43	1.22262
19	44	0.962588
19	45	1.14855
19	46	1.35533
19	47	1.1715
19	48	1.17444
19	49	1.06115
19	50	1.20688
19	51	1.13373
19	52	1.21
19	53	1.01679
19	54	1.19133
19	55	0.933403
19	56	1.06575
19	57	1.23304
19	58	1.0568
19	59	1.08169
19	60	1.18205
19	61	0.940752
19	62	1.0309
19	63	1.16466
19	64	1.27079
19	65	1.27378
19	66	1.46298
19	67	1.14346
19	68	1.02597
19	69	1.08746
19	70	1.14707
19	71	1.00088
19	72	1.2012
19	73	1.0176
19	74	1.06477
19	75	1.02296
19	76	1.14058
19	77	1.25815
19	78	1.3205
19	79	1.07776
19	80	1.36039
19	81	1.19237
19	82	1.04973
19	83	1.08105
19	84	1.33913
19	85	1.21073
19	86	1.30972
19	87	1.18461
19	88	1.20132
19	89	1.03469
19	90	1.21522
19	91	1.22721
19	92	1.04603
19	93	1.08843
19	94	1.16813
19	95	1.13744
19	96	1.46696
19	97	1.23897
19	98	1.21693
19	99	1.35524
19	100	1.23866
20	1	0.914473
20	2	0.83627
20	3	1.2116
20	4	1.05847
20	5	0.880597
20	6	1.00363
20	7	1.13631
20	8	1.11063
20	9	0.815915
20	10	1.25346
20	11	1.00088
20	12	0.878179
20	13	1.05266
20	14	1.04245
20	15	1.19785
20	16	1.03737
20	17	1.24355
20	18	1.05472
20	19	0.846589
20	20	1.04805
20	21	1.2354
20	22	0.998585
20	23	1.22579
20	24	1.00657
20	25	0.966805
20	26	1.15464
20	27	0.914208
20	28	0.967993
20	29	1.05222
20	30	1.27369
20	31	1.05337
20	32	0.957283
20	33	1.2838
20	34	1.11667
20	35	0.84005
20	36	0.882636
20	37	1.11862
20	38	1.21621
20	39	1.13142
20	40	0.872907
20	41	1.08768
20	42	1.15961
20	43	1.22262
20	44	0.962588
20	45	1.14855
20	46	1.36869
20	47	1.18202
20	48	1.18079
20	49	1.06818
20	50	1.20797
20	51	1.14065
20	52	1.21
20	53	1.01679
20	54	1.19133
20	55	0.933403
20	56	1.06575
20	57	1.243
20	58	1.06543
20	59	1.09108
20	60	1.19234
20	61	0.944921
20	62	1.03062
20	63	1.16466
20	64	1.27079
20	65	1.27378
20	66	1.46298
20	67	1.14346
20	68	0.999547
20	69	1.07396
20	70	1.13337
20	71	1.00894
20	72	1.20946
20	73	1.02456
20	74	1.07241
20	75	1.02296
20	76	1.14058
20	77	1.25815
20	78	1.3205
20	79	1.04523
20	80	1.36527
20	81	1.20033
20	82	1.05129
20	83	1.07972
20	84	1.34179
20	85	1.21702
20	86	1.30972
20	87	1.18461
20	88	1.20132
20	89	1.03883
20	90	1.21854
20	91	1.22099
20	92	1.04708
20	93	1.07798
20	94	1.15505
20	95	1.14282
20	96	1.46896
20	97	1.2332
20	98	1.21693
20	99	1.35524
20	100	1.24555
21	1	0.926623
21	2	0.83627
21	3	1.2116
21	4	1.05847
21	5	0.880597
21	6	1.00363
21	7	1.13631
21	8	1.11063
21	9	0.825732
21	10	1.27146
21	11	1.0153
21	12	0.879846
21	13	1.05266
21	14	1.04245
21	15	1.19785
21	16	1.03737
21	17	1.24355
21	18	1.05472
21	19	0.846002
21	20	1.05781
21	21	1.24689
21	22	1.00569
21	23	1.2163
21	24	1.00657
21	25	0.966805
21	26	1.15464
21	27	0.914208
21	28	0.967993
21	29	1.05222
21	30	1.28509
21	31	1.06523
21	32	0.967421
21	33	1.29678
21	34	1.10823
21	35	0.84005
21	36	0.882636
21	37	1.11862
21	38	1.21621
21	39	1.13142
21	40	0.881258
21	41	1.099
21	42	1.16286
21	43	1.22327
21	44	0.961734
21	45	1.13938
21	46	1.36869
21	47	1.18202
21	48	1.18079
21	49	1.06818
21	50	1.20797
21	51	1.15151
21	52	1.21964
21	53	1.02347
21	54	1.18682
21	55	0.936249
21	56	1.07532
21	57	1.243
21	58	1.06543
21	59	1.09108
21	60	1.19234
21	61	0.950207
21	62	1.03931
21	63	1.15278
21	64	1.2788
21	65	1.28131
21	66	1.47457
21	67	1.14977
21	68	0.999547
21	69	1.07396
21	70	1.13337
21	71	1.00894
21	72	1.21891
21	73	1.02878
21	74	1.07848
21	75	1.02952
21	76	1.14918
21	77	1.26438
21	78	1.30097
21	79	1.04523
21	80	1.36527
21	81	1.20033
21	82	1.05512
21	83	1.07925
21	84	1.3496
21	85	1.22315
21	86	1.31255
21	87	1.19312
21	88	1.18996
21	89	1.03883
21	90	1.21854
21	91	1.22099
21	92	1.04991
21	93	1.05396
21	94	1.16193
21	95	1.14899
21	96	1.46684
21	97	1.23959
21	98	1.2248
21	99	1.36417
21	100	1.24555
22	1	0.926623
22	2	0.83627
22	3	1.2116
22	4	1.05847
22	5	0.888432
22	6	1.01689
22	7	1.1341
22	8	1.09388
22	9	0.825732
22	10	1.27146
22	11	1.0153
22	12	0.879846
22	13	1.05266
22	14	1.04245
22	15	1.20241
22	16	1.03287
22	17	1.23829
22	18	1.03898
22	19	0.846002
22	20	1.05781
22	21	1.24689
22	22	1.00569
22	23	1.2163
22	24	1.00657
22	25	0.97849
22	26	1.14788
22	27	0.922708
22	28	0.977991
22	29	1.06434
22	30	1.28509
22	31	1.06523
22	32	0.967421
22	33	1.29678
22	34	1.10823
22	35	0.817452
22	36	0.879306
22	37	1.13043
22	38	1.21478
22	39	1.14235
22	40	0.881258
22	41	1.099
22	42	1.16286
22	43	1.22327
22	44	0.961734
22	45	1.15085
22	46	1.36685
22	47	1.17557
22	48	1.19236
22	49	1.07855
22	50	1.20508
22	51	1.15151
22	52	1.21964
22	53	1.02347
22	54	1.18682
22	55	0.928871
22	56	1.08003
22	57	1.25165
22	58	1.06514
22	59	1.09422
22	60	1.20203
22	61	0.950207
22	62	1.03931
22	63	1.15278
22	64	1.2788
22	65	1.24896
22	66	1.45907
22	67	1.14014
22	68	0.990381
22	69	1.06366
22	70	1.13676
22	71	1.01429
22	72	1.21891
22	73	1.02878
22	74	1.07848
22	75	1.03153
22	76	1.15042
22	77	1.27215
22	78	1.30499
22	79	1.0444
22	80	1.37269
22	81	1.20316
22	82	1.05512
22	83	1.07925
22	84	1.3496
22	85	1.23155
22	86	1.30129
22	87	1.19514
22	88	1.19718
22	89	1.03957
22	90	1.22531
22	91	1.22788
22	92	1.04991
22	93	1.05396
22	94	1.16193
22	95	1.13829
22	96	1.47402
22	97	1.24624
22	98	1.2249
22	99	1.36923
22	100	1.25122
23	1	0.926623
23	2	0.848033
23	3	1.21601
23	4	1.07301
23	5	0.888432
23	6	1.01689
23	7	1.1341
23	8	1.09388
23	9	0.825732
23	10	1.27146
23	11	1.0153
23	12	0.889496
23	13	1.06531
23	14	1.0558
23	15	1.20241
23	16	1.03287
23	17	1.23829
23	18	1.03898
23	19	0.846002
23	20	1.05781
23	21	1.22692
23	22	1.01722
23	23	1.22865
23	24	1.01893
23	25	0.97849
23	26	1.14788
23	27	0.922708
23	28	0.977991
23	29	1.06434
23	30	1.28509
23	31	1.07505
23	32	0.971416
23	33	1.31091
23	34	1.1109
23	35	0.817452
23	36	0.879306
23	37	1.13043
23	38	1.21478
23	39	1.14235
23	40	0.889302
23	41	1.09998
23	42	1.16834
23	43	1.21289
23	44	0.970612
23	45	1.15085
23	46	1.36685
23	47	1.17557
23	48	1.19236
23	49	1.07855
23	50	1.21605
23	51	1.1574
23	52	1.22271
23	53	1.03296
23	54	1.19136
23	55	0.928871
23	56	1.08003
23	57	1.25165
23	58	1.06514
23	59	1.10397
23	60	1.19046
23	61	0.958212
23	62	1.045
23	63	1.14796
23	64	1.24027
23	65	1.24896
23	66	1.45907
23	67	1.14014
23	68	0.990381
23	69	1.0697
23	70	1.14571
23	71	1.02189
23	72	1.22861
23	73	1.02544
23	74	1.06332
23	75	1.03153
23	76	1.15042
23	77	1.27215
23	78	1.30817
23	79	1.04462
23	80	1.37503
23	81	1.21137
23	82	1.05555
23	83	1.05739
23	84	1.33116
23	85	1.23155
23	86	1.30129
23	87	1.19514
23	88	1.20031
23	89	1.03827
23	90	1.21972
23	91	1.23607
23	92	1.04094
23	93	1.03398
23	94	1.12461
23	95	1.13829
23	96	1.47402
23	97	1.24624
23	98	1.2239
23	99	1.37745
23	100	1.24251
24	1	0.941984
24	2	0.848033
24	3	1.21601
24	4	1.07301
24	5	0.888432
24	6	1.01689
24	7	1.1341
24	8	1.06351
24	9	0.819763
24	10	1.27851
24	11	1.02307
24	12	0.889496
24	13	1.06531
24	14	1.0558
24	15	1.20241
24	16	1.03287
24	17	1.20198
24	18	1.05111
24	19	0.849689
24	20	1.06553
24	21	1.22692
24	22	1.01722
24	23	1.22865
24	24	1.01893
24	25	0.97849
24	26	1.14788
24	27	0.932527
24	28	0.989235
24	29	1.07384
24	30	1.29111
24	31	1.07505
24	32	0.971416
24	33	1.31091
24	34	1.1109
24	35	0.817452
24	36	0.888654
24	37	1.14199
24	38	1.22537
24	39	1.15456
24	40	0.889302
24	41	1.09998
24	42	1.16834
24	43	1.21289
24	44	0.970612
24	45	1.16065
24	46	1.38055
24	47	1.17777
24	48	1.20216
24	49	1.08443
24	50	1.21605
24	51	1.1574
24	52	1.22271
24	53	1.03296
24	54	1.20117
24	55	0.936051
24	56	1.0899
24	57	1.25576
24	58	1.07362
24	59	1.10397
24	60	1.19046
24	61	0.958212
24	62	1.045
24	63	1.15407
24	64	1.23171
24	65	1.24929
24	66	1.4715
24	67	1.14873
24	68	0.997965
24	69	1.0697
24	70	1.14571
24	71	1.02189
24	72	1.23816
24	73	1.03096
24	74	1.06757
24	75	1.03918
24	76	1.15794
24	77	1.27652
24	78	1.30817
24	79	1.04462
24	80	1.37503
24	81	1.21999
24	82	1.06357
24	83	1.05793
24	84	1.34111
24	85	1.23972
24	86	1.30292
24	87	1.20183
24	88	1.20031
24	89	1.03827
24	90	1.21972
24	91	1.24375
24	92	1.04712
24	93	1.04128
24	94	1.11621
24	95	1.13169
24	96	1.47789
24	97	1.24764
24	98	1.2239
24	99	1.37745
24	100	1.25096
25	1	0.941984
25	2	0.848033
25	3	1.21601
25	4	1.07301
25	5	0.892049
25	6	1.01281
25	7	1.12783
25	8	1.06351
25	9	0.819763
25	10	1.27851
25	11	1.02307
25	12	0.889496
25	13	1.06531
25	14	1.0089
25	15	1.19484
25	16	1.02338
25	17	1.20198
25	18	1.05111
25	19	0.849689
25	20	1.06553
25	21	1.22692
25	22	1.01722
25	23	1.18884
25	24	1.01531
25	25	0.924624
25	26	1.12729
25	27	0.932527
25	28	0.989235
25	29	1.07384
25	30	1.29111
25	31	1.07505
25	32	0.954231
25	33	1.27681
25	34	1.01642
25	35	0.818583
25	36	0.888654
25	37	1.14199
25	38	1.22537
25	39	1.15456
25	40	0.868847
25	41	1.06231
25	42	1.08523
25	43	1.19901
25	44	0.973219
25	45	1.16065
25	46	1.38055
25	47	1.17777
25	48	1.20216
25	49	1.07656
25	50	1.2038
25	51	1.07074
25	52	1.21921
25	53	0.997067
25	54	1.20117
25	55	0.936051
25	56	1.0899
25	57	1.25576
25	58	1.0369
25	59	1.09392
25	60	1.15159
25	61	0.948737
25	62	1.04699
25	63	1.15407
25	64	1.23171
25	65	1.24929
25	66	1.4715
25	67	1.14325
25	68	0.954914
25	69	1.04291
25	70	1.10859
25	71	1.0115
25	72	1.23816
25	73	1.03096
25	74	1.06757
25	75	1.03918
25	76	1.13977
25	77	1.20457
25	78	1.31347
25	79	1.05116
25	80	1.38495
25	81	1.21999
25	82	1.06357
25	83	1.05793
25	84	1.32925
25	85	1.20539
25	86	1.23623
25	87	1.16107
25	88	1.17667
25	89	1.04277
25	90	1.22855
25	91	1.24375
25	92	1.04712
25	93	1.02513
25	94	1.06998
25	95	1.10105
25	96	1.48737
25	97	1.25537
25	98	1.20538
25	99	1.37371
25	100	1.25096
26	1	0.941984
26	2	0.854869
26	3	1.21486
26	4	1.08356
26	5	0.892049
26	6	1.01281
26	7	1.12783
26	8	1.06351
26	9	0.819763
26	10	1.27851
26	11	1.02958
26	12	0.886365
26	13	1.06458
26	14	1.0089
26	15	1.19484
26	16	1.02338
26	17	1.20198
26	18	1.05111
26	19	0.853927
26	20	1.0547
26	21	1.23822
26	22	0.999096
26	23	1.18884
26	24	1.01531
26	25	0.924624
26	26	1.12729
26	27	0.932527
26	28	0.997188
26	29	1.07538
26	30	1.3008
26	31	1.06466
26	32	0.954231
26	33	1.27681
26	34	1.01642
26	35	0.818583
26	36	0.897935
26	37	1.13672
26	38	1.19603
26	39	1.14791
26	40	0.868847
26	41	1.06231
26	42	1.08523
26	43	1.19901
26	44	0.973219
26	45	1.1691
26	46	1.39428
26	47	1.14434
26	48	1.14231
26	49	1.07656
26	50	1.2038
26	51	1.07074
26	52	1.21921
26	53	1.0057
26	54	1.21065
26	55	0.923476
26	56	1.05689
26	57	1.26386
26	58	1.0369
26	59	1.09392
26	60	1.15159
26	61	0.948737
26	62	1.05141
26	63	1.16357
26	64	1.18441
26	65	1.25293
26	66	1.46898
26	67	1.14325
26	68	0.954914
26	69	1.04291
26	70	1.10698
26	71	1.01954
26	72	1.19649
26	73	1.02266
26	74	1.05206
26	75	1.02823
26	76	1.13977
26	77	1.20457
26	78	1.32378
26	79	1.05041
26	80	1.39274
26	81	1.21133
26	82	1.05743
26	83	1.04337
26	84	1.32925
26	85	1.20539
26	86	1.23623
26	87	1.15886
26	88	1.18532
26	89	1.03829
26	90	1.2162
26	91	1.22884
26	92	1.02827
26	93	1.02513
26	94	1.06998
26	95	1.10865
26	96	1.48948
26	97	1.23493
26	98	1.20445
26	99	1.37194
26	100	1.24201
27	1	0.946558
27	2	0.854869
27	3	1.21486
27	4	1.08356
27	5	0.892049
27	6	1.01281
27	7	1.12783
27	8	1.06149
27	9	0.826209
27	10	1.29189
27	11	1.02958
27	12	0.886365
27	13	1.06458
27	14	1.0089
27	15	1.19484
27	16	1.03302
27	17	1.20814
27	18	1.06073
27	19	0.853927
27	20	1.0547
27	21	1.23822
27	22	0.999096
27	23	1.18884
27	24	1.02223
27	25	0.931257
27	26	1.1373
27	27	0.917329
27	28	0.997188
27	29	1.07538
27	30	1.3008
27	31	1.06466
27	32	0.960905
27	33	1.29083
27	34	1.01493
27	35	0.82778
27	36	0.897935
27	37	1.13672
27	38	1.19603
27	39	1.14791
27	40	0.876011
27	41	1.04997
27	42	1.08607
27	43	1.20667
27	44	0.981403
27	45	1.1691
27	46	1.39428
27	47	1.14434
27	48	1.14231
27	49	1.08378
27	50	1.21556
27	51	1.05265
27	52	1.22957
27	53	1.0057
27	54	1.21065
27	55	0.923476
27	56	1.05689
27	57	1.27549
27	58	1.04109
27	59	1.10216
27	60	1.1485
27	61	0.956549
27	62	1.05141
27	63	1.16357
27	64	1.18441
27	65	1.26066
27	66	1.48104
27	67	1.15268
27	68	0.950955
27	69	1.05062
27	70	1.10698
27	71	1.01954
27	72	1.19649
27	73	1.02834
27	74	1.0598
27	75	1.03538
27	76	1.14895
27	77	1.16886
27	78	1.32378
27	79	1.05041
27	80	1.39274
27	81	1.21886
27	82	1.06557
27	83	1.04997
27	84	1.33936
27	85	1.20783
27	86	1.20484
27	87	1.15886
27	88	1.18532
27	89	1.03887
27	90	1.2229
27	91	1.23562
27	92	1.03299
27	93	1.02854
27	94	1.07081
27	95	1.10865
27	96	1.48948
27	97	1.23858
27	98	1.20574
27	99	1.37822
27	100	1.24507
28	1	0.946558
28	2	0.854869
28	3	1.21486
28	4	1.08356
28	5	0.903314
28	6	1.02763
28	7	1.13902
28	8	1.06149
28	9	0.826209
28	10	1.29189
28	11	1.02958
28	12	0.886365
28	13	1.07843
28	14	1.02329
28	15	1.2037
28	16	1.03302
28	17	1.20814
28	18	1.06073
28	19	0.853927
28	20	1.0547
28	21	1.25415
28	22	1.01107
28	23	1.1944
28	24	1.02223
28	25	0.931257
28	26	1.1373
28	27	0.917329
28	28	0.997188
28	29	1.08258
28	30	1.30964
28	31	1.06716
28	32	0.960905
28	33	1.29083
28	34	1.01493
28	35	0.82778
28	36	0.897935
28	37	1.14774
28	38	1.20931
28	39	1.15868
28	40	0.876011
28	41	1.04997
28	42	1.08607
28	43	1.20667
28	44	0.990567
28	45	1.17971
28	46	1.40861
28	47	1.14055
28	48	1.14514
28	49	1.08378
28	50	1.21556
28	51	1.05265
28	52	1.24134
28	53	1.01538
28	54	1.22134
28	55	0.931375
28	56	1.06606
28	57	1.27549
28	58	1.04109
28	59	1.10216
28	60	1.1582
28	61	0.960239
28	62	1.057
28	63	1.1739
28	64	1.17728
28	65	1.26066
28	66	1.48104
28	67	1.15268
28	68	0.957428
28	69	1.04579
28	70	1.11306
28	71	1.02526
28	72	1.20214
28	73	1.02834
28	74	1.0598
28	75	1.03538
28	76	1.15498
28	77	1.17478
28	78	1.32786
28	79	1.05173
28	80	1.39905
28	81	1.21886
28	82	1.06557
28	83	1.04997
28	84	1.34289
28	85	1.21395
28	86	1.21215
28	87	1.1648
28	88	1.18896
28	89	1.03887
28	90	1.2229
28	91	1.24466
28	92	1.03636
28	93	1.02961
28	94	1.07636
28	95	1.11402
28	96	1.49097
28	97	1.23858
28	98	1.20574
28	99	1.38764
28	100	1.25293
29	1	0.946558
29	2	0.854869
29	3	1.23461
29	4	1.09906
29	5	0.903314
29	6	1.02763
29	7	1.13902
29	8	1.06149
29	9	0.826209
29	10	1.27655
29	11	1.03206
29	12	0.899473
29	13	1.07843
29	14	1.02329
29	15	1.2037
29	16	1.03302
29	17	1.20814
29	18	1.07541
29	19	0.858635
29	20	1.06895
29	21	1.25415
29	22	1.01107
29	23	1.1944
29	24	1.02223
29	25	0.931685
29	26	1.14406
29	27	0.928737
29	28	1.00917
29	29	1.08258
29	30	1.30964
29	31	1.06716
29	32	0.960905
29	33	1.30595
29	34	1.01333
29	35	0.837288
29	36	0.907105
29	37	1.14774
29	38	1.20931
29	39	1.15868
29	40	0.881997
29	41	1.05708
29	42	1.08876
29	43	1.21446
29	44	0.990567
29	45	1.17971
29	46	1.40861
29	47	1.14055
29	48	1.1567
29	49	1.09307
29	50	1.2274
29	51	1.06266
29	52	1.24134
29	53	1.01538
29	54	1.22134
29	55	0.931375
29	56	1.06873
29	57	1.27351
29	58	1.0497
29	59	1.11087
29	60	1.1582
29	61	0.960239
29	62	1.057
29	63	1.17304
29	64	1.17713
29	65	1.27182
29	66	1.48388
29	67	1.1627
29	68	0.957428
29	69	1.04579
29	70	1.11306
29	71	1.0338
29	72	1.21222
29	73	1.03658
29	74	1.06593
29	75	1.04366
29	76	1.15498
29	77	1.17478
29	78	1.33817
29	79	1.03819
29	80	1.41004
29	81	1.2275
29	82	1.07264
29	83	1.05792
29	84	1.34289
29	85	1.21395
29	86	1.20307
29	87	1.17332
29	88	1.19391
29	89	1.04533
29	90	1.23026
29	91	1.24466
29	92	1.03636
29	93	1.02961
29	94	1.08331
29	95	1.12164
29	96	1.5003
29	97	1.24469
29	98	1.20841
29	99	1.38764
29	100	1.25293
30	1	0.892225
30	2	0.838668
30	3	1.23461
30	4	1.09906
30	5	0.903314
30	6	1.02763
30	7	1.15225
30	8	1.04444
30	9	0.809055
30	10	1.27655
30	11	1.03206
30	12	0.899473
30	13	1.07843
30	14	1.02329
30	15	1.11018
30	16	0.98231
30	17	1.16903
30	18	1.07541
30	19	0.858635
30	20	1.06895
30	21	1.25415
30	22	0.971654
30	23	1.1087
30	24	1.00983
30	25	0.931685
30	26	1.14406
30	27	0.928737
30	28	1.00917
30	29	1.08258
30	30	1.29524
30	31	0.96761
30	32	0.948935
30	33	1.30595
30	34	1.01333
30	35	0.837288
30	36	0.907105
30	37	1.10853
30	38	1.20736
30	39	1.16187
30	40	0.881997
30	41	1.05708
30	42	1.08876
30	43	1.21446
30	44	0.971508
30	45	1.12812
30	46	1.38331
30	47	1.12733
30	48	1.1567
30	49	1.09307
30	50	1.2274
30	51	1.06266
30	52	1.16763
30	53	0.978297
30	54	1.18451
30	55	0.929896
30	56	1.06873
30	57	1.27351
30	58	1.0497
30	59	1.08334
30	60	1.15429
30	61	0.963883
30	62	1.0634
30	63	1.17304
30	64	1.17713
30	65	1.27182
30	66	1.36099
30	67	1.13102
30	68	0.957337
30	69	1.04757
30	70	1.09864
30	71	1.0338
30	72	1.21222
30	73	1.03658
30	74	1.03868
30	75	1.03165
30	76	1.15931
30	77	1.17331
30	78	1.33817
30	79	1.03819
30	80	1.41004
30	81	1.17812
30	82	1.06587
30	83	1.05776
30	84	1.34463
30	85	1.21732
30	86	1.20307
30	87	1.17332
30	88	1.16224
30	89	1.03083
30	90	1.20399
30	91	1.25269
30	92	1.04184
30	93	1.03168
30	94	1.08331
30	95	1.12164
30	96	1.42789
30	97	1.25165
30	98	1.21667
30	99	1.3848
30	100	1.23465
