1	1	2.08697
1	2	2.09537
1	3	1.70727
1	4	1.98794
1	5	1.92534
1	6	2.10261
1	7	2.11488
1	8	2.03355
1	9	2.11997
1	10	1.71153
1	11	1.95723
1	12	1.64902
1	13	1.828
1	14	1.57567
1	15	1.63033
1	16	2.24067
1	17	1.71028
1	18	1.79965
1	19	2.05453
1	20	1.97947
1	21	1.94559
1	22	1.96289
1	23	1.75491
1	24	1.68434
1	25	2.07006
1	26	1.69168
1	27	1.59251
1	28	1.60655
1	29	2.00649
1	30	1.52628
1	31	1.53047
1	32	1.9188
1	33	1.77621
1	34	1.6806
1	35	1.78984
1	36	1.75332
1	37	1.70328
1	38	1.88755
1	39	2.09226
1	40	1.8284
1	41	1.62394
1	42	1.81315
1	43	1.97083
1	44	1.78141
1	45	1.72272
1	46	1.56738
2	1	2.08697
2	2	2.09537
2	3	1.70727
2	4	1.98794
2	5	1.92534
2	6	2.10261
2	7	1.38841
2	8	1.30302
2	9	1.48046
2	10	1.12033
2	11	1.44944
2	12	1.26448
2	13	1.5235
2	14	1.38616
2	15	1.50918
2	16	2.24575
2	17	1.70571
2	18	1.81484
2	19	2.07282
2	20	1.9945
2	21	1.94618
2	22	1.97088
2	23	1.75005
2	24	1.13167
2	25	1.50139
2	26	1.32375
2	27	1.32985
2	28	1.29296
2	29	1.65277
2	30	1.33268
2	31	1.34901
2	32	1.83421
2	33	1.70137
2	34	1.65353
2	35	1.79866
2	36	1.71743
2	37	1.71347
2	38	1.89839
2	39	2.09152
2	40	1.83732
2	41	1.63294
2	42	1.40725
2	43	1.54032
2	44	1.37785
2	45	1.4116
2	46	1.28448
3	1	1.27413
3	2	1.37767
3	3	1.01615
3	4	1.2616
3	5	1.18591
3	6	1.43775
3	7	1.38841
3	8	1.30302
3	9	1.48046
3	10	1.13162
3	11	1.44784
3	12	1.25188
3	13	1.44612
3	14	1.21289
3	15	1.31425
3	16	1.73874
3	17	1.19594
3	18	1.18905
3	19	1.46007
3	20	1.36665
3	21	1.13484
3	22	1.26576
3	23	1.22633
3	24	1.13393
3	25	1.50322
3	26	1.28921
3	27	1.24834
3	28	1.22312
3	29	1.62395
3	30	1.1691
3	31	1.20701
3	32	1.58763
3	33	1.35495
3	34	1.26027
3	35	1.31383
3	36	1.34649
3	37	1.19933
3	38	1.34197
3	39	1.52061
3	40	1.28681
3	41	1.16996
3	42	1.40484
3	43	1.51681
3	44	1.34309
3	45	1.34743
3	46	1.19958
4	1	1.27413
4	2	1.37767
4	3	1.03206
4	4	1.27119
4	5	1.19725
4	6	1.44378
4	7	1.40269
4	8	1.31967
4	9	1.49666
4	10	1.13162
4	11	1.44784
4	12	1.26538
4	13	1.46017
4	14	1.2221
4	15	1.31949
4	16	1.73704
4	17	1.20611
4	18	1.19974
4	19	1.46684
4	20	1.37848
4	21	1.14491
4	22	1.276
4	23	1.22825
4	24	1.14306
4	25	1.5046
4	26	1.29679
4	27	1.24965
4	28	1.23098
4	29	1.63489
4	30	1.18342
4	31	1.22357
4	32	1.58337
4	33	1.36682
4	34	1.2685
4	35	1.31333
4	36	1.35486
4	37	1.20467
4	38	1.34443
4	39	1.53188
4	40	1.28722
4	41	1.17451
4	42	1.41904
4	43	1.51875
4	44	1.35311
4	45	1.35783
4	46	1.20505
5	1	1.29253
5	2	1.39767
5	3	1.03206
5	4	1.27119
5	5	1.19725
5	6	1.34082
5	7	1.39447
5	8	1.32641
5	9	1.49178
5	10	1.13554
5	11	1.46292
5	12	1.26538
5	13	1.46476
5	14	1.21526
5	15	1.3072
5	16	1.70889
5	17	1.21762
5	18	1.21008
5	19	1.47342
5	20	1.36021
5	21	1.11392
5	22	1.28457
5	23	1.22104
5	24	1.14939
5	25	1.49239
5	26	1.30567
5	27	1.25841
5	28	1.22925
5	29	1.65338
5	30	1.14745
5	31	1.20882
5	32	1.56205
5	33	1.35247
5	34	1.27533
5	35	1.29507
5	36	1.35661
5	37	1.20133
5	38	1.33712
5	39	1.51252
5	40	1.26134
5	41	1.17136
5	42	1.41147
5	43	1.52114
5	44	1.35376
5	45	1.35564
5	46	1.21746
6	1	1.29253
6	2	1.41599
6	3	1.02701
6	4	1.28034
6	5	1.17775
6	6	1.34082
6	7	1.39447
6	8	1.34101
6	9	1.50521
6	10	1.14936
6	11	1.47543
6	12	1.23166
6	13	1.46476
6	14	1.22819
6	15	1.31304
6	16	1.72288
6	17	1.22248
6	18	1.21308
6	19	1.42676
6	20	1.37178
6	21	1.12181
6	22	1.29558
6	23	1.22379
6	24	1.15711
6	25	1.49406
6	26	1.26683
6	27	1.26614
6	28	1.23793
6	29	1.66519
6	30	1.1556
6	31	1.21615
6	32	1.53678
6	33	1.35129
6	34	1.27664
6	35	1.29887
6	36	1.35985
6	37	1.20884
6	38	1.34613
6	39	1.52669
6	40	1.25689
6	41	1.17857
6	42	1.41474
6	43	1.52728
6	44	1.35517
6	45	1.33347
6	46	1.2204
7	1	1.31561
7	2	1.41599
7	3	1.02701
7	4	1.29504
7	5	1.19235
7	6	1.35624
7	7	1.41305
7	8	1.34101
7	9	1.52155
7	10	1.1547
7	11	1.48997
7	12	1.23746
7	13	1.48104
7	14	1.23931
7	15	1.32676
7	16	1.72524
7	17	1.23445
7	18	1.22383
7	19	1.43274
7	20	1.38309
7	21	1.13179
7	22	1.30658
7	23	1.23291
7	24	1.16566
7	25	1.49985
7	26	1.2754
7	27	1.27382
7	28	1.24713
7	29	1.67569
7	30	1.16192
7	31	1.23198
7	32	1.54359
7	33	1.36015
7	34	1.28394
7	35	1.30869
7	36	1.36793
7	37	1.22359
7	38	1.3438
7	39	1.53228
7	40	1.26157
7	41	1.18999
7	42	1.42945
7	43	1.5336
7	44	1.36191
7	45	1.34817
7	46	1.22869
8	1	1.25587
8	2	1.4339
8	3	1.04151
8	4	1.29504
8	5	1.19235
8	6	1.37144
8	7	1.43195
8	8	1.35246
8	9	1.52155
8	10	1.16669
8	11	1.50549
8	12	1.25077
8	13	1.48762
8	14	1.23931
8	15	1.34005
8	16	1.73104
8	17	1.24126
8	18	1.22834
8	19	1.44626
8	20	1.39568
8	21	1.14094
8	22	1.30276
8	23	1.2386
8	24	1.18159
8	25	1.50485
8	26	1.28544
8	27	1.26488
8	28	1.25217
8	29	1.67866
8	30	1.16742
8	31	1.24051
8	32	1.55365
8	33	1.34481
8	34	1.29369
8	35	1.31366
8	36	1.37678
8	37	1.22897
8	38	1.35893
8	39	1.52489
8	40	1.26924
8	41	1.19617
8	42	1.40827
8	43	1.53454
8	44	1.35514
8	45	1.35561
8	46	1.23979
9	1	1.25587
9	2	1.4339
9	3	1.05496
9	4	1.30365
9	5	1.1988
9	6	1.37144
9	7	1.44155
9	8	1.36703
9	9	1.5018
9	10	1.16669
9	11	1.50804
9	12	1.24888
9	13	1.49711
9	14	1.22109
9	15	1.3532
9	16	1.71962
9	17	1.25378
9	18	1.19844
9	19	1.45465
9	20	1.40215
9	21	1.14867
9	22	1.28494
9	23	1.24354
9	24	1.18787
9	25	1.4748
9	26	1.2686
9	27	1.28385
9	28	1.26184
9	29	1.67069
9	30	1.15202
9	31	1.21463
9	32	1.57201
9	33	1.34606
9	34	1.27195
9	35	1.29314
9	36	1.39151
9	37	1.23585
9	38	1.34003
9	39	1.48646
9	40	1.27921
9	41	1.21019
9	42	1.39533
9	43	1.45216
9	44	1.35711
9	45	1.36716
9	46	1.23858
10	1	1.2361
10	2	1.45213
10	3	1.05496
10	4	1.32072
10	5	1.20633
10	6	1.39082
10	7	1.44155
10	8	1.37654
10	9	1.47366
10	10	1.18091
10	11	1.50804
10	12	1.24919
10	13	1.48906
10	14	1.22565
10	15	1.36433
10	16	1.72398
10	17	1.26605
10	18	1.2046
10	19	1.45046
10	20	1.4085
10	21	1.15799
10	22	1.29
10	23	1.24189
10	24	1.17942
10	25	1.48482
10	26	1.27935
10	27	1.26939
10	28	1.27023
10	29	1.68257
10	30	1.1632
10	31	1.21358
10	32	1.5803
10	33	1.35123
10	34	1.28243
10	35	1.2874
10	36	1.40007
10	37	1.24609
10	38	1.32474
10	39	1.48767
10	40	1.28699
10	41	1.22092
10	42	1.4049
10	43	1.45983
10	44	1.36272
10	45	1.37641
10	46	1.22879
11	1	1.2361
11	2	1.46265
11	3	1.06933
11	4	1.32072
11	5	1.20141
11	6	1.34784
11	7	1.45527
11	8	1.37654
11	9	1.41875
11	10	1.19504
11	11	1.52645
11	12	1.20892
11	13	1.47004
11	14	1.23791
11	15	1.32539
11	16	1.67117
11	17	1.27262
11	18	1.21107
11	19	1.39385
11	20	1.41304
11	21	1.16616
11	22	1.26052
11	23	1.19271
11	24	1.17582
11	25	1.43745
11	26	1.28424
11	27	1.24258
11	28	1.2797
11	29	1.65929
11	30	1.15748
11	31	1.20215
11	32	1.5435
11	33	1.34314
11	34	1.27566
11	35	1.24521
11	36	1.37165
11	37	1.24336
11	38	1.32391
11	39	1.48412
11	40	1.28365
11	41	1.2153
11	42	1.40478
11	43	1.44095
11	44	1.3451
11	45	1.31314
11	46	1.21762
12	1	1.25391
12	2	1.46265
12	3	1.08182
12	4	1.34062
12	5	1.20141
12	6	1.34431
12	7	1.47597
12	8	1.3838
12	9	1.43376
12	10	1.21005
12	11	1.54372
12	12	1.21365
12	13	1.48328
12	14	1.25169
12	15	1.32539
12	16	1.66208
12	17	1.28586
12	18	1.20405
12	19	1.37229
12	20	1.42244
12	21	1.17407
12	22	1.25965
12	23	1.19248
12	24	1.18594
12	25	1.42416
12	26	1.28964
12	27	1.24877
12	28	1.24693
12	29	1.67079
12	30	1.16465
12	31	1.19243
12	32	1.53244
12	33	1.35206
12	34	1.27908
12	35	1.22735
12	36	1.37126
12	37	1.2516
12	38	1.31189
12	39	1.49184
12	40	1.28943
12	41	1.21654
12	42	1.40834
12	43	1.45187
12	44	1.34096
12	45	1.30152
12	46	1.22867
13	1	1.25391
13	2	1.47326
13	3	1.08182
13	4	1.35629
13	5	1.21979
13	6	1.34431
13	7	1.48576
13	8	1.38552
13	9	1.43376
13	10	1.18954
13	11	1.54244
13	12	1.21365
13	13	1.48138
13	14	1.26236
13	15	1.32158
13	16	1.65106
13	17	1.29458
13	18	1.19561
13	19	1.3615
13	20	1.4332
13	21	1.18024
13	22	1.24885
13	23	1.20262
13	24	1.18285
13	25	1.43068
13	26	1.30045
13	27	1.26115
13	28	1.25145
13	29	1.68391
13	30	1.16287
13	31	1.19732
13	32	1.54379
13	33	1.34994
13	34	1.28608
13	35	1.22252
13	36	1.37473
13	37	1.2589
13	38	1.32699
13	39	1.46393
13	40	1.2974
13	41	1.20909
13	42	1.39618
13	43	1.45276
13	44	1.3494
13	45	1.30144
13	46	1.23402
14	1	1.27001
14	2	1.47326
14	3	1.09779
14	4	1.35629
14	5	1.23375
14	6	1.36493
14	7	1.48576
14	8	1.40529
14	9	1.45337
14	10	1.18954
14	11	1.53107
14	12	1.22647
14	13	1.49858
14	14	1.27644
14	15	1.32917
14	16	1.64849
14	17	1.308
14	18	1.20575
14	19	1.3523
14	20	1.44213
14	21	1.17142
14	22	1.25865
14	23	1.19423
14	24	1.18449
14	25	1.44019
14	26	1.31261
14	27	1.27075
14	28	1.26156
14	29	1.69303
14	30	1.17002
14	31	1.21306
14	32	1.55648
14	33	1.3567
14	34	1.29499
14	35	1.22987
14	36	1.38148
14	37	1.24816
14	38	1.33441
14	39	1.48092
14	40	1.26522
14	41	1.21373
14	42	1.38601
14	43	1.46919
14	44	1.35643
14	45	1.30726
14	46	1.23821
15	1	1.20839
15	2	1.48618
15	3	1.09779
15	4	1.35411
15	5	1.23375
15	6	1.37019
15	7	1.50724
15	8	1.40529
15	9	1.47352
15	10	1.20225
15	11	1.55022
15	12	1.24174
15	13	1.44185
15	14	1.29136
15	15	1.34226
15	16	1.65765
15	17	1.32201
15	18	1.17977
15	19	1.36323
15	20	1.45436
15	21	1.18115
15	22	1.26731
15	23	1.16574
15	24	1.19447
15	25	1.45282
15	26	1.32145
15	27	1.28096
15	28	1.26224
15	29	1.69865
15	30	1.17788
15	31	1.22035
15	32	1.55146
15	33	1.36249
15	34	1.30238
15	35	1.21319
15	36	1.39118
15	37	1.24942
15	38	1.34673
15	39	1.49016
15	40	1.23985
15	41	1.22711
15	42	1.37953
15	43	1.48626
15	44	1.37141
15	45	1.296
15	46	1.23325
16	1	1.20839
16	2	1.48818
16	3	1.0869
16	4	1.35411
16	5	1.18247
16	6	1.37019
16	7	1.4805
16	8	1.32869
16	9	1.44835
16	10	1.16392
16	11	1.54655
16	12	1.23414
16	13	1.44185
16	14	1.26332
16	15	1.26033
16	16	1.6668
16	17	1.28496
16	18	1.19204
16	19	1.35317
16	20	1.41751
16	21	1.14791
16	22	1.17117
16	23	1.17321
16	24	1.17426
16	25	1.43978
16	26	1.31951
16	27	1.26249
16	28	1.27255
16	29	1.62865
16	30	1.13882
16	31	1.20838
16	32	1.50736
16	33	1.33682
16	34	1.28577
16	35	1.21757
16	36	1.35587
16	37	1.22478
16	38	1.34305
16	39	1.48271
16	40	1.24612
16	41	1.20813
16	42	1.37269
16	43	1.45719
16	44	1.34675
16	45	1.27557
16	46	1.22528
17	1	1.23069
17	2	1.48818
17	3	1.10326
17	4	1.37623
17	5	1.20134
17	6	1.38896
17	7	1.48831
17	8	1.3432
17	9	1.44835
17	10	1.17949
17	11	1.54655
17	12	1.24996
17	13	1.45924
17	14	1.2705
17	15	1.25863
17	16	1.68569
17	17	1.29304
17	18	1.20384
17	19	1.36671
17	20	1.4411
17	21	1.15927
17	22	1.1823
17	23	1.17581
17	24	1.18501
17	25	1.44836
17	26	1.33106
17	27	1.25362
17	28	1.28099
17	29	1.65099
17	30	1.14557
17	31	1.22157
17	32	1.50257
17	33	1.35105
17	34	1.29195
17	35	1.2328
17	36	1.37241
17	37	1.23298
17	38	1.34273
17	39	1.47746
17	40	1.25506
17	41	1.20306
17	42	1.35064
17	43	1.46603
17	44	1.36101
17	45	1.27688
17	46	1.23761
18	1	1.23069
18	2	1.43898
18	3	1.10326
18	4	1.36933
18	5	1.20134
18	6	1.36949
18	7	1.48831
18	8	1.30812
18	9	1.44731
18	10	1.15002
18	11	1.53447
18	12	1.22458
18	13	1.45981
18	14	1.24589
18	15	1.26711
18	16	1.63235
18	17	1.30702
18	18	1.17502
18	19	1.37931
18	20	1.40023
18	21	1.14009
18	22	1.14909
18	23	1.18412
18	24	1.15956
18	25	1.44564
18	26	1.31862
18	27	1.26401
18	28	1.27128
18	29	1.66327
18	30	1.10503
18	31	1.22028
18	32	1.48453
18	33	1.35007
18	34	1.28071
18	35	1.23724
18	36	1.34747
18	37	1.23469
18	38	1.34938
18	39	1.48566
18	40	1.24957
18	41	1.19559
18	42	1.35557
18	43	1.44898
18	44	1.35942
18	45	1.278
18	46	1.23772
19	1	1.04979
19	2	1.43898
19	3	0.973752
19	4	1.36933
19	5	1.08547
19	6	1.36949
19	7	1.40196
19	8	1.21003
19	9	1.34127
19	10	1.08406
19	11	1.44494
19	12	1.18664
19	13	1.39245
19	14	1.17624
19	15	1.22268
19	16	1.60749
19	17	1.23152
19	18	1.11922
19	19	1.28292
19	20	1.3678
19	21	1.10884
19	22	1.11035
19	23	1.14646
19	24	1.1208
19	25	1.40768
19	26	1.28772
19	27	1.18822
19	28	1.24827
19	29	1.60247
19	30	1.09797
19	31	1.1666
19	32	1.48315
19	33	1.31682
19	34	1.26255
19	35	1.16785
19	36	1.33646
19	37	1.19038
19	38	1.30698
19	39	1.43738
19	40	1.23482
19	41	1.1709
19	42	1.32001
19	43	1.42981
19	44	1.35299
19	45	1.25801
19	46	1.21066
20	1	1.04979
20	2	1.2502
20	3	0.932535
20	4	1.19024
20	5	1.01723
20	6	1.23601
20	7	1.35353
20	8	1.21003
20	9	1.29744
20	10	1.08406
20	11	1.37784
20	12	1.18664
20	13	1.30754
20	14	1.17307
20	15	1.13255
20	16	1.58202
20	17	1.17156
20	18	1.09189
20	19	1.26125
20	20	1.31005
20	21	1.10059
20	22	1.07935
20	23	1.1086
20	24	1.07628
20	25	1.39171
20	26	1.20537
20	27	1.15548
20	28	1.19249
20	29	1.56181
20	30	1.04885
20	31	1.12102
20	32	1.4204
20	33	1.2621
20	34	1.24213
20	35	1.13343
20	36	1.30126
20	37	1.14642
20	38	1.29448
20	39	1.35337
20	40	1.19342
20	41	1.13427
20	42	1.2891
20	43	1.41099
20	44	1.29455
20	45	1.23162
20	46	1.17478
