1	2	2.2282
1	3	2.22839
1	4	2.22833
1	5	2.22854
1	6	2.22847
1	7	2.22858
1	8	2.22852
1	9	2.22866
1	10	2.2286
1	11	2.22875
1	12	2.22869
1	13	2.22864
1	14	2.22879
1	15	2.22873
1	16	2.22887
1	17	2.22881
1	18	2.22877
1	19	2.22894
1	20	2.22889
1	21	2.22883
1	22	2.22912
1	23	2.22602
1	24	2.22604
1	25	2.22605
1	26	2.22607
1	27	2.22608
1	28	2.22609
1	29	2.22611
1	30	2.22613
1	31	2.22614
1	32	2.22615
1	33	2.22615
1	34	2.22618
1	35	2.22618
1	36	2.22618
1	37	2.22619
1	38	2.22621
1	39	2.22623
1	40	2.22624
1	41	2.22624
1	42	2.22626
1	43	2.22627
1	44	2.22628
1	45	2.2263
1	46	2.22631
1	47	2.22631
1	48	2.22633
1	49	2.22634
1	50	2.22636
1	51	2.22636
1	52	2.22637
1	53	2.22639
1	54	2.2264
1	55	2.22643
1	56	2.22643
1	57	2.22643
1	58	2.22647
1	59	2.22647
1	60	2.22647
1	61	2.22652
1	62	2.22652
1	63	2.22652
1	64	2.22652
1	65	2.22657
1	66	2.22656
1	67	2.22656
1	68	2.2266
1	69	2.2266
1	70	2.2266
1	71	2.2266
1	72	2.22665
1	73	2.22665
1	74	2.22665
1	75	2.22671
1	76	2.2267
1	77	2.2267
1	78	2.2267
1	79	2.22677
1	80	2.22676
1	81	2.22677
1	82	2.22676
1	83	2.22681
1	84	2.22681
1	85	2.2268
1	86	2.2268
1	87	2.2268
1	88	2.22685
1	89	2.22685
1	90	2.22684
1	91	2.22684
1	92	2.2269
1	93	2.22689
1	94	2.22689
1	95	2.22689
1	96	2.22689
1	97	2.22695
1	98	2.22695
1	99	2.22694
1	100	2.22694
2	1	0.869554
2	2	0.893866
2	3	0.853635
2	4	0.890176
2	5	0.869677
2	6	0.886113
2	7	0.87795
2	8	0.896915
2	9	0.882633
2	10	0.908802
2	11	0.923475
2	12	0.921712
2	13	0.937945
2	14	0.933868
2	15	0.956469
2	16	0.980844
2	17	0.97255
2	18	0.99583
2	19	0.997335
2	20	1.00041
2	21	1.03827
2	22	1.01719
2	23	1.02672
2	24	1.04747
2	25	1.05504
2	26	1.05441
2	27	1.07645
2	28	1.09242
2	29	1.09556
2	30	1.14374
2	31	1.13976
2	32	1.15291
2	33	1.14523
2	34	1.17625
2	35	1.19823
2	36	1.18288
2	37	1.18089
2	38	1.22556
2	39	1.22223
2	40	1.27419
2	41	1.24558
2	42	1.24909
2	43	1.29021
2	44	1.30921
2	45	1.3282
2	46	1.32322
2	47	1.30659
2	48	1.39382
2	49	1.37184
2	50	1.45513
2	51	1.4481
2	52	1.44767
2	53	1.55437
2	54	1.53344
2	55	1.68707
2	56	1.63036
2	57	1.6436
2	58	1.7574
2	59	1.7331
2	60	1.73801
2	61	1.96003
2	62	1.96084
2	63	1.89788
2	64	1.87576
2	65	2.0689
2	66	2.08342
2	67	2.06415
2	69	2.21818
2	70	2.21817
2	71	2.218
2	72	2.2191
2	73	2.21914
2	74	2.21908
2	75	2.22045
2	76	2.22032
2	77	2.2204
2	78	2.22031
2	79	2.22186
2	80	2.22174
2	81	2.21275
2	82	2.21289
2	83	2.21304
2	84	2.21309
2	85	2.21318
2	86	2.21334
2	87	2.21346
2	88	2.21337
2	89	2.21362
2	90	2.21369
2	91	2.21381
2	92	2.21379
2	93	2.21397
2	94	2.21403
2	95	2.21438
2	96	2.21453
2	97	2.21456
2	98	2.21471
2	99	2.21475
2	100	2.21485
3	1	0.869554
3	2	0.893866
3	3	0.853635
3	4	0.890176
3	5	0.869677
3	6	0.886113
3	7	0.87795
3	8	0.896915
3	9	0.882633
3	10	0.908802
3	11	0.923475
3	12	0.921712
3	13	0.937945
3	14	0.933868
3	15	0.956469
3	16	0.980844
3	17	0.97255
3	18	0.99583
3	19	0.997335
3	20	1.00041
3	21	1.03827
3	22	1.01719
3	23	1.02672
3	24	1.04747
3	25	1.05504
3	26	1.05441
3	27	1.07645
3	28	1.09242
3	29	1.09556
3	30	1.14374
3	31	1.13976
3	32	1.15291
3	33	1.14523
3	34	0.848366
3	35	0.891192
3	36	0.858326
3	37	0.876124
3	38	0.851923
3	39	0.874202
3	40	0.864166
3	41	0.857541
3	42	0.885617
3	43	0.849366
3	44	0.890094
3	45	0.846827
3	46	0.863447
3	47	0.868567
3	48	0.865932
3	49	0.876579
3	50	0.84629
3	51	0.864419
3	52	0.885136
3	53	0.854637
3	54	0.871868
3	55	0.863201
3	56	0.851352
3	57	0.8905
3	58	0.845763
3	59	0.855908
3	60	0.8752
3	61	0.854195
3	62	0.855248
3	63	0.855366
3	64	0.865225
3	65	0.821752
3	66	0.860885
3	67	0.868937
3	68	0.847721
3	69	0.844301
3	70	0.867035
3	71	0.872484
3	72	0.852473
3	73	0.870635
3	74	0.881567
3	75	0.850438
3	76	0.849869
3	77	0.865101
3	78	0.885164
3	79	0.846002
3	80	0.874798
3	81	0.872632
3	82	0.884319
3	83	0.877123
3	84	0.879846
3	85	0.892033
3	86	0.901532
3	87	0.910206
3	88	0.896061
3	89	0.912158
3	90	0.92979
3	91	0.935369
3	92	0.940697
3	93	0.92303
3	94	0.942665
3	95	0.968308
3	96	0.968239
3	97	0.922919
3	98	0.937185
3	99	0.972909
3	100	0.980405
4	1	0.869554
4	2	0.893866
4	3	0.853635
4	4	0.890176
4	5	0.869677
4	6	0.886113
4	7	0.87795
4	8	0.896915
4	9	0.882633
4	10	0.860631
4	11	0.88626
4	12	0.920053
4	13	0.902598
4	14	0.892898
4	15	0.87672
4	16	0.908428
4	17	0.927486
4	18	0.913178
4	19	0.888841
4	20	0.925482
4	21	0.918604
4	22	0.888825
4	23	0.930617
4	24	0.910487
4	25	0.889238
4	26	0.916504
4	27	0.878408
4	28	0.920389
4	29	0.898128
4	30	0.868486
4	31	0.88825
4	32	0.878148
4	33	0.888312
4	34	0.848388
4	35	0.891192
4	36	0.858326
4	37	0.876124
4	38	0.851923
4	39	0.874202
4	40	0.864166
4	41	0.857541
4	42	0.885617
4	43	0.849366
4	44	0.890094
4	45	0.846827
4	46	0.863447
4	47	0.868567
4	48	0.865932
4	49	0.876579
4	50	0.84629
4	51	0.864419
4	52	0.885136
4	53	0.854637
4	54	0.871868
4	55	0.863201
4	56	0.851352
4	57	0.8905
4	58	0.845763
4	59	0.855908
4	60	0.8752
4	61	0.854195
4	62	0.926365
4	63	0.93827
4	64	0.886132
4	65	0.905195
4	66	0.89481
4	67	0.915508
4	68	0.891853
4	69	0.899801
4	70	0.882208
4	71	0.896639
4	72	0.942805
4	73	0.900312
4	74	0.921976
4	75	0.888922
4	76	0.899824
4	77	0.929177
4	78	0.890414
4	79	0.913795
4	80	0.870727
4	81	0.87903
4	82	0.901043
4	83	0.865761
4	84	0.877369
4	85	0.900575
4	86	0.84038
4	87	0.859779
4	88	0.893723
4	89	0.840765
4	90	0.872244
4	91	0.886576
4	92	0.86701
4	93	0.854603
4	94	0.886481
4	95	0.8286
4	96	0.840241
4	97	0.838709
4	98	0.863838
4	99	0.834419
4	100	0.85195
5	1	0.898671
5	2	0.894225
5	3	0.879541
5	4	0.900821
5	5	0.910468
5	6	0.887124
5	7	0.882335
5	8	0.869809
5	9	0.857484
5	10	0.86064
5	11	0.88626
5	12	0.920053
5	13	0.902598
5	14	0.892898
5	15	0.87672
5	16	0.908428
5	17	0.927486
5	18	0.913178
5	19	0.888841
5	20	0.925482
5	21	0.918604
5	22	0.888825
5	23	0.930617
5	24	0.910487
5	25	0.889238
5	26	0.916504
5	27	0.878408
5	28	0.920389
5	29	0.898128
5	30	0.868486
5	31	0.88825
5	32	0.878148
5	33	0.888312
5	34	0.848388
5	35	0.891192
5	36	0.858326
5	37	0.904408
5	38	0.882603
5	39	0.861907
5	40	0.882708
5	41	0.892467
5	42	0.878146
5	43	0.913821
5	44	0.904578
5	45	0.866728
5	46	0.905342
5	47	0.857777
5	48	0.860038
5	49	0.891522
5	50	0.869217
5	51	0.909514
5	52	0.882748
5	53	0.929265
5	54	0.897849
5	55	0.900287
5	56	0.896858
5	57	0.887815
5	58	0.912295
5	59	0.87806
5	60	0.914729
5	61	0.912419
5	62	0.926358
5	63	0.93827
5	64	0.886132
5	65	0.905195
5	66	0.89481
5	67	0.915508
5	68	0.891853
5	69	0.899801
5	70	0.882208
5	71	0.896639
5	72	0.942805
5	73	0.900312
5	74	0.921976
5	75	0.888922
5	76	0.899824
5	77	0.929177
5	78	0.890414
5	79	0.913795
5	80	0.909983
5	81	0.852431
5	82	0.888458
5	83	0.862626
5	84	0.886138
5	85	0.851267
5	86	0.867012
5	87	0.899953
5	88	0.88001
5	89	0.897196
5	90	0.881001
5	91	0.90717
5	92	0.89228
5	93	0.888523
5	94	0.933569
5	95	0.887219
5	96	0.907158
5	97	0.85076
5	98	0.888863
5	99	0.916916
5	100	0.8837
6	1	0.898671
6	2	0.894225
6	3	0.879541
6	4	0.900821
6	5	0.910468
6	6	0.887124
6	7	0.882335
6	8	0.869809
6	9	0.857484
6	10	0.86064
6	11	0.88626
6	12	0.920053
6	13	0.902598
6	14	0.892898
6	15	0.87672
6	16	0.908428
6	17	0.927486
6	18	0.913178
6	19	0.888841
6	20	0.907411
6	21	0.90203
6	22	0.883476
6	23	0.888366
6	24	0.896491
6	25	0.893879
6	26	0.85529
6	27	0.90972
6	28	0.914021
6	29	0.898828
6	30	0.893633
6	31	0.869026
6	32	0.878243
6	33	0.91545
6	34	0.880747
6	35	0.881588
6	36	0.860269
6	37	0.904408
6	38	0.882603
6	39	0.861907
6	40	0.882708
6	41	0.892467
6	42	0.878146
6	43	0.913821
6	44	0.904578
6	45	0.866728
6	46	0.905342
6	47	0.857777
6	48	0.860038
6	49	0.891522
6	50	0.869217
6	51	0.909514
6	52	0.882748
6	53	0.929265
6	54	0.897849
6	55	0.900287
6	56	0.927036
6	57	0.914544
6	58	0.864247
6	59	0.901827
6	60	0.888681
6	61	0.885271
6	62	0.914568
6	63	0.861162
6	64	0.895816
6	65	0.862884
6	66	0.857125
6	67	0.895422
6	68	0.866014
6	69	0.891264
6	70	0.865915
6	71	0.893259
6	72	0.884652
6	73	0.845675
6	74	0.883424
6	75	0.857897
6	76	0.881542
6	77	0.852672
6	78	0.893487
6	79	0.862008
6	80	0.91
6	81	0.852431
6	82	0.888458
6	83	0.862626
6	84	0.886138
6	85	0.851267
6	86	0.867012
6	87	0.899953
6	88	0.88001
6	89	0.897196
6	90	0.881001
6	91	0.90315
6	92	0.889998
6	93	0.897133
6	94	0.868365
6	95	0.897017
6	96	0.849528
6	97	0.861644
6	98	0.844708
6	99	0.885039
6	100	0.848442
7	1	0.898671
7	2	0.894225
7	3	0.879541
7	4	0.900821
7	5	0.910468
7	6	0.887124
7	7	0.924197
7	8	0.845663
7	9	0.886548
7	10	0.924794
7	11	0.915215
7	12	0.924186
7	13	0.917579
7	14	0.939936
7	15	0.941991
7	16	0.913619
7	17	0.883973
7	18	0.894609
7	19	0.892608
7	20	0.907412
7	21	0.90203
7	22	0.883476
7	23	0.888366
7	24	0.896491
7	25	0.893879
7	26	0.85529
7	27	0.90972
7	28	0.914021
7	29	0.898828
7	30	0.893633
7	31	0.869026
7	32	0.878243
7	33	0.91545
7	34	0.880747
7	35	0.881588
7	36	0.860269
7	37	0.904408
7	38	0.896323
7	39	0.887757
7	40	0.921193
7	41	0.953457
7	42	0.954016
7	43	0.937559
7	44	0.939128
7	45	0.899916
7	46	0.884873
7	47	0.91318
7	48	0.926218
7	49	0.905685
7	50	0.893016
7	51	0.863702
7	52	0.918685
7	53	0.908993
7	54	0.877556
7	55	0.91774
7	56	0.927021
7	57	0.914544
7	58	0.864247
7	59	0.901827
7	60	0.888681
7	61	0.885271
7	62	0.914568
7	63	0.861162
7	64	0.895816
7	65	0.862884
7	66	0.857125
7	67	0.895422
7	68	0.866014
7	69	0.882203
7	70	0.936691
7	71	0.900096
7	72	0.892341
7	73	0.93371
7	74	0.916629
7	75	0.882435
7	76	0.924626
7	77	0.89738
7	78	0.879266
7	79	0.920018
7	80	0.924995
7	81	0.939763
7	82	0.904026
7	83	0.87309
7	84	0.912109
7	85	0.872265
7	86	0.903127
7	87	0.902872
7	88	0.952919
7	89	0.903419
7	90	0.862023
7	91	0.903185
7	92	0.889991
7	93	0.897133
7	94	0.868365
7	95	0.897017
7	96	0.849528
7	97	0.861644
7	98	0.844708
7	99	0.885039
7	100	0.932851
8	1	0.929779
8	2	0.900311
8	3	0.927493
8	4	0.909387
8	5	0.892381
8	6	0.895793
8	7	0.924214
8	8	0.845663
8	9	0.886548
8	10	0.924794
8	11	0.915215
8	12	0.924186
8	13	0.917579
8	14	0.939936
8	15	0.941991
8	16	0.913619
8	17	0.883973
8	18	0.894609
8	19	0.892608
8	20	0.907412
8	21	0.90203
8	22	0.883476
8	23	0.888366
8	24	0.896491
8	25	0.872803
8	26	0.87136
8	27	0.898472
8	28	0.924342
8	29	0.930272
8	30	0.882306
8	31	0.857066
8	32	0.888088
8	33	0.880541
8	34	0.858447
8	35	0.895654
8	36	0.890947
8	37	0.895484
8	38	0.896319
8	39	0.887753
8	40	0.921193
8	41	0.953457
8	42	0.954016
8	43	0.937559
8	44	0.939128
8	45	0.899916
8	46	0.884873
8	47	0.91318
8	48	0.926218
8	49	0.905685
8	50	0.893016
8	51	0.863702
8	52	0.885919
8	53	0.878858
8	54	0.868965
8	55	0.913239
8	56	0.940798
8	57	0.934095
8	58	0.903533
8	59	0.889759
8	60	0.872339
8	61	0.909083
8	62	0.959237
8	63	0.912466
8	64	0.899643
8	65	0.871802
8	66	0.943031
8	67	0.935221
8	68	0.905218
8	69	0.882235
8	70	0.936691
8	71	0.900096
8	72	0.892341
8	73	0.93371
8	74	0.916629
8	75	0.882435
8	76	0.924626
8	77	0.89738
8	78	0.879266
8	79	0.889279
8	80	0.895288
8	81	0.927205
8	82	0.900674
8	83	0.874913
8	84	0.932703
8	85	0.893816
8	86	0.856238
8	87	0.919492
8	88	0.92715
8	89	0.887039
8	90	0.936352
8	91	0.92894
8	92	0.917838
8	93	0.939129
8	94	0.923345
8	95	0.882102
8	96	0.907439
8	97	0.868361
8	98	0.919687
8	99	0.901642
8	100	0.932883
9	1	0.929779
9	2	0.900311
9	3	0.927493
9	4	0.909387
9	5	0.892381
9	6	0.895793
9	7	0.924214
9	8	0.845663
9	9	0.886548
9	10	0.924794
9	11	0.915215
9	12	0.924186
9	13	0.917579
9	14	0.939936
9	15	0.886599
9	16	0.857419
9	17	0.852222
9	18	0.827814
9	19	0.858814
9	20	0.874923
9	21	0.82752
9	22	0.848578
9	23	0.905774
9	24	0.921612
9	25	0.872803
9	26	0.871413
9	27	0.898472
9	28	0.924342
9	29	0.930272
9	30	0.882306
9	31	0.857066
9	32	0.888088
9	33	0.880541
9	34	0.858447
9	35	0.895654
9	36	0.890947
9	37	0.895484
9	38	0.896319
9	39	0.874763
9	40	0.877013
9	41	0.852339
9	42	0.836451
9	43	0.831912
9	44	0.870505
9	45	0.850253
9	46	0.87086
9	47	0.850297
9	48	0.881084
9	49	0.882684
9	50	0.872632
9	51	0.876933
9	52	0.88592
9	53	0.878858
9	54	0.868965
9	55	0.913239
9	56	0.940798
9	57	0.934095
9	58	0.903533
9	59	0.889759
9	60	0.872339
9	61	0.909083
9	62	0.959237
9	63	0.900271
9	64	0.892249
9	65	0.844222
9	66	0.851361
9	67	0.857922
9	68	0.851552
9	69	0.84716
9	70	0.845378
9	71	0.901341
9	72	0.909723
9	73	0.898384
9	74	0.890625
9	75	0.870505
9	76	0.934789
9	77	0.916427
9	78	0.894892
9	79	0.889287
9	80	0.895288
9	81	0.927205
9	82	0.900674
9	83	0.874913
9	84	0.932703
9	85	0.893816
9	86	0.856238
9	87	0.834176
9	88	0.823547
9	89	0.868477
9	90	0.862927
9	91	0.865094
9	92	0.87328
9	93	0.911693
9	94	0.900138
9	95	0.872909
9	96	0.836654
9	97	0.872894
9	98	0.867135
9	99	0.859633
9	100	0.9063
10	1	0.929779
10	2	0.900311
10	3	0.927493
10	4	0.909387
10	5	0.892381
10	6	0.800744
10	7	0.800358
10	8	0.846344
10	9	0.862216
10	10	0.865352
10	11	0.857556
10	12	0.916901
10	13	0.872953
10	14	0.837423
10	15	0.886601
10	16	0.857419
10	17	0.852222
10	18	0.827814
10	19	0.858814
10	20	0.874923
10	21	0.82752
10	22	0.848578
10	23	0.905774
10	24	0.921612
10	25	0.872803
10	26	0.871413
10	27	0.898472
10	28	0.88526
10	29	0.855924
10	30	0.889382
10	31	0.877282
10	32	0.859742
10	33	0.875556
10	34	0.879492
10	35	0.838675
10	36	0.856355
10	37	0.875019
10	38	0.871807
10	39	0.874753
10	40	0.877013
10	41	0.852339
10	42	0.836451
10	43	0.831912
10	44	0.870505
10	45	0.850253
10	46	0.87086
10	47	0.850297
10	48	0.881084
10	49	0.882684
10	50	0.857356
10	51	0.86373
10	52	0.884851
10	53	0.906381
10	54	0.900609
10	55	0.873799
10	56	0.845708
10	57	0.864675
10	58	0.844113
10	59	0.818128
10	60	0.812905
10	61	0.865877
10	62	0.855964
10	63	0.900288
10	64	0.892249
10	65	0.844222
10	66	0.851361
10	67	0.857922
10	68	0.851552
10	69	0.84716
10	70	0.845378
10	71	0.901341
10	72	0.863239
10	73	0.864661
10	74	0.862825
10	75	0.843838
10	76	0.834959
10	77	0.83534
10	78	0.914456
10	79	0.909525
10	80	0.919643
10	81	0.866834
10	82	0.849208
10	83	0.84094
10	84	0.838231
10	85	0.887149
10	86	0.858625
10	87	0.834174
10	88	0.823546
10	89	0.868477
10	90	0.862927
10	91	0.865094
10	92	0.87328
10	93	0.836663
10	94	0.9127
10	95	0.893263
10	96	0.849427
10	97	0.814487
10	98	0.818333
10	99	0.890149
10	100	0.8794
11	1	0.832341
11	2	0.831714
11	3	0.82427
11	4	0.837412
11	5	0.814193
11	6	0.800772
11	7	0.800358
11	8	0.846344
11	9	0.862216
11	10	0.865352
11	11	0.857556
11	12	0.916901
11	13	0.872953
11	14	0.837423
11	15	0.886601
11	16	0.857419
11	17	0.852222
11	18	0.827814
11	19	0.828019
11	20	0.821732
11	21	0.886076
11	22	0.82348
11	23	0.800597
11	24	0.836351
11	25	0.809814
11	26	0.831608
11	27	0.816793
11	28	0.885306
11	29	0.855924
11	30	0.889382
11	31	0.877282
11	32	0.859742
11	33	0.875556
11	34	0.879492
11	35	0.838675
11	36	0.856355
11	37	0.875019
11	38	0.871807
11	39	0.859411
11	40	0.842426
11	41	0.823999
11	42	0.835322
11	43	0.84577
11	44	0.83427
11	45	0.817591
11	46	0.853091
11	47	0.851639
11	48	0.838658
11	49	0.858665
11	50	0.857352
11	51	0.86373
11	52	0.884851
11	53	0.906381
11	54	0.900609
11	55	0.873799
11	56	0.845708
11	57	0.864675
11	58	0.844113
11	59	0.842222
11	60	0.847255
11	61	0.809576
11	62	0.813549
11	63	0.807215
11	64	0.809096
11	65	0.800392
11	66	0.835147
11	67	0.855191
11	68	0.862183
11	69	0.857656
11	70	0.861396
11	71	0.843578
11	72	0.863244
11	73	0.864661
11	74	0.862825
11	75	0.843838
11	76	0.834959
11	77	0.83534
11	78	0.914456
11	79	0.811952
11	80	0.829385
11	81	0.813739
11	82	0.808692
11	83	0.802721
11	84	0.806718
11	85	0.804851
11	86	0.869865
11	87	0.879458
11	88	0.887191
11	89	0.876695
11	90	0.869311
11	91	0.859966
11	92	0.855889
11	93	0.836662
11	94	0.9127
11	95	0.893263
11	96	0.849427
11	97	0.814487
11	98	0.818333
11	99	0.807562
11	100	0.810674
12	1	0.832341
12	2	0.831714
12	3	0.82427
12	4	0.837412
12	5	0.814193
12	6	0.800772
12	7	0.800358
12	8	0.846344
12	9	0.862216
12	10	0.865352
12	11	0.857556
12	12	0.853972
12	13	0.841457
12	14	0.825156
12	15	0.815015
12	16	0.833172
12	17	0.875549
12	18	0.853809
12	19	0.828051
12	20	0.821732
12	21	0.886076
12	22	0.82348
12	23	0.800597
12	24	0.836351
12	25	0.809814
12	26	0.831608
12	27	0.816793
12	28	0.885306
12	29	0.855924
12	30	0.820835
12	31	0.856072
12	32	0.8265
12	33	0.877897
12	34	0.817778
12	35	0.859606
12	36	0.81829
12	37	0.862072
12	38	0.812602
12	39	0.859417
12	40	0.842426
12	41	0.823999
12	42	0.835322
12	43	0.84577
12	44	0.83427
12	45	0.817591
12	46	0.853091
12	47	0.851639
12	48	0.881431
12	49	0.812229
12	50	0.832054
12	51	0.869143
12	52	0.814811
12	53	0.854435
12	54	0.865949
12	55	0.844336
12	56	0.817422
12	57	0.866245
12	58	0.851043
12	59	0.842279
12	60	0.847255
12	61	0.809576
12	62	0.813549
12	63	0.807215
12	64	0.809096
12	65	0.800392
12	66	0.835147
12	67	0.835772
12	68	0.840018
12	69	0.854267
12	70	0.855494
12	71	0.861229
12	72	0.806526
12	73	0.809584
12	74	0.818023
12	75	0.822133
12	76	0.818532
12	77	0.812956
12	78	0.827444
12	79	0.811957
12	80	0.829385
12	81	0.813739
12	82	0.808692
12	83	0.802721
12	84	0.806718
12	85	0.807501
12	86	0.818577
12	87	0.815289
12	88	0.828259
12	89	0.824064
12	90	0.816997
12	91	0.825599
12	92	0.836322
12	93	0.82705
12	94	0.827467
12	95	0.801627
12	96	0.849023
12	97	0.818947
12	98	0.807923
12	99	0.807555
12	100	0.810674
13	1	0.832341
13	2	0.831714
13	3	0.82427
13	4	0.837412
13	5	0.814193
13	6	0.802083
13	7	0.845648
13	8	0.859123
13	9	0.886428
13	10	0.864865
13	11	0.888658
13	12	0.853987
13	13	0.841457
13	14	0.825156
13	15	0.815015
13	16	0.833172
13	17	0.875549
13	18	0.853809
13	19	0.828051
13	20	0.821732
13	21	0.886076
13	22	0.82348
13	23	0.902616
13	24	0.873152
13	25	0.83833
13	26	0.842871
13	27	0.924622
13	28	0.87958
13	29	0.834569
13	30	0.820805
13	31	0.856072
13	32	0.8265
13	33	0.877897
13	34	0.817778
13	35	0.859606
13	36	0.81829
13	37	0.862072
13	38	0.812602
13	39	0.859417
13	40	0.868685
13	41	0.874867
13	42	0.867488
13	43	0.910433
13	44	0.831937
13	45	0.827698
13	46	0.802504
13	47	0.803144
13	48	0.881406
13	49	0.812229
13	50	0.832054
13	51	0.869143
13	52	0.814811
13	53	0.854435
13	54	0.865949
13	55	0.844336
13	56	0.844444
13	57	0.912942
13	58	0.863245
13	59	0.882563
13	60	0.891326
13	61	0.826132
13	62	0.826723
13	63	0.844147
13	64	0.858567
13	65	0.772247
13	66	0.800299
13	67	0.835803
13	68	0.840021
13	69	0.854267
13	70	0.855494
13	71	0.861229
13	72	0.806526
13	73	0.899732
13	74	0.859661
13	75	0.863453
13	76	0.862555
13	77	0.844681
13	78	0.866848
13	79	0.868524
13	80	0.8258
13	81	0.816014
13	82	0.807618
13	83	0.80345
13	84	0.816638
13	85	0.807518
13	86	0.818578
13	87	0.815289
13	88	0.828259
13	89	0.824064
13	90	0.854385
13	91	0.876531
13	92	0.876068
13	93	0.825827
13	94	0.834286
13	95	0.821708
13	96	0.81666
13	97	0.789294
13	98	0.806117
13	99	0.812944
13	100	0.801326
14	1	0.766139
14	2	0.758494
14	3	0.81399
14	4	0.814072
14	5	0.874013
14	6	0.80216
14	7	0.845648
14	8	0.859123
14	9	0.886428
14	10	0.864865
14	11	0.888658
14	12	0.853987
14	13	0.841457
14	14	0.825156
14	15	0.815015
14	16	0.767721
14	17	0.775217
14	18	0.835513
14	19	0.82711
14	20	0.863655
14	21	0.888117
14	22	0.850981
14	23	0.902607
14	24	0.873152
14	25	0.83833
14	26	0.842871
14	27	0.924622
14	28	0.87958
14	29	0.834569
14	30	0.820805
14	31	0.856072
14	32	0.805493
14	33	0.807395
14	34	0.854753
14	35	0.860704
14	36	0.832075
14	37	0.816076
14	38	0.885949
14	39	0.868573
14	40	0.86872
14	41	0.87487
14	42	0.867488
14	43	0.910433
14	44	0.831937
14	45	0.827698
14	46	0.802504
14	47	0.819674
14	48	0.842844
14	49	0.798745
14	50	0.83985
14	51	0.82987
14	52	0.891777
14	53	0.853361
14	54	0.905558
14	55	0.879142
14	56	0.844471
14	57	0.912942
14	58	0.863245
14	59	0.882563
14	60	0.891326
14	61	0.826132
14	62	0.826723
14	63	0.863797
14	64	0.817183
14	65	0.815443
14	66	0.790391
14	67	0.856961
14	68	0.866396
14	69	0.910145
14	70	0.848272
14	71	0.85049
14	72	0.877621
14	73	0.899752
14	74	0.859661
14	75	0.863453
14	76	0.862555
14	77	0.844681
14	78	0.866848
14	79	0.843606
14	80	0.882738
14	81	0.884583
14	82	0.814495
14	83	0.817329
14	84	0.854514
14	85	0.874097
14	86	0.88357
14	87	0.893048
14	88	0.89861
14	89	0.846346
14	90	0.854378
14	91	0.876531
14	92	0.876068
14	93	0.825827
14	94	0.860847
14	95	0.861894
14	96	0.861196
14	97	0.846458
14	98	0.87648
14	99	0.80745
14	100	0.829889
15	1	0.766139
15	2	0.758494
15	3	0.81399
15	4	0.814072
15	5	0.874013
15	6	0.80216
15	7	0.845648
15	8	0.859123
15	9	0.886428
15	10	0.864865
15	11	0.752634
15	12	0.807406
15	13	0.722394
15	14	0.751066
15	15	0.77344
15	16	0.767749
15	17	0.775217
15	18	0.835513
15	19	0.82711
15	20	0.863655
15	21	0.888117
15	22	0.850981
15	23	0.902607
15	24	0.873152
15	25	0.704091
15	26	0.703395
15	27	0.756322
15	28	0.801668
15	29	0.762577
15	30	0.787749
15	31	0.793493
15	32	0.805497
15	33	0.807395
15	34	0.854753
15	35	0.860704
15	36	0.832075
15	37	0.816076
15	38	0.885949
15	39	0.868573
15	40	0.747364
15	41	0.794274
15	42	0.782304
15	43	0.722754
15	44	0.726809
15	45	0.779668
15	46	0.769553
15	47	0.8197
15	48	0.842844
15	49	0.798745
15	50	0.83985
15	51	0.82987
15	52	0.891777
15	53	0.853361
15	54	0.747918
15	55	0.768016
15	56	0.764812
15	57	0.72897
15	58	0.784177
15	59	0.735889
15	60	0.814112
15	61	0.804797
15	62	0.841822
15	63	0.863784
15	64	0.817183
15	65	0.815443
15	66	0.790391
15	67	0.856961
15	68	0.866396
15	69	0.727018
15	70	0.773503
15	71	0.791652
15	72	0.747946
15	73	0.79117
15	74	0.751743
15	75	0.769861
15	76	0.816219
15	77	0.871532
15	78	0.810584
15	79	0.843587
15	80	0.882738
15	81	0.884583
15	82	0.814495
15	83	0.724979
15	84	0.766425
15	85	0.778638
15	86	0.705884
15	87	0.744293
15	88	0.790948
15	89	0.830471
15	90	0.839519
15	91	0.808961
15	92	0.83286
15	93	0.823123
15	94	0.860852
15	95	0.861894
15	96	0.861196
15	97	0.846458
15	98	0.746688
15	99	0.764411
15	100	0.768271
16	1	0.766139
16	2	0.758494
16	3	0.81399
16	4	0.814072
16	5	0.874013
16	6	0.724194
16	7	0.726312
16	8	0.698467
16	9	0.691026
16	10	0.785399
16	11	0.752661
16	12	0.807411
16	13	0.722395
16	14	0.751066
16	15	0.77344
16	16	0.767749
16	17	0.775217
16	18	0.835513
16	19	0.734906
16	20	0.687499
16	21	0.773861
16	22	0.737987
16	23	0.706771
16	24	0.702169
16	25	0.704101
16	26	0.703395
16	27	0.756322
16	28	0.801668
16	29	0.762577
16	30	0.787749
16	31	0.793493
16	32	0.805497
16	33	0.725645
16	34	0.738617
16	35	0.725138
16	36	0.719054
16	37	0.71425
16	38	0.696431
16	39	0.702603
16	40	0.747357
16	41	0.794274
16	42	0.782304
16	43	0.722754
16	44	0.726809
16	45	0.779668
16	46	0.769553
16	47	0.693903
16	48	0.697334
16	49	0.674469
16	50	0.753182
16	51	0.730018
16	52	0.703794
16	53	0.789466
16	54	0.747944
16	55	0.768016
16	56	0.764812
16	57	0.72897
16	58	0.784177
16	59	0.735889
16	60	0.736077
16	61	0.707204
16	62	0.772864
16	63	0.717194
16	64	0.767495
16	65	0.663517
16	66	0.741589
16	67	0.72212
16	68	0.760898
16	69	0.727036
16	70	0.773503
16	71	0.791652
16	72	0.747946
16	73	0.79117
16	74	0.751248
16	75	0.706264
16	76	0.760712
16	77	0.703487
16	78	0.754608
16	79	0.798726
16	80	0.755404
16	81	0.762124
16	82	0.770497
16	83	0.724933
16	84	0.766425
16	85	0.778638
16	86	0.705884
16	87	0.744293
16	88	0.7018
16	89	0.743407
16	90	0.776336
16	91	0.685248
16	92	0.737038
16	93	0.7412
16	94	0.790522
16	95	0.689659
16	96	0.704265
16	97	0.703838
16	98	0.746784
16	99	0.76441
16	100	0.768271
17	1	0.72996
17	2	0.754632
17	3	0.738279
17	4	0.644338
17	5	0.675595
17	6	0.724152
17	7	0.726312
17	8	0.698467
17	9	0.691026
17	10	0.785399
17	11	0.752661
17	12	0.807411
17	13	0.722395
17	14	0.737518
17	15	0.679034
17	16	0.655038
17	17	0.695247
17	18	0.684267
17	19	0.734903
17	20	0.687499
17	21	0.773861
17	22	0.737987
17	23	0.706771
17	24	0.702169
17	25	0.704101
17	26	0.703395
17	27	0.64434
17	28	0.717573
17	29	0.744139
17	30	0.667658
17	31	0.664694
17	32	0.717515
17	33	0.725646
17	34	0.738617
17	35	0.725138
17	36	0.719054
17	37	0.71425
17	38	0.696431
17	39	0.702603
17	40	0.679297
17	41	0.657337
17	42	0.644861
17	43	0.742551
17	44	0.753068
17	45	0.735304
17	46	0.71225
17	47	0.693947
17	48	0.697334
17	49	0.674469
17	50	0.753182
17	51	0.730018
17	52	0.703794
17	53	0.705835
17	54	0.670334
17	55	0.714687
17	56	0.722585
17	57	0.720629
17	58	0.680534
17	59	0.732121
17	60	0.736064
17	61	0.707204
17	62	0.772864
17	63	0.717194
17	64	0.767495
17	65	0.663517
17	66	0.680523
17	67	0.660516
17	68	0.74328
17	69	0.697046
17	70	0.778438
17	71	0.6985
17	72	0.763919
17	73	0.740988
17	74	0.751248
17	75	0.706264
17	76	0.760712
17	77	0.703487
17	78	0.754608
17	79	0.723962
17	80	0.682073
17	81	0.709784
17	82	0.745724
17	83	0.688128
17	84	0.736335
17	85	0.661543
17	86	0.70176
17	87	0.74426
17	88	0.7018
17	89	0.743407
17	90	0.776336
17	91	0.738769
17	92	0.700484
17	93	0.729498
17	94	0.682115
17	95	0.690443
17	96	0.713159
17	97	0.711439
17	98	0.66122
17	99	0.720229
17	100	0.732079
18	1	0.72996
18	2	0.754632
18	3	0.738279
18	4	0.644338
18	5	0.675595
18	6	0.724152
18	7	0.726312
18	8	0.698467
18	9	0.691026
18	10	0.685256
18	11	0.699386
18	12	0.695126
18	13	0.618436
18	14	0.737545
18	15	0.679034
18	16	0.655038
18	17	0.695247
18	18	0.684267
18	19	0.734903
18	20	0.687499
18	21	0.773861
18	22	0.69237
18	23	0.654417
18	24	0.714209
18	25	0.644274
18	26	0.710674
18	27	0.644358
18	28	0.717573
18	29	0.744139
18	30	0.667658
18	31	0.664694
18	32	0.717515
18	33	0.725646
18	34	0.607427
18	35	0.634083
18	36	0.645756
18	37	0.696137
18	38	0.728561
18	39	0.728599
18	40	0.679299
18	41	0.657337
18	42	0.644861
18	43	0.742551
18	44	0.753068
18	45	0.735304
18	46	0.697697
18	47	0.672155
18	48	0.731399
18	49	0.710446
18	50	0.749144
18	51	0.723031
18	52	0.675289
18	53	0.705799
18	54	0.670334
18	55	0.714687
18	56	0.722585
18	57	0.720629
18	58	0.670713
18	59	0.646976
18	60	0.675083
18	61	0.699902
18	62	0.78412
18	63	0.69603
18	64	0.648219
18	65	0.666824
18	66	0.680526
18	67	0.660516
18	68	0.74328
18	69	0.697046
18	70	0.661535
18	71	0.705358
18	72	0.71348
18	73	0.696937
18	74	0.743683
18	75	0.647377
18	76	0.735224
18	77	0.666143
18	78	0.652081
18	79	0.723945
18	80	0.682073
18	81	0.709784
18	82	0.745724
18	83	0.639952
18	84	0.744576
18	85	0.668446
18	86	0.723083
18	87	0.651738
18	88	0.709049
18	89	0.637584
18	90	0.712912
18	91	0.738767
18	92	0.700484
18	93	0.729498
18	94	0.682115
18	95	0.686666
18	96	0.609722
18	97	0.665643
18	98	0.71188
18	99	0.636547
18	100	0.683782
19	1	0.72996
19	2	0.754632
19	3	0.738279
19	4	0.644338
19	5	0.760028
19	6	0.745799
19	7	0.637585
19	8	0.609616
19	9	0.678759
19	10	0.685259
19	11	0.699386
19	12	0.695126
19	13	0.618436
19	14	0.737545
19	15	0.679034
19	16	0.655038
19	17	0.668097
19	18	0.660665
19	19	0.796536
19	20	0.762381
19	21	0.704109
19	22	0.692369
19	23	0.654417
19	24	0.714209
19	25	0.644274
19	26	0.710674
19	27	0.644358
19	28	0.717573
19	29	0.691912
19	30	0.751514
19	31	0.76389
19	32	0.701746
19	33	0.708353
19	34	0.607413
19	35	0.634083
19	36	0.645756
19	37	0.696137
19	38	0.728561
19	39	0.728599
19	40	0.72413
19	41	0.705821
19	42	0.704605
19	43	0.742257
19	44	0.718005
19	45	0.683584
19	46	0.697705
19	47	0.672155
19	48	0.731399
19	49	0.710446
19	50	0.749144
19	51	0.723031
19	52	0.660785
19	53	0.689553
19	54	0.667253
19	55	0.680346
19	56	0.709833
19	57	0.691874
19	58	0.670716
19	59	0.646976
19	60	0.675083
19	61	0.699902
19	62	0.78412
19	63	0.778839
19	64	0.74239
19	65	0.687923
19	66	0.652448
19	67	0.587893
19	68	0.709108
19	69	0.67213
19	70	0.661469
19	71	0.705358
19	72	0.71348
19	73	0.696937
19	74	0.743683
19	75	0.658467
19	76	0.685898
19	77	0.752743
19	78	0.662283
19	79	0.625537
19	80	0.698133
19	81	0.637103
19	82	0.699933
19	83	0.639892
19	84	0.744576
19	85	0.668446
19	86	0.649024
19	87	0.738465
19	88	0.701078
19	89	0.732984
19	90	0.665608
19	91	0.692601
19	92	0.668088
19	93	0.708217
19	94	0.647476
19	95	0.686655
19	96	0.609722
19	97	0.665643
19	98	0.681874
19	99	0.755876
19	100	0.673908
20	1	0.72996
20	2	0.729277
20	3	0.721677
20	4	0.816928
20	5	0.760044
20	6	0.745799
20	7	0.637585
20	8	0.609616
20	9	0.678759
20	10	0.685259
20	11	0.699386
20	12	0.695126
20	13	0.783423
20	14	0.699845
20	15	0.695492
20	16	0.684502
20	17	0.668119
20	18	0.660665
20	19	0.796536
20	20	0.762381
20	21	0.704109
20	22	0.692369
20	23	0.654417
20	24	0.774638
20	25	0.706712
20	26	0.662397
20	27	0.76541
20	28	0.797004
20	29	0.691808
20	30	0.751515
20	31	0.76389
20	32	0.701746
20	33	0.708353
20	34	0.607413
20	35	0.67007
20	36	0.746945
20	37	0.813337
20	38	0.696905
20	39	0.783989
20	40	0.724145
20	41	0.705821
20	42	0.704605
20	43	0.742257
20	44	0.718005
20	45	0.683584
20	46	0.703976
20	47	0.696699
20	48	0.787785
20	49	0.753645
20	50	0.826829
20	51	0.675931
20	52	0.660772
20	53	0.689553
20	54	0.667253
20	55	0.680346
20	56	0.709833
20	57	0.719287
20	58	0.69364
20	59	0.657736
20	60	0.682228
20	61	0.745807
20	62	0.711205
20	63	0.778833
20	64	0.74239
20	65	0.687923
20	66	0.652448
20	67	0.587893
20	68	0.859892
20	69	0.78657
20	70	0.782124
20	71	0.7079
20	72	0.741403
20	73	0.670835
20	74	0.764521
20	75	0.658464
20	76	0.685898
20	77	0.752743
20	78	0.662283
20	79	0.783107
20	80	0.755842
20	81	0.661639
20	82	0.761325
20	83	0.708348
20	84	0.679832
20	85	0.706183
20	86	0.64902
20	87	0.738442
20	88	0.701078
20	89	0.779317
20	90	0.721552
20	91	0.789452
20	92	0.72906
20	93	0.815412
20	94	0.766005
20	95	0.648272
20	96	0.678149
20	97	0.75048
20	98	0.681924
20	99	0.755874
20	100	0.703467
21	1	0.775857
21	2	0.729394
21	3	0.721682
21	4	0.816923
21	5	0.760044
21	6	0.745799
21	7	0.637585
21	8	0.609616
21	9	0.723509
21	10	0.702924
21	11	0.707025
21	12	0.780527
21	13	0.783429
21	14	0.699845
21	15	0.695492
21	16	0.684502
21	17	0.668119
21	18	0.660665
21	19	0.890197
21	20	0.707045
21	21	0.649405
21	22	0.754007
21	23	0.784424
21	24	0.774613
21	25	0.706712
21	26	0.662397
21	27	0.76541
21	28	0.797004
21	29	0.691808
21	30	0.699623
21	31	0.749738
21	32	0.67888
21	33	0.676787
21	34	0.724457
21	35	0.67004
21	36	0.746953
21	37	0.813337
21	38	0.696905
21	39	0.783989
21	40	0.750719
21	41	0.702332
21	42	0.786592
21	43	0.647651
21	44	0.806351
21	45	0.797664
21	46	0.703977
21	47	0.696699
21	48	0.787785
21	49	0.753645
21	50	0.826829
21	51	0.679307
21	52	0.700579
21	53	0.735713
21	54	0.769375
21	55	0.748147
21	56	0.700754
21	57	0.719236
21	58	0.693639
21	59	0.657736
21	60	0.682228
21	61	0.699054
21	62	0.725796
21	63	0.654583
21	64	0.696323
21	65	0.636777
21	66	0.675608
21	67	0.63582
21	68	0.859883
21	69	0.78657
21	70	0.782124
21	71	0.7079
21	72	0.7567
21	73	0.728167
21	74	0.720626
21	75	0.691475
21	76	0.702138
21	77	0.700865
21	78	0.801413
21	79	0.783235
21	80	0.755841
21	81	0.661639
21	82	0.703606
21	83	0.630758
21	84	0.637665
21	85	0.750807
21	86	0.724158
21	87	0.731315
21	88	0.816113
21	89	0.779326
21	90	0.721551
21	91	0.789452
21	92	0.667596
21	93	0.641965
21	94	0.73421
21	95	0.685449
21	96	0.77051
21	97	0.714343
21	98	0.666634
21	99	0.765698
21	100	0.703546
22	1	0.775857
22	2	0.729394
22	3	0.721682
22	4	0.816923
22	5	0.836742
22	6	0.795551
22	7	0.779492
22	8	0.790026
22	9	0.723575
22	10	0.702924
22	11	0.707025
22	12	0.780527
22	13	0.783429
22	14	0.699845
22	15	0.810513
22	16	0.819652
22	17	0.822872
22	18	0.81982
22	19	0.890104
22	20	0.707022
22	21	0.649405
22	22	0.754007
22	23	0.784424
22	24	0.774613
22	25	0.723991
22	26	0.811942
22	27	0.811276
22	28	0.831426
22	29	0.706045
22	30	0.699625
22	31	0.749738
22	32	0.67888
22	33	0.676787
22	34	0.724457
22	35	0.8589
22	36	0.862819
22	37	0.795631
22	38	0.809561
22	39	0.754512
22	40	0.750746
22	41	0.702331
22	42	0.786592
22	43	0.647651
22	44	0.806351
22	45	0.792027
22	46	0.818144
22	47	0.818777
22	48	0.785917
22	49	0.751176
22	50	0.717673
22	51	0.679306
22	52	0.700579
22	53	0.735713
22	54	0.769375
22	55	0.876318
22	56	0.77048
22	57	0.768298
22	58	0.786152
22	59	0.734398
22	60	0.65279
22	61	0.699131
22	62	0.725796
22	63	0.654583
22	64	0.696323
22	65	0.841036
22	66	0.83626
22	67	0.76896
22	68	0.733646
22	69	0.65892
22	70	0.709346
22	71	0.755737
22	72	0.75679
22	73	0.728124
22	74	0.720625
22	75	0.767833
22	76	0.794499
22	77	0.747253
22	78	0.727703
22	79	0.695714
22	80	0.705339
22	81	0.731147
22	82	0.703605
22	83	0.630758
22	84	0.637665
22	85	0.72598
22	86	0.865753
22	87	0.809712
22	88	0.78149
22	89	0.70132
22	90	0.681985
22	91	0.751086
22	92	0.66756
22	93	0.641965
22	94	0.73421
22	95	0.818856
22	96	0.71845
22	97	0.674689
22	98	0.746266
22	99	0.709225
22	100	0.65469
23	1	0.775857
23	2	0.779215
23	3	0.853766
23	4	0.86544
23	5	0.836804
23	6	0.795551
23	7	0.779492
23	8	0.790026
23	9	0.723575
23	10	0.702924
23	11	0.707025
23	12	0.836338
23	13	0.831433
23	14	0.662067
23	15	0.810483
23	16	0.819652
23	17	0.822872
23	18	0.81982
23	19	0.890104
23	20	0.707022
23	21	0.841586
23	22	0.715085
23	23	0.727061
23	24	0.759171
23	25	0.723942
23	26	0.811945
23	27	0.811276
23	28	0.831426
23	29	0.706045
23	30	0.699625
23	31	0.804192
23	32	0.765975
23	33	0.703312
23	34	0.617683
23	35	0.858857
23	36	0.862819
23	37	0.795631
23	38	0.809561
23	39	0.754512
23	40	0.790945
23	41	0.812727
23	42	0.697348
23	43	0.803766
23	44	0.836668
23	45	0.792074
23	46	0.818144
23	47	0.818777
23	48	0.785917
23	49	0.751176
23	50	0.746826
23	51	0.761133
23	52	0.802817
23	53	0.72213
23	54	0.843919
23	55	0.876262
23	56	0.770477
23	57	0.768298
23	58	0.786152
23	59	0.746016
23	60	0.823244
23	61	0.71928
23	62	0.785928
23	63	0.770378
23	64	0.900007
23	65	0.84112
23	66	0.836263
23	67	0.76896
23	68	0.733646
23	69	0.717057
23	70	0.733025
23	71	0.727617
23	72	0.770957
23	73	0.836822
23	74	0.869425
23	75	0.767874
23	76	0.794499
23	77	0.747253
23	78	0.815735
23	79	0.788084
23	80	0.798473
23	81	0.762251
23	82	0.791188
23	83	0.787502
23	84	0.805188
23	85	0.726065
23	86	0.865835
23	87	0.809712
23	88	0.699772
23	89	0.799759
23	90	0.799372
23	91	0.775817
23	92	0.79634
23	93	0.818201
23	94	0.940042
23	95	0.81885
23	96	0.71845
23	97	0.674689
23	98	0.644896
23	99	0.67555
23	100	0.787727
24	1	0.755263
24	2	0.779328
24	3	0.853766
24	4	0.86544
24	5	0.836804
24	6	0.795551
24	7	0.779492
24	8	1.03241
24	9	0.877469
24	10	0.819497
24	11	0.793441
24	12	0.836331
24	13	0.831433
24	14	0.662067
24	15	0.810483
24	16	0.819652
24	17	1.08557
24	18	0.867757
24	19	0.800162
24	20	0.795407
24	21	0.8416
24	22	0.715081
24	23	0.727061
24	24	0.759171
24	25	0.723942
24	26	0.811945
24	27	0.769138
24	28	0.855179
24	29	0.767452
24	30	0.802025
24	31	0.804193
24	32	0.765975
24	33	0.703312
24	34	0.617683
24	35	0.858857
24	36	0.886857
24	37	0.828509
24	38	0.75097
24	39	0.7634
24	40	0.790973
24	41	0.812725
24	42	0.697348
24	43	0.803766
24	44	0.836668
24	45	0.743794
24	46	0.828908
24	47	0.712006
24	48	0.735251
24	49	0.820827
24	50	0.746835
24	51	0.761133
24	52	0.802817
24	53	0.72213
24	54	0.804085
24	55	0.830817
24	56	0.757152
24	57	0.860564
24	58	0.747978
24	59	0.745985
24	60	0.823243
24	61	0.71928
24	62	0.785928
24	63	0.836239
24	64	0.751957
24	65	0.72349
24	66	0.829727
24	67	0.804074
24	68	0.763898
24	69	0.717154
24	70	0.733027
24	71	0.727617
24	72	0.743926
24	73	0.77477
24	74	0.796538
24	75	0.739917
24	76	0.841601
24	77	0.830672
24	78	0.815758
24	79	0.788084
24	80	0.798473
24	81	0.731729
24	82	0.784782
24	83	0.696835
24	84	0.796353
24	85	0.760943
24	86	0.7643
24	87	0.758954
24	88	0.699759
24	89	0.799759
24	90	0.799372
24	91	0.815231
24	92	0.755383
24	93	0.8117
24	94	0.797844
24	95	0.677148
24	96	0.80176
24	97	0.760434
24	98	0.644866
24	99	0.67555
24	100	0.788061
25	1	0.755263
25	2	0.779328
25	3	0.853766
25	4	0.86544
25	5	0.956804
25	6	0.968069
25	7	0.964204
25	8	1.03238
25	9	0.877464
25	10	0.819497
25	11	0.793441
25	12	0.836331
25	13	0.831433
25	14	0.967371
25	15	0.995758
25	16	0.98926
25	17	1.08523
25	18	0.86781
25	19	0.800152
25	20	0.795407
25	21	0.8416
25	22	0.715081
25	23	1.00324
25	24	0.914328
25	25	1.03484
25	26	1.01951
25	27	0.769135
25	28	0.855179
25	29	0.767452
25	30	0.802025
25	31	0.804193
25	32	0.959607
25	33	0.967589
25	34	1.00593
25	35	0.965021
25	36	0.886868
25	37	0.828509
25	38	0.75097
25	39	0.7634
25	40	1.0014
25	41	1.06424
25	42	1.05527
25	43	0.983218
25	44	0.93159
25	45	0.743797
25	46	0.828908
25	47	0.712006
25	48	0.735251
25	49	0.968623
25	50	0.932445
25	51	1.11944
25	52	0.950293
25	53	0.966423
25	54	0.804122
25	55	0.830817
25	56	0.757152
25	57	0.860564
25	58	0.999611
25	59	0.916979
25	60	1.07914
25	61	0.866357
25	62	0.882612
25	63	0.836264
25	64	0.751957
25	65	0.72349
25	66	0.829727
25	67	0.944899
25	68	1.02199
25	69	0.929597
25	70	0.98521
25	71	0.885089
25	72	0.744196
25	73	0.774771
25	74	0.796538
25	75	0.739917
25	76	1.0429
25	77	1.14402
25	78	0.895799
25	79	0.834455
25	80	0.829363
25	81	0.731824
25	82	0.784773
25	83	0.696835
25	84	0.963251
25	85	0.992418
25	86	1.07535
25	87	1.00775
25	88	0.906028
25	89	0.862535
25	90	0.800056
25	91	0.815241
25	92	0.755383
25	93	0.996721
25	94	1.05572
25	95	0.917087
25	96	0.834669
25	97	0.725378
25	98	0.824936
25	99	0.800735
25	100	0.788111
26	1	0.755263
26	2	0.896351
26	3	1.03681
26	4	0.960532
26	5	0.956785
26	6	0.968069
26	7	0.964204
26	8	1.03238
26	9	0.877464
26	10	0.819497
26	11	0.906789
26	12	0.982864
26	13	0.973305
26	14	0.967255
26	15	0.995758
26	16	0.98926
26	17	1.08523
26	18	0.86781
26	19	0.903141
26	20	0.994974
26	21	0.92134
26	22	0.933194
26	23	1.00322
26	24	0.914329
26	25	1.03484
26	26	1.01951
26	27	0.769135
26	28	0.929937
26	29	0.900522
26	30	0.89384
26	31	0.984447
26	32	0.9596
26	33	0.967588
26	34	1.00593
26	35	0.965021
26	36	0.922427
26	37	0.996027
26	38	1.01444
26	39	0.9271
26	40	1.00133
26	41	1.0641
26	42	1.05519
26	43	0.983218
26	44	0.93159
26	45	0.819595
26	46	0.851346
26	47	0.963928
26	48	1.05472
26	49	0.968517
26	50	0.932444
26	51	1.11944
26	52	0.950293
26	53	0.927369
26	54	0.856617
26	55	1.01612
26	56	1.0098
26	57	0.931159
26	58	0.999599
26	59	0.916979
26	60	1.07914
26	61	0.866357
26	62	0.968548
26	63	0.866967
26	64	1.015
26	65	0.833505
26	66	0.969678
26	67	0.94493
26	68	1.02199
26	69	0.929597
26	70	0.846494
26	71	0.909537
26	72	1.01834
26	73	0.936914
26	74	0.977525
26	75	0.909574
26	76	1.04291
26	77	1.14402
26	78	0.909022
26	79	0.950206
26	80	0.897355
26	81	0.896316
26	82	0.927749
26	83	0.863319
26	84	0.963315
26	85	0.992418
26	86	1.07535
26	87	0.877644
26	88	0.915365
26	89	0.992125
26	90	0.962349
26	91	0.997016
26	92	0.95083
26	93	0.99668
26	94	1.05572
26	95	0.898179
26	96	0.940605
26	97	0.922064
26	98	0.93099
26	99	0.919282
26	100	0.939175
27	1	0.910352
27	2	0.89635
27	3	1.03683
27	4	0.960532
27	5	0.956785
27	6	0.968069
27	7	0.964204
27	8	0.852303
27	9	0.978224
27	10	0.915652
27	11	0.906786
27	12	0.982864
27	13	0.973305
27	14	0.967255
27	15	0.995758
27	16	0.902183
27	17	0.952173
27	18	0.955111
27	19	0.903128
27	20	0.994975
27	21	0.92134
27	22	0.933194
27	23	1.00322
27	24	1.0185
27	25	0.937993
27	26	0.939544
27	27	0.974216
27	28	0.929943
27	29	0.900523
27	30	0.89384
27	31	0.984447
27	32	0.870888
27	33	1.00524
27	34	0.853312
27	35	0.978657
27	36	0.922403
27	37	0.996027
27	38	1.01444
27	39	0.9271
27	40	0.935866
27	41	0.864439
27	42	0.921844
27	43	0.895645
27	44	0.876117
27	45	0.81958
27	46	0.851343
27	47	0.963928
27	48	1.05472
27	49	0.897038
27	50	0.949195
27	51	0.89905
27	52	1.00013
27	53	0.927389
27	54	0.856617
27	55	1.01612
27	56	1.0098
27	57	0.913
27	58	0.90364
27	59	0.971976
27	60	0.928688
27	61	0.833227
27	62	0.968488
27	63	0.866966
27	64	1.015
27	65	0.911618
27	66	0.936463
27	67	0.919157
27	68	0.880913
27	69	0.888413
27	70	0.846366
27	71	0.909532
27	72	1.01834
27	73	1.00653
27	74	0.939868
27	75	0.862371
27	76	1.04834
27	77	0.87615
27	78	0.909065
27	79	0.950206
27	80	0.897355
27	81	0.952609
27	82	0.918309
27	83	0.817556
27	84	0.955796
27	85	0.891796
27	86	0.811274
27	87	0.877531
27	88	0.915365
27	89	0.881749
27	90	0.904884
27	91	0.936442
27	92	0.881291
27	93	0.913084
27	94	0.954728
27	95	0.898217
27	96	0.940606
27	97	0.832792
27	98	0.828407
27	99	0.849121
27	100	0.845469
28	1	0.910352
28	2	0.89635
28	3	1.03683
28	4	0.960532
28	5	1.03365
28	6	0.91189
28	7	1.07426
28	8	0.85232
28	9	0.978221
28	10	0.915651
28	11	0.906786
28	12	0.982864
28	13	0.919564
28	14	0.988326
28	15	0.869002
28	16	0.902136
28	17	0.952173
28	18	0.955111
28	19	0.903128
28	20	0.994975
28	21	0.88949
28	22	0.884367
28	23	0.869333
28	24	1.01848
28	25	0.937993
28	26	0.939544
28	27	0.974216
28	28	0.929943
28	29	1.00489
28	30	1.00347
28	31	0.844603
28	32	0.87088
28	33	1.00524
28	34	0.853312
28	35	0.978657
28	36	0.922403
28	37	0.936821
28	38	1.00927
28	39	0.982626
28	40	0.935865
28	41	0.864439
28	42	0.921844
28	43	0.895645
28	44	0.924395
28	45	0.876136
28	46	0.859586
28	47	0.793985
28	48	0.930525
28	49	0.896979
28	50	0.949193
28	51	0.89905
28	52	0.976177
28	53	0.940959
28	54	0.814221
28	55	0.974147
28	56	0.972383
28	57	0.91295
28	58	0.90364
28	59	0.971976
28	60	0.968555
28	61	0.927014
28	62	1.05016
28	63	0.876206
28	64	0.852689
28	65	0.911596
28	66	0.936463
28	67	0.919157
28	68	0.938922
28	69	1.03818
28	70	0.930266
28	71	0.980902
28	72	0.930977
28	73	1.00654
28	74	0.939868
28	75	0.862371
28	76	0.965701
28	77	0.953489
28	78	1.01372
28	79	0.834003
28	80	0.986292
28	81	0.952603
28	82	0.918309
28	83	0.817556
28	84	1.05819
28	85	0.815686
28	86	0.872744
28	87	0.947222
28	88	1.00813
28	89	0.881771
28	90	0.904884
28	91	0.945421
28	92	0.972415
28	93	1.02348
28	94	1.01367
28	95	0.968231
28	96	0.816322
28	97	0.832744
28	98	0.828407
28	99	0.829142
28	100	0.805162
29	1	0.910352
29	2	0.89635
29	3	1.07849
29	4	1.02597
29	5	1.03367
29	6	0.91189
29	7	1.07426
29	8	0.85232
29	9	0.978221
29	10	1.1673
29	11	1.06135
29	12	0.997134
29	13	0.919602
29	14	0.988328
29	15	0.869002
29	16	0.902136
29	17	0.952173
29	18	0.943809
29	19	1.01561
29	20	0.994865
29	21	0.88949
29	22	0.884367
29	23	0.869333
29	24	1.01848
29	25	1.09765
29	26	1.0582
29	27	0.985047
29	28	0.905882
29	29	1.00482
29	30	1.00328
29	31	0.844603
29	32	0.87088
29	33	1.01759
29	34	1.02236
29	35	0.974717
29	36	0.970689
29	37	0.936942
29	38	1.00927
29	39	0.982626
29	40	1.02675
29	41	0.958191
29	42	1.05254
29	43	0.991935
29	44	0.924642
29	45	0.876137
29	46	0.859586
29	47	0.793985
29	48	0.946667
29	49	0.949583
29	50	0.975037
29	51	0.869201
29	52	0.976196
29	53	0.940959
29	54	0.814221
29	55	0.974147
29	56	1.09427
29	57	1.08005
29	58	0.950967
29	59	0.916403
29	60	0.968462
29	61	0.927007
29	62	1.05016
29	63	1.01764
29	64	0.984419
29	65	0.912693
29	66	0.792222
29	67	0.92185
29	68	0.938906
29	69	1.03818
29	70	0.930266
29	71	0.998573
29	72	0.923635
29	73	0.980179
29	74	0.866441
29	75	0.884031
29	76	0.965729
29	77	0.95349
29	78	0.985957
29	79	1.04583
29	80	0.971302
29	81	0.909797
29	82	0.867402
29	83	0.835817
29	84	1.05818
29	85	0.815686
29	86	1.06707
29	87	0.971797
29	88	0.918907
29	89	0.931761
29	90	0.849937
29	91	0.945427
29	92	0.9724
29	93	1.02348
29	94	0.973847
29	95	0.938621
29	96	0.868111
29	97	0.901089
29	98	0.924261
29	99	0.829229
29	100	0.805162
30	1	1.32606
30	2	1.1602
30	3	1.07854
30	4	1.02597
30	5	1.03367
30	6	0.91189
30	7	1.18066
30	8	1.12386
30	9	1.22048
30	10	1.16737
30	11	1.06135
30	12	0.997134
30	13	0.919602
30	14	0.988328
30	15	1.3615
30	16	1.24635
30	17	1.28254
30	18	0.94384
30	19	1.01561
30	20	0.994865
30	21	0.88949
30	22	1.23557
30	23	1.32529
30	24	1.25025
30	25	1.09772
30	26	1.0582
30	27	0.985047
30	28	0.905882
30	29	1.00482
30	30	1.24953
30	31	1.32505
30	32	1.08843
30	33	1.01774
30	34	1.02236
30	35	0.974717
30	36	0.970689
30	37	1.2809
30	38	1.19945
30	39	1.11961
30	40	1.02682
30	41	0.95814
30	42	1.05254
30	43	0.991935
30	44	1.17845
30	45	1.24266
30	46	1.13081
30	47	1.02481
30	48	0.946804
30	49	0.949583
30	50	0.975037
30	51	0.869201
30	52	1.4129
30	53	1.25656
30	54	1.12361
30	55	1.12619
30	56	1.0943
30	57	1.08005
30	58	0.950967
30	59	1.20448
30	60	1.14462
30	61	1.02714
30	62	0.968758
30	63	1.01762
30	64	0.984418
30	65	0.912693
30	66	1.30604
30	67	1.20558
30	68	1.07255
30	69	0.919014
30	70	1.16048
30	71	0.998565
30	72	0.923635
30	73	0.980179
30	74	1.1414
30	75	1.1043
30	76	1.07404
30	77	1.09538
30	78	0.986011
30	79	1.04583
30	80	0.971302
30	81	1.24552
30	82	1.04753
30	83	0.960509
30	84	0.932003
30	85	0.927907
30	86	1.06708
30	87	0.971801
30	88	1.20389
30	89	1.14256
30	90	1.09992
30	91	0.99612
30	92	1.04089
30	93	1.12924
30	94	0.973937
30	95	0.938621
30	96	1.24736
30	97	0.961032
30	98	0.947285
30	99	0.983242
30	100	1.03531
