5.864
0.124
4.188
3.012
1.104
2.364
6.92
0.18
0.88
0.2
0.66
0.896
6.228
10.924
0.24
8.64
2.488
0.748
0.424
0.228
2.092
1.952
6.54
7.056
1.168
0.448
1.06
0.52
0.46
6.116
1.412
7.496
2.916
0.128
0.824
1.972
0.332
5.8
6.544
1.648
2.46
0.648
1.504
7.504
0.816
7.24
6.776
1.452
6.7
4.648
10.368
1.724
0.896
6.64
0.656
2.784
2.28
1.02
2.336
2.204
2.952
1.864
1.344
9.972
1.784
1.3
0.436
5.668
6.308
0.912
3.716
4.504
0.168
1.42
0.448
0.096
0.932
1.852
6.036
2.724
1.42
0.696
0.716
10.412
7.736
2.968
4.392
0.908
0.184
3.052
0.764
0.904
1.368
2.488
3.492
3.228
0.924
2.48
2.9
1.824
1.424
0.888
4.316
4.684
4.872
4.328
0.16
1.0
2.328
2.076
3.36
1.5
2.156
0.348
2.796
0.732
1.376
3.488
6.4
2.456
5.476
0.176
0.94
7.44
6.064
1.528
2.684
0.484
2.36
1.332
0.524
1.128
3.32
8.436
2.616
1.16
1.12
3.128
0.456
1.728
0.46
1.084
1.668
4.836
0.676
0.588
2.8
1.504
2.82
1.212
0.4
1.616
0.116
0.124
4.22
2.508
5.468
4.556
2.836
0.784
1.3
8.756
1.324
3.2
0.304
1.548
8.636
7.576
10.0
6.112
0.804
4.004
0.86
3.7
6.956
2.76
5.228
5.048
2.8
0.86
0.944
3.16
2.336
4.84
0.264
1.484
1.316
7.196
3.188
2.32
0.38
0.424
3.12
0.524
3.94
1.468
3.66
2.524
0.456
0.252
4.024
2.244
2.192
0.644
1.32
3.972
0.508
0.572
4.768
3.092
0.668
0.58
1.84
1.088
0.088
4.976
6.844
4.14
5.68
0.516
1.988
0.212
1.56
0.896
1.232
2.496
4.252
2.164
0.364
2.136
0.452
3.536
0.136
1.116
0.484
3.032
1.78
3.092
2.932
9.872
6.9
2.248
1.768
3.708
2.376
0.384
4.96
2.02
0.268
0.356
1.036
0.572
1.32
0.108
0.568
7.26
6.184
1.596
0.568
1.388
1.836
0.584
3.548
4.168
10.28
3.256
1.824
3.52
0.664
0.404
1.248
0.756
9.6
0.916
0.276
4.1
1.424
0.668
3.764
0.484
0.244
1.548
0.232
0.916
1.056
1.716
0.084
0.224
2.916
0.38
1.064
3.504
0.524
1.256
10.544
7.552
8.484
2.772
2.608
2.972
2.448
1.212
2.756
3.68
2.156
0.896
0.376
3.2
9.608
1.636
4.732
0.18
4.62
0.1
0.4
0.672
2.048
3.584
7.448
2.092
7.38
0.408
1.728
1.22
0.196
2.004
1.172
0.948
0.108
1.896
0.232
1.7
2.904
2.28
3.104
9.692
1.532
8.568
1.724
0.612
1.624
7.648
1.612
2.908
3.832
3.752
0.876
1.916
2.424
8.584
0.516
0.568
1.404
1.98
1.72
1.144
9.704
5.868
6.948
0.32
10.944
0.368
3.06
2.16
4.476
6.816
0.456
4.868
0.08
0.508
1.404
2.664
0.384
1.624
0.6
2.664
2.928
1.188
0.536
1.332
10.536
2.952
0.476
0.804
0.088
1.652
0.172
2.88
5.928
4.668
0.352
7.508
0.976
0.696
0.416
1.82
0.168
1.556
0.548
1.06
7.812
0.656
1.06
3.864
0.828
5.484
2.924
4.024
0.092
0.46
0.776
2.164
3.496
0.208
0.084
2.112
0.88
5.636
5.728
0.7
3.772
0.996
2.376
8.832
2.516
7.528
1.596
2.708
0.528
1.184
0.784
0.84
8.212
3.22
1.428
6.996
0.636
0.092
1.94
2.244
5.492
5.816
5.4
0.536
8.896
0.712
6.188
1.38
1.748
2.444
1.604
0.264
1.196
0.152
0.588
2.052
1.592
0.112
10.156
0.892
4.664
3.504
0.844
11.052
3.572
2.864
2.932
1.404
2.348
4.284
8.148
1.568
2.84
7.196
1.42
9.104
0.4
1.552
0.236
0.244
5.864
2.212
3.096
1.288
4.776
9.72
0.236
1.5
0.148
0.536
1.728
4.844
0.588
0.84
0.812
0.172
1.84
0.916
1.624
0.916
3.008
1.608
3.396
0.632
0.504
1.056
4.732
1.02
0.9
5.648
5.268
0.28
0.996
9.008
10.412
2.452
0.16
1.388
2.296
0.576
7.656
3.156
5.92
2.268
1.72
1.512
8.312
0.9
0.884
2.724
5.776
10.224
7.088
1.152
2.336
6.62
7.564
2.688
0.12
0.768
1.488
3.764
1.604
0.712
0.66
5.596
0.724
6.824
9.276
0.588
3.112
0.784
5.444
0.668
3.736
4.644
0.324
0.128
0.608
10.34
0.328
1.372
0.104
0.552
2.008
1.152
0.376
1.352
6.824
1.12
0.172
0.176
1.904
4.172
0.92
1.932
4.764
4.264
4.928
1.408
2.984
3.596
1.096
1.364
1.568
0.768
0.692
0.58
0.3
0.716
1.388
1.832
1.324
1.792
2.476
7.008
0.74
6.38
0.876
0.3
4.564
4.036
4.648
1.236
1.008
7.556
2.74
6.512
0.228
2.316
1.136
1.504
6.104
0.716
5.528
4.052
1.784
1.892
10.016
7.108
1.02
0.884
1.572
4.176
4.628
2.372
3.132
2.432
0.832
1.968
0.604
0.668
6.244
2.764
2.548
2.12
0.664
6.444
1.6
0.688
0.384
2.368
2.864
0.176
1.588
4.404
0.72
1.416
3.268
1.852
0.848
10.24
7.94
1.052
4.932
1.576
1.036
1.752
4.592
2.708
2.792
1.02
8.096
0.244
0.692
1.408
1.8
0.856
2.544
1.228
4.58
0.28
6.7
1.784
0.8
7.664
1.64
5.82
0.524
0.452
8.208
0.168
8.836
1.188
0.924
3.012
1.996
1.376
5.064
1.184
3.504
1.02
0.112
0.712
2.88
1.324
10.232
2.088
3.768
0.872
3.892
0.836
3.648
10.396
3.116
1.752
0.184
1.488
6.448
0.312
1.116
1.116
1.648
3.064
1.392
0.636
3.776
1.116
1.476
8.352
2.104
0.44
6.124
1.952
2.688
1.084
7.284
10.88
6.4
0.872
0.12
3.692
2.056
5.304
1.7
0.156
1.472
2.892
5.02
8.168
10.708
1.644
2.08
5.188
5.864
5.7
1.012
2.424
4.236
0.316
0.116
1.772
4.964
6.632
0.568
0.092
0.428
5.672
0.476
1.008
3.312
4.872
0.108
2.748
1.288
1.952
7.96
2.052
6.804
1.084
3.444
0.12
1.444
2.544
0.68
1.364
0.812
1.724
1.096
0.584
0.624
0.944
4.164
1.548
1.68
3.572
1.612
1.06
0.18
1.336
0.708
3.224
0.168
3.056
1.968
1.876
4.668
3.124
1.224
9.876
2.46
1.376
0.136
4.088
2.128
0.368
0.716
2.98
1.652
0.208
0.412
1.476
3.072
8.568
0.584
0.796
0.424
6.796
4.12
0.508
0.744
0.348
0.228
2.32
5.68
3.832
0.724
7.62
2.016
1.028
10.036
4.164
1.036
10.9
0.796
2.616
2.528
0.864
4.172
0.288
0.272
5.112
0.156
3.512
0.276
0.736
0.236
5.532
3.4
1.196
0.748
2.372
0.592
0.404
5.244
4.656
0.484
1.916
4.312
4.112
1.912
4.08
5.192
1.632
1.308
9.132
6.184
0.772
0.212
4.92
1.024
4.592
1.592
1.528
0.696
2.812
0.428
3.072
0.66
4.364
0.516
1.468
8.732
1.808
0.904
1.768
0.608
3.404
1.732
0.192
0.62
5.032
1.724
6.788
1.264
0.648
2.228
5.776
2.248
1.624
2.5
7.548
1.832
0.828
2.296
0.276
0.516
7.968
1.46
4.884
5.644
0.184
0.468
0.648
3.464
10.464
0.108
0.208
3.724
10.408
4.496
0.38
2.992
4.404
3.712
1.428
1.616
4.048
0.28
0.464
2.428
0.252
0.784
0.924
0.42
0.912
0.14
0.156
0.548
0.716
2.012
2.604
0.156
0.528
6.864
2.404
1.536
5.704
0.584
4.2
5.296
0.528
2.028
3.332
5.276
2.612
0.528
5.592
1.264
0.232
0.284
1.58
1.7
9.308
3.176
2.62
1.784
7.712
5.928
1.3
2.408
0.376
0.6
0.308
9.32
4.04
0.136
7.992
0.588
0.216
1.852
1.448
0.384
1.932
0.548
4.672
0.416
6.896
0.66
0.388
1.4
0.632
1.132
4.076
7.7
3.892
0.264
0.484
1.152
3.66
0.456
5.824
5.36
0.5
3.112
5.152
6.724
1.424
3.004
2.748
0.268
2.076
3.108
3.08
4.216
0.288
0.276
0.764
0.56
4.488
1.08
2.472
0.76
0.816
5.764
0.96
5.604
8.432
0.692
2.572
0.148
1.276
0.724
0.444
1.3
0.284
1.204
0.592
7.452
0.332
2.044
4.172
7.76
0.656
8.144
2.16
0.888
0.956
4.548
1.716
2.16
1.98
0.236
3.328
1.228
0.252
5.544
0.324
0.456
3.796
0.868
6.56
2.256
0.772
0.928
4.284
1.22
0.552
1.82
1.732
5.504
0.656
1.948
0.788
1.616
2.364
3.948
0.148
1.06
0.644
1.864
3.164
0.196
0.132
8.94
0.74
0.44
3.0
2.312
0.864
8.684
0.232
8.02
4.012
5.372
4.8
2.584
3.892
0.892
1.288
1.64
7.212
6.36
0.26
2.908
0.668
9.804
2.992
10.884
0.644
2.796
0.316
1.444
7.16
1.732
0.472
6.04
1.02
2.584
5.304
7.404
6.26
0.584
1.156
5.4
4.296
4.912
1.212
0.836
3.064
8.848
1.532
10.256
0.872
4.6
6.076
7.524
0.184
2.284
0.356
7.948
0.4
0.884
0.948
1.288
2.62
1.836
2.904
0.376
4.96
1.784
4.456
3.508
4.48
3.116
11.04
6.94
3.888
5.836
4.744
4.052
0.588
2.56
0.756
4.76
2.844
7.036
2.732
4.84
2.952
1.044
3.456
1.26
0.568
2.74
2.868
3.104
4.5
1.66
2.984
1.4
6.292
8.352
1.664
2.2
4.096
3.012
2.78
3.832
0.3
0.392
3.124
2.856
1.344
0.216
0.336
1.54
0.172
1.016
0.212
0.628
5.224
2.612
7.088
1.356
10.484
1.068
0.664
1.492
0.244
0.464
1.668
2.592
0.264
1.7
6.368
2.04
1.896
4.196
0.376
3.504
0.724
0.596
2.292
1.512
1.468
3.412
1.316
1.12
1.724
5.228
3.508
5.2
6.164
1.436
2.524
0.1
4.076
3.524
8.856
0.42
4.324
0.212
8.656
0.696
1.476
0.876
2.732
1.116
2.2
7.26
0.412
8.6
7.52
0.972
1.244
6.7
4.468
6.032
0.784
0.296
3.552
3.436
1.296
0.856
0.668
1.512
1.412
1.252
2.9
3.688
0.72
4.464
0.5
5.036
7.36
1.156
0.764
0.116
0.324
8.876
2.628
1.32
0.352
9.304
2.14
1.028
0.712
8.248
3.028
0.256
0.084
2.348
6.192
1.624
0.332
6.828
0.088
4.988
0.116
1.028
0.744
3.3
0.74
0.096
1.288
0.592
0.6
2.44
1.168
0.832
7.424
2.464
1.216
0.676
1.444
4.16
0.304
2.632
0.412
3.056
2.04
2.144
0.612
1.36
1.356
0.748
1.384
4.484
5.528
0.256
5.12
3.06
2.212
1.4
3.236
4.568
9.404
3.672
0.316
1.88
6.156
2.336
1.592
2.252
1.104
1.096
2.424
0.252
0.408
10.816
0.824
0.536
3.608
1.344
10.244
2.312
5.96
4.724
2.78
8.944
0.756
0.976
2.736
0.156
2.272
7.94
7.96
2.064
0.84
2.24
1.176
5.768
1.2
0.716
2.984
9.412
3.116
0.796
0.632
1.748
6.872
1.26
2.864
0.188
2.688
3.416
0.64
3.22
6.568
2.32
0.608
1.732
0.484
8.096
0.588
0.168
3.94
0.456
0.352
0.44
1.492
4.592
2.544
4.072
4.788
4.268
3.936
0.104
2.788
1.936
0.656
1.972
0.884
0.976
1.94
6.76
4.608
1.196
6.544
2.324
0.836
0.156
5.568
1.1
0.248
3.732
0.328
0.188
0.332
2.596
0.188
0.36
9.42
0.696
1.836
0.34
0.636
1.5
1.736
3.792
0.456
2.372
0.368
10.016
0.264
0.664
0.74
10.564
0.364
2.008
4.872
0.676
4.092
10.368
2.5
0.724
0.908
1.548
1.724
1.7
1.824
3.276
0.864
3.872
4.072
0.296
3.732
3.488
6.176
3.24
1.352
1.328
0.148
2.432
0.22
3.816
1.084
1.184
9.296
0.096
3.208
0.448
1.108
0.7
0.128
1.756
0.648
5.544
0.464
5.824
6.312
1.392
7.892
8.448
1.956
2.268
3.404
2.064
1.928
3.764
1.052
7.772
5.204
5.344
1.264
1.04
0.936
1.896
3.4
1.268
0.64
1.54
3.936
3.224
2.024
0.14
8.208
1.72
0.288
0.156
2.312
0.292
1.628
0.916
2.748
1.376
0.396
0.14
7.468
7.896
2.996
0.748
0.944
0.32
8.676
1.424
5.0
2.792
6.828
7.828
2.824
2.764
0.828
1.944
0.1
9.38
0.44
0.884
1.768
5.796
0.848
1.544
0.536
1.912
0.22
0.132
1.752
2.336
0.492
1.196
0.56
1.184
2.456
6.408
2.58
0.148
1.976
0.808
0.796
3.956
2.288
5.736
8.332
6.272
0.52
1.04
4.94
0.22
0.932
2.996
6.984
4.968
1.228
0.972
1.452
4.736
0.26
2.74
1.208
0.44
0.272
2.208
0.756
9.212
2.768
3.372
0.228
2.524
4.708
2.496
1.76
4.992
10.928
1.644
2.312
3.292
2.112
1.8
1.26
8.732
10.504
5.34
3.084
3.24
1.268
1.896
7.06
4.676
1.876
0.24
0.24
0.532
1.008
2.012
3.204
6.096
1.028
1.096
6.148
3.332
1.472
0.668
0.464
1.48
3.488
1.28
0.824
0.212
0.708
0.636
5.932
5.956
1.704
2.236
0.148
1.756
0.588
2.204
2.024
3.628
4.976
2.196
2.688
2.524
0.344
1.164
2.06
8.92
0.128
2.356
0.62
0.46
2.404
5.544
2.848
1.248
0.264
5.88
2.74
0.988
8.004
11.028
1.852
9.236
0.728
0.904
10.812
4.972
0.408
1.676
1.336
5.096
10.432
2.164
0.624
0.84
1.02
1.284
0.952
0.448
6.992
3.004
0.372
6.904
1.496
2.872
6.52
0.768
5.316
1.04
5.832
3.672
0.768
2.048
8.676
8.504
1.74
1.2
0.512
4.972
5.664
0.128
4.096
7.06
1.24
0.684
2.32
0.748
1.068
9.952
7.48
6.976
2.828
1.612
3.708
4.74
2.728
2.108
2.18
0.688
2.644
0.14
10.648
9.74
4.072
0.984
0.296
1.268
0.48
8.004
2.216
10.036
1.628
2.34
3.592
0.096
0.928
4.296
0.252
7.208
0.232
1.268
2.292
10.9
0.672
4.56
1.768
0.804
1.944
0.976
0.772
3.636
1.732
3.596
1.276
0.18
3.392
8.936
1.984
1.192
1.76
0.864
3.064
7.464
0.908
10.468
2.832
1.352
5.448
5.64
6.408
1.792
1.216
0.1
0.76
2.032
0.776
0.096
0.32
10.516
0.432
5.024
4.74
1.236
0.88
0.276
1.124
0.492
1.352
2.664
0.648
1.832
0.176
3.948
1.468
0.88
3.164
8.384
3.432
0.504
2.604
4.368
4.544
1.188
0.548
0.12
10.988
2.704
1.116
1.072
6.336
0.288
6.344
1.656
2.7
0.932
0.588
1.796
4.768
2.88
3.716
0.288
1.684
0.16
3.184
0.684
3.856
1.396
4.464
0.688
0.304
8.384
3.18
0.32
1.208
0.112
2.344
0.836
2.872
3.264
0.168
2.268
0.196
5.872
1.62
0.208
0.144
0.804
0.7
0.284
4.58
8.092
5.032
1.204
0.64
1.788
1.12
4.664
4.736
1.708
2.296
0.236
3.928
1.312
2.256
0.332
2.668
3.396
3.488
0.444
0.368
2.216
5.304
1.152
0.38
0.716
5.668
0.564
0.696
0.836
2.54
0.144
1.74
2.376
4.74
1.472
2.512
1.288
3.428
1.308
4.312
0.124
0.132
0.652
0.68
6.22
0.64
1.912
1.128
0.164
2.68
0.16
0.444
2.66
1.156
2.788
2.504
2.916
4.744
2.656
3.456
2.56
0.688
4.18
1.676
0.592
0.752
8.032
0.256
2.452
0.564
0.432
5.268
0.66
1.888
0.244
1.196
2.24
0.116
1.428
2.476
0.212
1.344
0.236
0.112
2.348
1.808
6.068
7.272
0.628
1.792
1.468
1.036
0.5
1.568
5.928
1.912
1.376
1.264
2.068
10.592
4.616
0.248
6.12
6.928
0.096
0.82
2.36
7.664
2.152
1.632
5.064
3.992
7.168
1.552
1.892
1.04
2.452
1.576
0.904
6.472
1.624
8.08
0.284
7.288
6.512
5.008
1.064
2.368
7.44
0.208
1.132
6.132
6.804
0.168
3.084
5.364
0.292
1.032
2.844
2.932
0.748
0.172
1.928
7.716
7.968
0.304
9.312
0.84
0.948
0.972
0.42
0.48
1.336
2.028
0.548
3.852
8.272
6.12
1.496
0.484
1.236
1.784
0.336
1.636
1.408
0.66
1.044
9.236
9.908
10.96
0.66
1.14
2.128
1.616
0.444
0.356
1.888
3.636
1.884
1.388
3.296
0.208
4.356
1.648
0.616
1.604
8.8
0.864
5.712
2.196
0.192
0.08
0.836
0.56
4.512
1.088
0.164
1.508
1.352
1.456
1.172
3.312
1.128
0.812
2.572
4.792
0.108
2.672
8.436
0.884
1.68
1.068
0.116
0.584
0.204
1.26
2.96
0.716
0.536
1.576
2.236
2.08
0.852
1.784
1.576
5.656
2.104
3.816
1.988
1.416
2.104
4.084
1.8
0.104
0.728
0.644
10.756
0.164
1.492
5.184
1.324
2.676
2.924
8.176
7.396
10.768
3.876
0.476
2.008
1.732
1.056
1.592
1.616
2.572
1.096
8.836
3.32
7.472
3.644
1.244
2.424
1.532
0.22
2.096
2.712
1.28
2.304
0.28
3.82
4.144
2.304
1.46
0.252
0.824
0.504
2.948
5.908
0.212
0.092
0.412
2.992
1.56
1.3
0.244
0.192
0.188
7.004
8.1
4.072
0.104
5.78
10.616
1.72
4.04
1.452
8.408
0.268
3.064
2.524
0.752
0.12
2.336
3.912
5.032
0.192
2.852
2.32
4.368
2.48
1.072
2.736
1.388
1.976
0.172
5.612
8.62
1.412
0.804
3.116
4.1
1.94
1.264
10.708
0.676
4.016
1.78
0.78
4.784
2.224
2.628
0.264
0.164
4.156
4.22
0.496
0.452
5.364
1.428
4.028
1.784
3.14
1.872
1.788
0.364
0.472
0.412
3.56
2.436
1.16
0.932
1.164
3.452
0.224
2.952
8.324
10.648
0.512
2.26
0.3
2.468
0.392
0.216
1.708
0.872
3.796
1.42
0.828
4.372
1.752
1.904
1.216
2.656
11.024
3.032
0.232
3.54
1.192
2.648
1.304
3.504
1.664
3.424
2.192
2.528
1.324
2.136
1.936
6.968
4.752
0.664
6.652
0.084
2.0
4.184
2.748
7.816
1.572
8.156
3.932
0.14
2.62
1.16
9.236
8.04
7.684
6.64
1.156
1.456
3.112
2.24
2.964
3.552
1.332
0.792
10.26
7.772
3.512
9.048
2.632
9.92
1.328
1.984
0.148
2.84
3.536
0.136
1.46
1.436
1.172
8.188
0.612
0.492
0.7
1.312
0.628
4.82
0.332
3.324
0.788
0.264
0.384
2.14
0.148
1.04
10.124
0.4
0.672
2.196
1.808
0.656
0.144
1.252
10.836
6.252
1.26
4.308
2.452
1.244
0.992
9.092
0.348
1.46
2.82
0.208
0.82
0.668
4.172
8.564
9.816
0.596
0.184
0.632
0.944
3.492
0.444
9.552
0.388
3.628
5.632
5.112
0.844
1.096
0.14
2.444
1.048
0.508
0.14
0.928
0.664
1.388
4.412
8.86
2.64
2.74
2.66
2.096
2.644
1.648
1.164
1.324
0.864
5.908
0.828
2.336
0.576
6.668
2.072
6.432
1.256
0.276
4.464
10.56
2.052
0.18
0.872
1.728
3.716
4.088
2.324
3.164
4.108
1.412
0.644
2.592
5.38
1.84
2.876
5.948
9.06
0.584
8.608
4.076
1.108
0.416
5.152
0.184
1.664
4.308
1.728
1.212
7.968
2.896
2.092
4.656
0.712
1.836
7.432
1.056
0.104
0.8
10.78
0.408
0.684
2.624
0.828
0.672
1.32
0.196
3.74
0.152
3.976
0.124
1.268
0.624
1.212
0.384
0.148
2.108
1.912
3.748
3.872
9.08
9.4
1.2
0.172
3.192
1.552
0.34
0.088
7.748
0.92
4.632
1.324
0.228
5.396
4.964
1.26
0.504
2.1
0.644
4.004
3.7
0.116
0.116
0.584
1.352
1.044
2.304
7.988
1.544
1.792
0.716
2.544
2.032
3.888
4.012
0.192
0.42
3.112
4.08
0.62
1.46
0.488
1.932
2.512
7.176
7.112
0.648
8.204
2.288
3.676
0.268
0.648
1.82
2.796
2.752
1.484
0.476
0.308
2.696
3.828
0.464
0.224
0.92
0.224
3.064
3.052
0.424
3.256
0.352
2.832
0.4
0.1
3.628
4.384
1.6
10.852
6.9
7.464
3.412
1.664
4.636
0.56
0.888
0.968
0.388
3.732
8.58
0.448
0.32
4.988
3.936
7.6
1.504
3.78
1.048
11.088
2.412
2.368
2.012
0.22
1.232
0.528
0.78
0.116
0.656
2.32
1.676
0.196
0.5
1.812
8.68
0.236
0.284
1.124
0.36
9.392
0.236
1.26
2.452
3.344
1.244
1.152
0.14
0.104
0.868
2.264
0.264
2.392
8.736
0.448
1.824
0.768
4.98
0.788
0.796
2.504
8.68
4.696
4.14
1.44
4.796
0.528
3.084
0.144
0.632
0.704
2.632
0.864
2.504
2.94
1.344
5.024
0.296
3.08
7.876
1.372
0.516
0.508
7.648
1.444
7.58
5.788
0.524
2.692
0.216
2.28
0.108
0.192
3.788
8.668
1.912
1.22
1.228
0.116
1.644
8.836
0.648
0.112
1.3
3.408
4.248
1.696
1.06
0.712
0.672
0.084
0.364
1.044
8.312
0.084
0.428
0.388
2.412
0.816
2.428
0.528
0.34
2.852
3.448
3.912
0.912
2.104
9.044
0.732
0.268
3.356
1.02
6.716
0.74
0.672
2.16
1.64
1.888
2.86
0.52
0.376
3.78
2.288
6.684
2.068
0.452
2.112
2.42
0.244
0.468
1.552
1.676
4.092
3.252
2.576
0.216
8.964
2.124
0.116
1.012
3.58
0.836
0.136
2.0
1.572
2.088
4.528
2.844
1.168
1.268
0.24
3.508
2.404
6.72
7.9
2.688
1.984
1.256
0.688
4.98
2.28
0.976
2.176
4.628
2.94
7.024
0.248
9.552
7.448
1.008
10.144
0.84
3.18
0.3
0.488
1.532
3.008
2.684
1.728
0.344
3.92
0.952
5.136
1.828
1.452
1.208
0.224
3.8
0.956
1.316
2.372
7.98
0.308
1.532
3.404
0.756
2.216
1.468
0.492
1.692
1.4
2.948
0.592
1.596
0.904
2.468
2.872
6.96
1.516
6.444
0.624
2.8
5.74
0.1
0.772
4.744
1.688
4.344
7.688
7.668
0.832
0.708
1.16
0.4
5.192
3.076
2.244
0.724
1.224
0.34
1.232
1.392
9.476
1.528
0.66
4.772
1.244
1.796
2.232
3.76
0.08
0.396
2.792
1.404
5.24
1.792
7.244
1.14
0.536
7.356
0.08
3.144
0.452
0.46
2.484
1.844
3.584
0.112
2.108
0.916
1.972
0.38
7.38
0.124
0.724
3.668
1.004
8.604
2.212
2.92
1.552
6.256
6.08
1.576
1.992
2.78
1.156
0.528
3.884
1.632
2.784
1.152
0.2
2.428
0.864
4.88
0.364
0.688
0.876
6.0
0.86
0.084
0.888
0.152
9.772
2.972
6.512
2.368
10.384
2.248
8.52
0.272
0.292
8.916
5.84
0.644
6.296
0.204
2.016
3.536
0.464
0.292
0.616
1.58
8.216
3.676
0.344
0.564
8.272
2.592
0.968
0.092
10.628
0.56
5.488
2.696
3.904
0.18
0.108
1.716
3.516
1.648
6.84
7.536
3.468
0.184
0.08
0.86
0.16
3.308
1.392
0.136
2.848
1.984
4.98
2.604
7.44
0.912
4.072
2.208
0.124
0.848
2.944
1.728
1.896
2.804
10.884
2.732
0.78
0.252
0.68
7.0
1.556
3.184
6.304
4.852
5.744
10.084
0.148
6.824
2.708
1.548
2.176
1.64
0.472
3.624
2.168
0.936
1.972
10.584
0.78
1.496
1.556
0.856
1.2
1.676
3.82
0.276
2.02
3.376
9.868
0.372
1.548
7.172
5.556
0.768
1.396
0.756
1.096
0.332
2.128
2.384
1.924
1.94
4.316
2.04
4.132
0.62
1.656
5.516
5.62
6.78
0.564
3.54
5.176
2.9
2.136
10.164
1.136
0.66
0.276
0.12
0.96
0.116
0.26
0.544
4.416
0.052
0.396
8.836
0.164
1.908
1.924
0.112
1.976
2.956
0.34
2.78
0.196
0.192
0.284
2.304
6.884
2.04
5.7
0.644
0.2
0.952
1.056
6.932
7.372
0.956
3.764
1.084
6.344
0.84
0.852
8.384
0.76
0.224
2.584
7.064
0.288
1.552
2.356
1.448
0.84
1.62
1.872
2.224
1.76
3.972
0.464
0.64
0.976
0.472
5.888
6.648
1.36
4.24
2.952
5.768
0.236
2.204
0.04
1.388
9.628
1.02
3.132
0.28
0.252
7.052
8.112
1.176
6.276
0.204
0.78
9.404
10.088
4.16
0.656
0.404
5.108
0.872
3.64
0.12
10.98
0.128
4.492
3.7
1.236
0.212
2.084
0.068
2.028
0.336
0.048
0.18
10.4
1.288
5.848
0.684
0.68
0.36
4.416
3.184
2.06
1.792
6.012
0.676
1.9
2.556
3.152
0.644
0.36
0.352
0.06
0.136
0.48
1.196
2.644
0.156
0.756
1.428
0.704
0.112
2.88
1.064
1.828
0.612
1.668
7.96
1.764
0.036
4.32
0.38
10.472
0.92
8.004
0.156
1.064
4.004
7.288
2.108
1.144
0.916
0.296
0.068
0.052
2.488
0.132
2.16
0.168
1.02
0.46
0.264
4.468
4.8
1.02
3.992
2.032
4.56
0.124
3.444
0.88
1.836
2.564
0.472
0.904
4.16
5.004
10.408
3.94
3.132
6.092
3.916
3.036
1.924
4.308
10.744
0.056
2.672
2.188
2.38
3.788
0.956
0.508
6.16
3.212
0.428
2.36
4.3
5.156
11.088
1.484
6.308
0.724
1.708
5.032
0.992
0.404
1.08
0.844
1.676
6.74
0.392
0.468
10.444
1.044
1.98
4.168
0.66
1.968
10.64
0.144
5.416
0.9
3.692
0.8
0.312
0.08
2.644
4.004
0.128
0.44
1.552
0.228
0.812
10.06
1.34
0.8
0.252
3.492
2.204
2.064
0.828
0.584
7.488
1.272
0.948
0.544
2.476
0.468
6.108
4.36
8.524
0.92
0.092
0.076
1.292
0.588
0.372
1.448
2.228
5.708
0.868
8.276
0.212
1.188
0.508
10.004
1.676
1.096
1.972
2.412
0.06
0.556
4.976
2.96
2.756
0.624
1.876
7.34
0.156
0.236
0.092
0.54
1.004
7.976
3.956
1.94
0.224
0.272
0.66
7.592
0.656
0.38
0.292
1.928
2.044
1.568
1.096
0.732
1.604
4.944
1.344
0.876
1.676
3.004
0.084
8.608
4.684
3.668
2.56
2.18
0.152
5.26
0.408
0.456
0.792
0.248
5.672
1.608
1.892
2.552
2.664
1.76
1.872
0.96
2.108
1.672
0.064
0.096
0.648
0.084
0.46
0.084
7.796
1.172
0.688
6.328
0.732
2.12
2.312
5.012
0.228
0.52
1.2
9.772
1.628
3.636
0.26
0.216
6.02
6.416
1.992
0.768
0.16
9.84
3.032
0.24
1.82
0.384
6.256
8.288
0.456
1.036
1.848
1.296
4.072
3.408
1.864
6.892
0.204
1.484
1.812
9.52
2.02
2.112
8.148
1.856
0.132
0.284
0.028
9.24
3.668
1.344
0.328
0.624
0.376
0.22
0.624
1.012
0.388
0.628
1.048
0.552
2.288
3.16
0.468
0.272
1.484
0.108
4.936
2.02
0.084
0.64
0.772
0.304
0.724
0.156
0.048
1.272
10.744
4.236
0.06
0.548
9.16
2.896
0.196
1.016
10.828
1.96
0.708
0.156
8.816
0.664
0.704
1.22
1.448
2.112
1.156
4.916
3.852
1.84
5.164
1.46
1.816
2.236
2.2
6.08
1.896
1.72
2.116
9.228
6.084
1.28
3.184
3.768
6.452
2.612
2.048
0.292
10.048
5.176
0.04
0.704
1.268
0.996
0.548
0.68
1.772
6.212
0.652
0.512
0.824
0.196
0.336
4.828
0.816
2.328
0.744
2.956
2.852
0.924
0.26
1.2
1.844
0.12
0.316
2.38
1.652
1.672
1.132
8.112
1.08
0.968
3.3
5.184
0.356
0.204
9.948
2.928
9.108
3.936
0.104
0.056
0.544
1.068
0.62
1.468
0.172
0.072
0.432
2.856
3.152
0.104
3.344
4.148
1.028
2.284
0.176
1.132
3.8
3.696
2.94
1.908
0.196
0.152
3.048
0.084
0.224
4.956
8.692
0.956
0.148
1.196
0.676
0.324
0.132
0.656
2.412
0.248
3.3
3.308
10.344
1.972
1.52
4.196
10.32
4.564
0.476
0.376
1.84
1.02
3.32
2.428
10.152
2.904
4.464
4.132
3.3
1.116
0.224
2.66
0.824
1.664
0.392
2.392
0.204
0.668
1.74
9.484
0.104
2.168
1.0
1.372
0.572
1.496
0.236
2.808
1.836
0.332
0.448
3.156
0.044
0.564
1.364
4.792
0.668
0.428
0.764
8.956
0.08
8.616
1.132
1.212
2.944
3.024
0.788
0.248
2.756
3.66
8.196
0.784
0.232
1.672
1.08
0.244
0.44
0.552
0.996
2.016
2.924
2.52
5.244
6.144
2.7
2.696
0.56
2.976
0.092
5.504
4.288
9.476
5.696
7.544
0.088
0.168
5.104
8.012
3.596
0.684
1.032
0.08
0.732
1.556
6.676
0.264
2.456
2.752
0.932
0.98
8.804
3.992
0.496
1.14
0.188
5.3
5.176
3.116
5.04
0.848
1.396
0.156
0.488
0.28
0.584
1.62
2.828
0.424
0.052
1.556
0.78
1.352
0.1
0.2
1.04
10.52
2.756
5.5
1.244
6.624
0.536
0.204
9.832
0.764
1.584
2.836
0.68
1.58
3.036
2.436
1.94
0.6
0.08
10.56
0.228
0.228
0.308
0.036
2.056
0.248
3.764
0.212
1.376
0.444
1.156
0.412
2.3
3.164
0.708
2.224
5.404
1.628
3.62
5.012
0.22
0.444
0.412
2.496
0.776
4.028
0.616
0.208
8.628
2.708
2.852
0.564
0.736
0.224
0.776
1.928
1.832
2.324
1.54
0.32
0.672
3.1
0.756
0.9
8.736
2.58
0.268
3.836
1.096
6.404
2.648
0.84
0.104
0.448
7.184
5.148
1.056
0.196
1.12
0.628
3.944
0.604
3.924
4.384
3.644
2.704
1.12
0.868
0.68
0.508
1.708
1.788
2.656
0.956
0.652
0.26
0.748
0.648
0.66
0.348
1.708
10.16
1.972
3.448
0.636
3.088
8.176
0.112
1.748
0.168
3.592
1.24
0.296
1.68
4.416
0.336
0.212
4.32
0.452
1.448
1.96
1.892
3.32
0.316
3.248
0.052
1.136
1.636
1.584
0.036
0.208
3.572
4.392
0.368
0.4
1.632
0.164
0.032
0.272
0.496
4.452
0.308
0.908
1.4
2.012
2.108
3.356
0.8
0.948
0.992
3.78
1.292
1.236
1.044
1.768
0.264
3.3
0.248
1.776
4.772
1.844
2.408
7.26
1.584
5.968
8.472
1.704
0.824
9.104
0.176
2.376
0.92
0.208
0.448
1.896
1.012
0.056
1.928
8.268
5.424
0.288
2.436
0.168
4.524
0.216
1.172
0.652
2.696
9.888
1.336
8.496
4.348
9.212
1.796
5.196
0.704
0.38
0.052
0.18
1.288
0.364
2.72
1.536
0.972
0.92
6.812
1.86
10.168
3.872
1.572
0.156
0.748
3.564
1.112
1.316
2.048
6.288
0.132
3.62
0.052
0.98
2.384
2.492
1.28
2.16
3.252
1.012
2.108
5.58
2.24
0.572
2.712
3.96
0.744
4.22
2.22
11.06
4.892
10.18
0.688
8.708
1.916
0.532
0.88
1.34
0.368
9.844
7.548
0.964
0.572
0.496
4.2
0.24
4.568
1.272
4.864
0.7
0.392
0.188
1.764
0.604
3.188
1.408
1.316
0.428
3.904
9.808
0.388
1.956
0.932
0.668
0.088
0.452
1.908
0.308
0.508
0.188
0.716
1.36
5.524
1.312
0.044
2.296
3.692
1.476
0.896
0.852
0.244
3.468
3.244
0.252
4.596
0.248
0.024
6.896
0.116
1.456
0.208
0.984
2.028
0.048
4.528
9.716
3.056
0.064
8.184
3.876
5.292
0.244
9.208
0.732
0.212
0.996
0.676
9.548
1.792
4.076
0.724
0.932
1.408
0.096
2.228
0.164
1.072
1.136
2.12
1.068
0.696
5.36
2.148
0.476
1.772
0.46
0.124
1.98
0.48
3.436
1.868
3.28
8.152
0.34
0.228
0.696
0.852
0.348
1.88
0.216
0.364
0.156
9.04
0.236
0.668
8.608
1.816
2.524
4.272
1.484
1.004
0.456
6.02
0.924
0.48
1.44
0.248
0.596
2.96
2.268
0.548
3.564
1.22
1.596
0.364
1.808
1.232
0.856
3.192
2.096
2.42
0.204
4.156
3.38
5.328
1.016
0.968
10.46
1.812
3.46
1.48
4.64
0.184
9.26
0.028
0.252
1.028
0.28
4.98
1.596
5.632
0.128
0.556
0.164
0.856
1.036
6.756
9.048
0.672
0.768
0.492
4.932
0.508
1.58
0.096
0.476
8.584
10.288
1.34
4.556
5.144
2.436
7.216
0.756
0.08
0.684
0.832
0.252
3.884
6.516
3.372
8.784
7.76
1.964
3.028
0.34
0.652
4.62
1.232
0.904
2.08
2.38
0.712
1.34
7.036
3.128
0.584
6.652
0.648
0.244
0.06
7.144
0.136
2.932
6.652
2.096
0.54
6.056
1.392
8.404
9.24
0.432
10.416
2.26
0.78
1.216
1.12
4.968
0.532
6.34
3.904
2.656
1.624
1.476
8.408
3.548
2.796
3.408
6.688
0.064
0.66
0.248
4.228
0.056
0.488
1.784
1.012
3.764
2.1
0.224
4.932
3.108
0.276
5.616
2.896
2.124
5.256
0.572
0.516
8.612
2.632
3.236
1.332
0.524
1.496
5.208
2.616
5.592
1.288
1.3
0.132
1.948
0.824
7.448
0.396
3.176
3.436
0.992
4.096
1.508
2.024
3.648
0.5
7.236
0.816
0.656
0.192
0.596
1.22
0.74
1.98
6.588
5.82
3.824
0.364
0.752
5.188
0.216
4.576
2.52
0.2
9.44
2.06
3.66
10.616
0.404
0.424
2.7
0.336
5.992
0.46
5.84
9.048
0.628
2.716
7.092
0.188
0.2
0.376
0.128
0.444
0.04
0.816
5.072
1.676
0.936
0.22
8.292
0.28
0.336
3.788
2.652
2.764
0.06
0.86
0.332
0.44
3.112
4.528
0.592
0.608
0.368
7.36
0.82
3.448
0.136
1.18
2.068
0.496
0.352
9.768
0.132
5.936
5.36
3.392
10.452
0.94
3.944
1.092
1.94
4.084
2.856
1.632
1.852
0.58
2.112
4.396
0.956
0.064
7.38
2.596
1.756
0.784
10.916
1.84
5.268
1.648
1.668
0.072
0.252
2.296
0.62
0.128
1.8
4.628
4.224
0.824
1.628
1.696
1.292
0.596
0.064
4.932
0.384
5.96
0.076
1.472
0.264
1.884
0.284
6.524
5.14
7.568
0.248
0.176
7.576
0.584
0.444
0.952
1.052
0.652
1.064
7.844
0.26
0.4
0.868
0.212
6.952
11.028
2.368
2.188
0.46
3.652
0.48
2.092
0.288
0.056
2.216
0.432
0.472
2.88
5.408
0.848
0.88
5.604
5.912
2.164
0.848
0.512
0.6
9.988
0.432
1.084
0.816
0.428
0.148
0.4
0.616
2.984
2.276
1.944
10.856
3.436
1.28
0.736
0.668
1.296
1.088
10.44
8.98
1.16
3.4
1.956
0.128
0.304
8.544
2.572
1.284
0.456
10.004
5.356
8.732
0.212
0.304
2.316
0.312
0.876
1.732
0.944
2.016
2.332
0.424
5.78
10.808
1.032
3.308
5.82
0.336
1.808
0.184
0.456
1.716
1.724
0.8
6.876
3.12
1.772
0.256
0.476
2.772
4.94
3.4
0.204
0.712
3.148
0.064
0.064
4.388
0.928
0.332
0.204
0.224
1.156
0.776
5.932
6.34
1.004
2.816
0.576
3.092
5.42
1.448
0.2
5.5
5.188
0.596
2.404
1.796
1.008
2.28
0.584
1.892
0.208
3.044
3.856
1.176
3.192
1.932
1.628
2.912
6.268
0.536
4.9
2.652
3.452
7.616
0.08
1.864
0.904
5.984
0.104
1.976
5.688
5.908
0.916
3.3
0.676
0.296
10.6
1.652
2.504
2.824
1.204
2.68
0.152
4.264
0.208
0.884
2.708
4.472
4.332
0.352
0.792
1.18
1.16
2.184
0.884
1.92
0.684
0.912
0.636
2.424
3.636
4.576
0.092
9.756
9.324
0.544
0.276
0.204
7.46
0.188
9.04
0.224
0.052
0.088
0.032
2.216
3.812
4.492
0.132
1.032
0.12
3.192
3.404
2.092
0.148
0.596
4.14
0.296
2.848
1.288
0.492
0.292
1.908
2.528
2.768
0.444
6.06
1.548
2.192
1.328
0.828
4.816
7.82
5.344
6.64
1.976
0.536
1.94
5.256
0.228
5.38
2.684
1.416
2.08
7.036
3.368
7.472
0.44
0.036
0.536
0.7
1.64
1.308
2.7
2.388
7.756
0.44
0.788
3.14
0.268
3.896
0.636
2.176
7.176
3.308
2.568
0.16
4.832
1.884
0.428
0.112
0.34
3.552
0.06
0.048
0.272
0.98
10.352
10.528
9.652
6.16
2.212
5.324
1.036
7.96
2.468
0.344
0.248
0.168
4.216
4.748
1.34
2.516
0.928
2.12
1.128
10.956
0.116
0.064
9.128
4.016
3.956
5.576
2.048
8.848
4.52
1.068
4.224
3.408
0.952
1.728
0.644
0.736
7.636
1.716
5.572
3.26
0.576
0.036
0.24
2.58
0.412
0.14
0.112
10.256
0.66
0.484
0.052
7.38
0.044
9.444
0.696
4.84
4.852
0.104
0.632
0.436
0.912
0.36
0.108
3.464
0.216
10.008
0.856
7.144
2.296
0.964
2.124
0.364
2.964
1.612
0.212
0.4
1.512
2.748
0.492
0.108
2.7
0.52
2.372
0.164
3.652
0.068
3.732
5.44
3.54
0.44
1.708
1.256
9.068
2.2
0.164
1.36
0.836
0.64
1.94
1.752
9.004
1.152
2.388
1.728
0.072
2.468
1.164
8.64
1.928
1.156
6.404
0.344
0.82
1.804
0.524
1.064
7.012
1.24
1.176
7.904
0.484
5.568
0.572
1.072
1.92
5.108
2.688
2.912
0.116
0.752
0.756
3.384
0.632
0.632
2.564
3.412
0.484
4.148
2.156
2.128
1.464
5.96
3.852
4.528
7.848
2.18
1.312
6.92
1.096
0.352
4.388
1.368
1.748
6.832
0.544
0.652
3.604
0.284
0.804
7.232
0.616
4.264
1.852
9.032
8.916
1.188
2.16
0.956
5.476
0.816
3.936
0.088
6.332
3.356
1.38
2.996
0.208
1.728
7.932
4.584
5.016
3.612
3.276
4.004
1.296
2.152
1.776
3.5
0.636
3.656
3.756
1.484
0.448
0.46
0.468
0.908
3.44
5.076
0.176
0.404
4.9
2.568
0.14
0.504
4.34
8.596
0.752
0.104
2.892
0.208
0.112
1.572
0.08
3.756
0.76
0.324
3.436
10.588
4.116
0.148
1.116
0.736
1.476
0.092
0.448
1.284
9.48
3.2
5.588
0.52
2.176
2.592
4.912
0.84
10.288
0.372
7.884
8.828
0.044
0.06
0.94
0.408
1.64
0.94
0.312
0.292
0.556
1.916
1.112
4.376
2.956
0.992
2.624
0.708
3.972
7.228
1.152
0.392
0.444
1.032
9.956
7.812
5.02
3.812
5.78
7.168
2.336
0.052
2.74
1.088
10.728
1.38
2.74
0.236
1.336
0.044
3.72
3.56
1.032
3.032
2.644
4.808
2.78
0.18
1.596
2.96
1.06
5.324
3.344
2.288
5.472
2.78
0.636
3.892
0.408
0.112
0.188
1.664
1.26
0.488
6.404
1.612
5.472
0.788
9.472
0.112
1.252
6.312
2.516
1.256
0.132
1.392
0.36
4.644
1.976
1.156
1.072
1.2
0.416
0.596
1.464
0.324
0.712
0.632
9.14
4.004
0.744
3.56
0.028
1.144
8.264
3.872
1.168
1.228
0.116
1.864
0.52
0.576
3.192
6.168
3.264
1.124
0.408
8.136
3.52
9.512
10.832
4.816
2.016
0.652
0.504
1.216
2.664
0.532
0.532
1.884
10.94
1.924
1.268
0.216
0.128
1.032
0.856
3.628
0.488
1.812
3.352
0.16
0.292
4.068
5.08
0.592
3.316
1.648
2.052
1.288
0.8
1.928
1.636
1.432
1.18
0.744
4.048
8.152
6.58
1.812
4.588
0.416
2.212
3.64
0.128
3.704
4.94
0.092
0.22
0.984
7.876
1.38
10.632
0.492
3.548
2.936
0.18
2.68
2.468
0.74
1.724
3.684
0.56
0.512
2.136
4.484
0.4
0.804
9.02
0.192
1.4
0.268
0.156
11.04
3.26
0.336
4.32
0.188
0.144
4.352
7.484
0.22
3.216
0.204
0.492
0.224
1.312
0.86
5.4
0.04
2.784
3.544
5.552
1.64
1.588
2.7
1.36
7.456
3.424
0.248
5.444
2.908
0.628
1.724
0.336
0.276
9.556
0.056
2.676
1.976
3.516
6.676
0.992
1.58
1.16
0.612
7.928
0.704
3.888
4.752
0.188
0.652
0.132
1.16
1.16
7.056
2.212
1.384
1.576
6.596
4.484
1.024
1.864
1.48
0.308
0.432
0.48
0.84
0.796
5.288
1.464
0.1
1.3
7.44
1.756
0.708
1.236
1.18
0.156
0.368
8.128
0.084
1.876
0.168
1.324
0.756
0.72
0.296
2.492
0.072
0.224
0.056
4.596
0.548
5.456
6.66
0.668
6.408
1.744
1.648
0.984
0.372
0.16
2.188
0.324
0.628
6.56
1.236
0.656
3.196
1.824
2.508
0.744
10.92
0.744
0.556
1.032
5.884
3.016
10.592
2.04
0.416
8.328
2.512
0.196
1.4
0.948
1.084
0.42
0.068
0.752
2.044
3.628
0.188
0.672
1.948
0.304
0.988
9.1
1.452
1.972
2.04
1.248
0.2
0.144
0.2
0.376
1.448
2.992
10.536
1.0
0.076
0.544
0.816
0.1
3.56
1.16
2.544
0.376
8.62
2.74
1.576
0.228
2.852
0.432
0.564
0.808
4.868
0.668
1.484
1.288
2.332
4.128
5.3
0.212
0.404
4.652
0.096
3.768
0.316
1.868
2.772
7.444
2.772
1.172
0.408
1.616
0.084
2.964
0.712
0.536
1.04
2.78
3.988
0.612
4.28
8.608
7.84
1.78
7.752
1.544
2.892
3.568
1.392
0.24
3.692
2.064
1.532
0.4
1.476
8.3
3.796
3.824
0.696
0.988
0.252
0.4
3.212
3.8
2.796
0.912
0.108
0.432
0.272
3.552
0.86
3.836
1.596
4.408
0.348
4.244
4.916
0.084
1.744
0.668
5.34
1.768
1.736
0.708
9.864
7.384
1.484
0.036
1.868
0.336
4.332
8.576
7.172
1.636
0.696
4.548
1.552
1.948
0.212
2.516
0.82
2.552
0.22
4.46
1.356
6.916
0.292
0.672
10.944
10.352
0.288
0.108
1.032
0.332
2.256
3.068
10.704
6.38
1.78
1.448
1.388
1.564
0.148
3.644
0.844
0.404
1.444
0.184
7.7
9.144
6.62
0.868
2.152
0.244
5.792
1.036
0.056
0.608
0.7
1.992
1.072
1.224
0.516
1.096
0.084
1.78
3.484
0.46
0.26
0.708
0.1
0.56
0.084
0.884
0.824
4.932
0.208
2.168
4.096
0.884
1.292
0.576
2.096
1.012
1.372
5.284
3.664
7.84
0.04
0.06
0.348
0.22
10.596
0.16
0.64
4.772
0.152
1.212
4.544
2.824
0.524
1.272
0.496
0.112
1.956
3.928
0.144
4.44
4.176
2.288
0.42
10.268
1.78
0.476
0.092
0.296
1.192
4.724
3.2
4.604
2.16
0.192
0.18
1.212
1.012
5.668
6.884
2.1
2.564
4.448
9.992
4.48
2.848
1.668
0.492
1.216
1.352
0.272
5.436
2.532
1.596
3.684
9.372
4.072
3.684
0.436
1.84
3.864
2.388
0.82
1.0
0.848
1.268
0.748
1.552
0.1
0.34
1.516
0.088
0.984
6.208
4.36
10.236
5.076
2.456
3.392
0.156
0.364
4.44
6.624
0.24
0.8
0.896
1.488
5.104
2.728
1.54
0.188
1.18
1.068
3.792
1.144
0.54
1.392
7.516
1.308
0.288
0.52
4.728
0.592
0.196
0.904
8.664
3.38
0.12
2.732
2.744
4.584
0.3
7.984
4.652
0.128
1.936
2.816
7.1
4.824
8.908
2.288
3.36
2.152
1.084
0.176
0.124
0.248
1.916
1.252
4.98
1.172
3.864
10.776
0.32
4.152
9.392
3.284
4.748
3.036
0.912
1.104
1.196
0.332
2.544
0.788
0.276
5.184
6.104
2.692
2.728
2.392
0.776
0.672
0.632
0.728
6.356
0.432
1.036
2.216
5.316
0.948
1.544
3.04
0.196
0.92
3.736
4.748
0.276
8.312
1.548
0.608
0.972
3.68
1.144
7.196
0.08
0.136
9.7
4.808
0.256
2.736
4.436
0.58
1.464
0.992
1.384
0.052
4.072
2.636
0.24
2.732
0.832
5.736
3.864
0.488
1.028
0.116
0.512
1.38
0.212
0.564
2.028
1.512
3.212
0.056
0.044
0.772
0.948
1.18
1.812
0.256
1.04
0.892
0.476
0.172
1.688
1.832
0.148
8.196
4.248
3.604
0.516
0.824
1.156
1.612
2.824
0.788
0.308
1.944
2.932
5.192
1.292
0.032
4.54
8.056
0.888
3.524
0.848
1.352
1.84
1.144
0.996
0.26
1.036
0.64
0.252
1.232
0.412
0.496
0.584
1.284
10.44
5.76
9.732
2.996
1.532
6.152
2.58
0.864
0.76
1.372
2.096
1.492
0.244
0.46
3.056
0.268
2.092
0.968
5.552
10.208
3.872
0.984
1.192
1.568
5.852
9.88
1.532
4.156
0.036
9.852
3.516
0.052
1.248
5.876
3.58
9.184
1.856
2.38
0.204
4.104
0.052
10.388
0.556
0.736
1.0
6.088
1.284
9.868
0.588
1.752
7.58
0.232
1.292
5.84
1.164
6.572
5.44
1.028
0.928
3.456
0.352
0.936
2.616
0.896
0.068
5.504
1.088
2.056
0.788
3.244
0.2
2.196
1.632
1.316
3.984
0.764
0.88
1.352
3.592
2.248
1.4
3.588
1.712
2.672
1.424
0.612
1.012
5.392
0.168
5.44
0.896
0.712
0.56
5.292
1.164
0.884
0.228
0.496
0.2
0.676
2.392
0.416
10.2
1.052
8.484
4.432
9.144
6.572
2.828
5.772
1.976
3.88
2.528
5.372
1.74
3.408
0.108
2.668
0.672
2.096
0.892
3.368
0.148
0.3
6.676
1.092
1.06
0.32
10.928
0.24
2.028
0.264
2.528
1.372
5.092
0.076
5.508
5.372
4.652
0.488
11.0
6.4
3.712
0.228
10.96
7.52
1.888
6.384
1.464
0.836
0.244
0.384
0.74
7.368
4.632
2.296
0.4
7.484
0.296
0.952
2.836
3.144
3.62
2.38
0.892
0.092
0.588
0.212
9.86
5.42
0.828
6.844
0.36
7.12
1.328
3.436
1.0
0.5
4.416
2.104
0.076
6.884
2.56
2.86
3.908
1.04
0.1
2.524
0.136
1.032
0.284
2.212
2.34
0.436
1.82
2.432
0.156
0.968
6.936
1.692
0.868
0.916
0.036
4.948
2.004
0.216
7.94
0.268
0.356
3.536
1.252
1.532
1.196
1.376
0.54
4.116
8.828
0.324
1.056
1.536
5.404
0.608
3.084
2.956
0.832
5.976
1.84
3.232
0.112
0.916
2.996
4.128
0.916
0.324
1.896
3.912
2.28
0.4
0.752
1.916
0.144
3.632
1.528
0.496
4.74
0.912
0.24
0.06
9.004
1.564
4.008
0.244
1.152
1.084
0.392
0.34
0.216
5.024
10.916
0.344
0.4
0.652
2.3
7.572
6.06
0.48
0.26
0.032
1.048
1.276
8.876
3.016
0.816
2.512
2.656
1.472
3.808
5.076
5.552
9.152
0.48
3.564
0.808
2.82
1.288
0.604
1.104
0.112
9.228
1.036
0.968
0.408
0.312
0.62
0.9
9.52
2.02
1.472
0.48
0.536
0.956
1.444
6.576
0.128
0.94
1.704
0.448
0.052
0.664
1.212
1.832
6.208
0.272
0.432
1.052
0.204
2.52
4.56
2.28
1.004
0.492
4.936
0.82
8.516
0.824
8.712
1.532
5.596
2.036
2.096
1.104
3.092
4.804
0.656
6.788
1.164
0.76
0.036
7.62
0.192
5.824
2.868
0.064
1.32
0.096
7.984
4.332
0.248
1.656
0.18
0.3
2.208
1.36
7.56
0.22
5.176
1.468
2.94
2.244
10.888
0.336
0.248
2.368
0.736
0.408
0.916
0.432
0.736
2.604
0.28
0.432
2.376
7.632
0.564
0.3
0.332
5.612
1.236
8.036
2.492
0.336
2.32
1.344
0.084
6.972
7.436
1.884
9.732
0.252
0.032
5.256
0.4
2.5
0.268
0.696
1.652
1.652
0.284
3.844
1.248
1.236
2.396
0.168
6.74
1.38
0.164
1.332
1.124
0.22
0.576
0.808
5.288
0.556
0.636
8.136
8.364
1.108
1.804
0.808
2.568
4.828
2.024
0.868
8.176
3.016
3.724
1.268
4.52
2.82
4.84
0.084
1.848
1.136
0.684
6.128
4.896
0.788
0.648
0.34
0.456
0.164
0.344
0.092
10.384
0.444
3.784
1.348
1.62
0.716
7.792
7.964
2.58
2.084
0.084
0.332
0.284
1.824
0.604
6.064
1.512
1.272
6.124
4.54
9.224
1.104
0.932
1.184
0.996
2.304
1.612
1.248
3.464
0.232
0.272
0.68
1.948
5.588
0.34
1.432
1.26
1.632
3.488
3.852
0.64
1.14
8.756
5.508
3.428
0.208
0.104
5.136
0.432
4.084
1.04
5.248
0.324
0.92
0.068
0.256
2.436
4.204
4.352
0.352
2.564
3.588
3.416
9.204
7.472
2.848
1.016
0.736
1.156
9.8
0.296
0.924
0.668
7.692
2.476
2.244
0.316
2.504
0.352
3.98
5.788
0.432
1.836
0.196
6.796
5.92
2.044
1.996
5.428
0.676
3.936
0.204
0.752
0.94
10.236
0.108
2.54
0.836
8.72
0.052
0.868
2.592
5.436
1.584
0.212
0.028
0.068
7.644
4.984
1.908
2.492
8.912
0.408
9.684
2.448
0.112
7.312
1.488
0.072
1.14
1.984
0.712
2.736
6.004
0.096
1.824
2.316
0.492
2.236
5.256
9.604
0.048
5.368
10.716
0.432
0.236
1.58
11.008
1.016
3.592
1.072
3.628
0.032
8.356
1.112
1.136
1.504
1.14
3.564
0.524
0.908
4.04
0.34
0.136
6.636
1.488
4.64
2.784
1.012
2.944
1.8
6.864
6.736
1.124
7.456
0.244
0.588
1.24
4.296
0.94
10.364
0.636
0.344
3.508
3.996
0.144
3.736
10.24
9.032
0.788
2.468
3.944
1.388
3.532
0.58
0.172
4.864
3.216
5.496
6.736
5.972
1.592
2.256
2.436
9.296
0.272
6.112
3.464
0.34
6.356
0.892
2.32
9.712
0.184
1.944
0.308
3.608
2.2
3.128
9.22
0.064
0.476
2.324
5.52
1.88
4.024
0.424
0.404
2.544
1.564
0.928
4.812
0.972
3.416
3.268
4.48
1.708
0.244
4.688
3.848
4.348
0.636
1.244
0.228
7.008
0.812
0.836
10.4
2.444
6.436
4.628
1.52
7.784
2.332
8.32
2.372
0.212
1.14
4.608
6.896
0.316
5.676
5.112
0.956
2.52
0.144
2.188
3.368
0.856
1.812
7.704
0.696
0.92
0.42
1.344
1.284
0.192
0.988
0.196
6.38
2.512
0.352
3.024
0.108
0.8
0.496
0.728
1.412
0.496
2.388
0.604
5.512
1.668
6.496
7.144
0.968
0.612
0.176
2.112
0.976
0.364
0.708
4.54
0.652
0.544
7.256
0.536
0.108
0.268
1.184
3.696
0.628
3.28
8.024
3.284
1.2
1.516
2.0
4.776
0.024
0.332
4.484
4.288
0.052
2.54
0.78
1.068
1.276
1.796
0.42
0.792
4.52
0.16
7.684
2.408
3.7
4.844
10.344
2.288
1.344
3.72
0.828
1.136
0.544
0.984
0.36
10.656
1.124
8.556
0.984
1.476
0.796
0.22
7.176
3.008
0.516
8.412
0.372
0.524
1.444
9.256
1.612
0.98
2.856
1.54
0.54
7.504
0.312
2.924
0.528
1.548
3.736
5.656
1.4
2.24
2.124
1.376
0.108
2.44
1.564
0.228
3.332
10.372
3.744
0.032
4.132
3.736
3.764
3.404
0.28
4.6
0.788
0.324
1.036
3.516
0.248
1.9
2.16
5.932
6.036
2.984
1.06
0.728
11.032
0.824
1.384
2.676
1.252
5.988
0.028
10.084
5.544
4.28
1.86
0.848
0.28
0.256
7.172
1.264
0.44
2.704
4.34
0.936
3.848
2.228
0.48
0.624
1.88
1.744
6.244
7.708
0.584
0.856
0.132
10.96
3.08
1.22
0.596
2.796
1.7
1.096
8.768
1.184
9.44
0.044
0.22
2.12
0.836
9.252
1.152
1.544
0.476
1.088
0.62
0.752
1.168
5.056
1.72
5.048
3.904
7.808
3.652
0.416
1.78
6.536
3.664
0.7
1.64
0.528
0.696
1.336
0.24
1.012
1.14
0.6
0.728
0.764
0.236
0.504
2.52
0.912
1.756
2.972
0.652
0.796
0.32
9.488
2.908
0.544
0.86
5.9
0.392
0.276
0.396
0.736
1.372
0.94
2.036
0.208
7.848
0.672
9.176
0.328
0.18
3.808
0.976
0.452
4.572
1.328
1.588
2.612
0.068
2.028
0.532
1.66
2.48
1.268
1.616
0.224
5.888
1.864
9.048
2.08
0.812
2.272
0.708
1.204
0.956
2.8
0.304
0.536
1.032
8.936
2.264
0.956
3.648
10.784
0.464
8.872
2.496
1.588
6.972
0.172
5.72
1.912
4.992
0.984
0.728
1.636
1.264
7.212
7.064
1.256
2.996
0.616
2.94
3.624
3.208
1.06
0.42
3.016
0.556
1.612
1.048
0.796
2.364
8.456
0.296
1.284
7.544
2.712
0.576
0.78
6.524
0.412
0.308
1.56
1.78
7.36
0.408
0.524
1.4
2.496
3.32
1.268
3.872
0.572
0.128
0.976
2.252
1.624
3.66
0.584
0.06
8.136
1.836
2.28
3.512
2.804
7.384
0.9
1.448
4.808
0.108
3.052
10.428
2.7
1.212
0.036
8.376
0.688
6.472
1.668
3.464
7.38
0.636
2.296
3.732
3.54
0.896
0.068
0.676
0.512
3.624
0.168
0.9
1.188
2.072
4.568
3.52
2.584
1.424
9.152
9.128
0.76
0.316
0.152
0.844
2.756
11.092
0.188
2.788
5.82
0.28
0.176
5.572
0.624
0.356
0.556
4.68
2.016
3.372
2.272
1.572
5.084
1.024
3.024
1.768
2.356
2.516
2.04
0.204
0.428
1.248
0.104
0.184
1.844
2.304
1.58
0.368
5.696
0.324
0.676
0.116
0.04
0.116
2.82
0.36
1.452
0.484
0.044
0.232
8.112
2.072
0.84
0.852
0.036
4.484
0.404
0.44
1.06
0.492
2.876
0.092
3.0
0.9
2.164
2.688
3.404
5.58
1.968
3.86
3.512
0.496
1.268
0.528
1.224
0.68
4.42
0.16
8.116
0.12
1.072
4.112
0.576
1.788
10.6
0.476
2.388
1.452
5.356
1.492
0.264
2.124
2.052
3.824
6.98
5.524
1.592
1.056
4.312
6.512
1.612
4.396
2.52
3.732
6.936
0.444
1.492
2.976
0.272
0.804
0.628
7.184
0.92
1.26
3.108
0.228
2.476
5.98
0.484
2.996
0.492
3.348
2.664
10.448
1.732
5.936
0.456
1.396
1.08
0.976
1.944
2.16
8.652
4.396
0.268
0.584
5.76
0.188
4.668
4.432
0.468
3.244
0.52
0.732
6.392
0.26
9.912
1.584
1.584
3.6
0.26
0.236
0.352
1.388
0.344
3.088
6.788
0.78
0.816
0.536
0.24
0.356
0.436
1.604
0.508
2.308
0.06
1.636
1.86
11.056
1.56
0.128
0.168
1.412
8.492
0.128
0.976
5.988
0.112
0.208
0.676
0.184
0.496
2.532
0.384
2.732
1.696
1.196
0.36
0.436
1.26
1.556
2.204
0.192
2.656
6.836
1.696
0.268
2.772
0.224
0.244
0.088
2.204
0.576
3.8
0.608
2.5
0.836
2.512
0.804
8.592
0.184
1.024
0.584
4.484
1.456
0.208
1.748
0.664
1.764
1.44
1.316
6.588
0.412
2.0
1.4
1.348
1.464
1.796
0.344
4.156
2.42
1.448
2.964
2.46
3.732
0.428
3.076
5.652
0.22
4.196
5.692
0.372
7.62
1.932
0.716
8.156
6.82
3.096
9.668
0.192
1.092
1.876
0.212
0.16
1.024
1.784
4.404
1.432
2.52
0.404
0.62
2.756
0.912
0.152
5.4
10.012
1.172
1.84
1.348
