5.864
0.124
4.188
3.012
1.104
2.364
6.92
0.18
0.88
0.2
0.66
0.896
6.228
10.924
0.24
8.64
2.488
0.748
0.424
0.228
2.092
1.952
6.54
7.056
1.168
0.448
1.06
0.52
0.46
6.116
1.412
7.496
2.916
0.128
0.824
1.972
0.332
5.8
6.544
1.648
2.46
0.648
1.504
7.504
0.816
7.24
6.776
1.452
6.7
4.648
10.368
1.724
0.896
6.64
0.656
2.784
2.28
1.02
2.336
2.204
2.952
1.864
1.344
9.972
1.784
1.3
0.436
5.668
6.308
0.912
3.716
4.504
0.168
1.42
0.448
0.096
0.932
1.852
6.036
2.724
1.42
0.696
0.716
10.412
7.736
2.968
4.392
0.908
0.184
3.052
0.764
0.904
1.368
2.488
3.492
3.228
0.924
2.48
2.9
1.824
1.424
0.888
4.316
4.684
4.872
4.328
0.16
1.0
2.328
2.076
3.36
1.5
2.156
0.348
2.796
0.732
1.376
3.488
6.4
2.456
5.476
0.176
0.94
7.44
6.064
1.528
2.684
0.484
2.36
1.332
0.524
1.128
3.32
8.436
2.616
1.16
1.12
3.128
0.456
1.728
0.46
1.084
1.668
4.836
0.676
0.588
2.8
1.504
2.82
1.212
0.4
1.616
0.116
0.124
4.22
2.508
5.468
4.556
2.836
0.784
1.3
8.756
1.324
3.2
0.304
1.548
8.636
7.576
10.0
6.112
0.804
4.004
0.86
3.7
6.956
2.76
5.228
5.048
2.8
0.86
0.944
3.16
2.336
4.84
0.264
1.484
1.316
7.196
3.188
2.32
0.38
0.424
3.12
0.524
3.94
1.468
3.66
2.524
0.456
0.252
4.024
2.244
2.192
0.644
1.32
3.972
0.508
0.572
4.768
3.092
0.668
0.58
1.84
1.088
0.088
4.976
6.844
4.14
5.68
0.516
1.988
0.212
1.56
0.896
1.232
2.496
4.252
2.164
0.364
2.136
0.452
3.536
0.136
1.116
0.484
3.032
1.78
3.092
2.932
9.872
6.9
2.248
1.768
3.708
2.376
0.384
4.96
2.02
0.268
0.356
1.036
0.572
1.32
0.108
0.568
7.26
6.184
1.596
0.568
1.388
1.836
0.584
3.548
4.168
10.28
3.256
1.824
3.52
0.664
0.404
1.248
0.756
9.6
0.916
0.276
4.1
1.424
0.668
3.764
0.484
0.244
1.548
0.232
0.916
1.056
1.716
0.084
0.224
2.916
0.38
1.064
3.504
0.524
1.256
10.544
7.552
8.484
2.772
2.608
2.972
2.448
1.212
2.756
3.68
2.156
0.896
0.376
3.2
9.608
1.636
4.732
0.18
4.62
0.1
0.4
0.672
2.048
3.584
7.448
2.092
7.38
0.408
1.728
1.22
0.196
2.004
1.172
0.948
0.108
1.896
0.232
1.7
2.904
2.28
3.104
9.692
1.532
8.568
1.724
0.612
1.624
7.648
1.612
2.908
3.832
3.752
0.876
1.916
2.424
8.584
0.516
0.568
1.404
1.98
1.72
1.144
9.704
5.868
6.948
0.32
10.944
0.368
3.06
2.16
4.476
6.816
0.456
4.868
0.08
0.508
1.404
2.664
0.384
1.624
0.6
2.664
2.928
1.188
0.536
1.332
10.536
2.952
0.476
0.804
0.088
1.652
0.172
2.88
5.928
4.668
0.352
7.508
0.976
0.696
0.416
1.82
0.168
1.556
0.548
1.06
7.812
0.656
1.06
3.864
0.828
5.484
2.924
4.024
0.092
0.46
0.776
2.164
3.496
0.208
0.084
2.112
0.88
5.636
5.728
0.7
3.772
0.996
2.376
8.832
2.516
7.528
1.596
2.708
0.528
1.184
0.784
0.84
8.212
3.22
1.428
6.996
0.636
0.092
1.94
2.244
5.492
5.816
5.4
0.536
8.896
0.712
6.188
1.38
1.748
2.444
1.604
0.264
1.196
0.152
0.588
2.052
1.592
0.112
10.156
0.892
4.664
3.504
0.844
11.052
3.572
2.864
2.932
1.404
2.348
4.284
8.148
1.568
2.84
7.196
1.42
9.104
0.4
1.552
0.236
0.244
5.864
2.212
3.096
1.288
4.776
9.72
0.236
1.5
0.148
0.536
1.728
4.844
0.588
0.84
0.812
0.172
1.84
0.916
1.624
0.916
3.008
1.608
3.396
0.632
0.504
1.056
4.732
1.02
0.9
5.648
5.268
0.28
0.996
9.008
10.412
2.452
0.16
1.388
2.296
0.576
7.656
3.156
5.92
2.268
1.72
1.512
8.312
0.9
0.884
2.724
5.776
10.224
7.088
1.152
2.336
6.62
7.564
2.688
0.12
0.768
1.488
3.764
1.604
0.712
0.66
5.596
0.724
6.824
9.276
0.588
3.112
0.784
5.444
0.668
3.736
4.644
0.324
0.128
0.608
10.34
0.328
1.372
0.104
0.552
2.008
1.152
0.376
1.352
6.824
1.12
0.172
0.176
1.904
4.172
0.92
1.932
4.764
4.264
4.928
1.408
2.984
3.596
1.096
1.364
1.568
0.768
0.692
0.58
0.3
0.716
1.388
1.832
1.324
1.792
2.476
7.008
0.74
6.38
0.876
0.3
4.564
4.036
4.648
1.236
1.008
7.556
2.74
6.512
0.228
2.316
1.136
1.504
6.104
0.716
5.528
4.052
1.784
1.892
10.016
7.108
1.02
0.884
1.572
4.176
4.628
2.372
3.132
2.432
0.832
1.968
0.604
0.668
6.244
2.764
2.548
2.12
0.664
6.444
1.6
0.688
0.384
2.368
2.864
0.176
1.588
4.404
0.72
1.416
3.268
1.852
0.848
10.24
7.94
1.052
4.932
1.576
1.036
1.752
4.592
2.708
2.792
1.02
8.096
0.244
0.692
1.408
1.8
0.856
2.544
1.228
4.58
0.28
6.7
1.784
0.8
7.664
1.64
5.82
0.524
0.452
8.208
0.168
8.836
1.188
0.924
3.012
1.996
1.376
5.064
1.184
3.504
1.02
0.112
0.712
2.88
1.324
10.232
2.088
3.768
0.872
3.892
0.836
3.648
10.396
3.116
1.752
0.184
1.488
6.448
0.312
1.116
1.116
1.648
3.064
1.392
0.636
3.776
1.116
1.476
8.352
2.104
0.44
6.124
1.952
2.688
1.084
7.284
10.88
6.4
0.872
0.12
3.692
2.056
5.304
1.7
0.156
1.472
2.892
5.02
8.168
10.708
1.644
2.08
5.188
5.864
5.7
1.012
2.424
4.236
0.316
0.116
1.772
4.964
6.632
0.568
0.092
0.428
5.672
0.476
1.008
3.312
4.872
0.108
2.748
1.288
1.952
7.96
2.052
6.804
1.084
3.444
0.12
1.444
2.544
0.68
1.364
0.812
1.724
1.096
0.584
0.624
0.944
4.164
1.548
1.68
3.572
1.612
1.06
0.18
1.336
0.708
3.224
0.168
3.056
1.968
1.876
4.668
3.124
1.224
9.876
2.46
1.376
0.136
4.088
2.128
0.368
0.716
2.98
1.652
0.208
0.412
1.476
3.072
8.568
0.584
0.796
0.424
6.796
4.12
0.508
0.744
0.348
0.228
2.32
5.68
3.832
0.724
7.62
2.016
1.028
10.036
4.164
1.036
10.9
0.796
2.616
2.528
0.864
4.172
0.288
0.272
5.112
0.156
3.512
0.276
0.736
0.236
5.532
3.4
1.196
0.748
2.372
0.592
0.404
5.244
4.656
0.484
1.916
4.312
4.112
1.912
4.08
5.192
1.632
1.308
9.132
6.184
0.772
0.212
4.92
1.024
4.592
1.592
1.528
0.696
2.812
0.428
3.072
0.66
4.364
0.516
1.468
8.732
1.808
0.904
1.768
0.608
3.404
1.732
0.192
0.62
5.032
1.724
6.788
1.264
0.648
2.228
5.776
2.248
1.624
2.5
7.548
1.832
0.828
2.296
0.276
0.516
7.968
1.46
4.884
5.644
0.184
0.468
0.648
3.464
10.464
0.108
0.208
3.724
10.408
4.496
0.38
2.992
4.404
3.712
1.428
1.616
4.048
0.28
0.464
2.428
0.252
0.784
0.924
0.42
0.912
0.14
0.156
0.548
0.716
2.012
2.604
0.156
0.528
6.864
2.404
1.536
5.704
0.584
4.2
5.296
0.528
2.028
3.332
5.276
2.612
0.528
5.592
1.264
0.232
0.284
1.58
1.7
9.308
3.176
2.62
1.784
7.712
5.928
1.3
2.408
0.376
0.6
0.308
9.32
4.04
0.136
7.992
0.588
0.216
1.852
1.448
0.384
1.932
0.548
4.672
0.416
6.896
0.66
0.388
1.4
0.632
1.132
4.076
7.7
3.892
0.264
0.484
1.152
3.66
0.456
5.824
5.36
0.5
3.112
5.152
6.724
1.424
3.004
2.748
0.268
2.076
3.108
3.08
4.216
0.288
0.276
0.764
0.56
4.488
1.08
2.472
0.76
0.816
5.764
0.96
5.604
8.432
0.692
2.572
0.148
1.276
0.724
0.444
1.3
0.284
1.204
0.592
7.452
0.332
2.044
4.172
7.76
0.656
8.144
2.16
0.888
0.956
4.548
1.716
2.16
1.98
0.236
3.328
1.228
0.252
5.544
0.324
0.456
3.796
0.868
6.56
2.256
0.772
0.928
4.284
1.22
0.552
1.82
1.732
5.504
0.656
1.948
0.788
1.616
2.364
3.948
0.148
1.06
0.644
1.864
3.164
0.196
0.132
8.94
0.74
0.44
3.0
2.312
0.864
8.684
0.232
8.02
4.012
5.372
4.8
2.584
3.892
0.892
1.288
1.64
7.212
6.36
0.26
2.908
0.668
9.804
2.992
10.884
0.644
2.796
0.316
1.444
7.16
1.732
0.472
6.04
1.02
2.584
5.304
7.404
6.26
0.584
1.156
5.4
4.296
4.912
1.212
0.836
3.064
8.848
1.532
10.256
0.872
4.6
6.076
7.524
0.184
2.284
0.356
7.948
0.4
0.884
0.948
1.288
2.62
1.836
2.904
0.376
4.96
1.784
4.456
3.508
4.48
3.116
11.04
6.94
3.888
5.836
4.744
4.052
0.588
2.56
0.756
4.76
2.844
7.036
2.732
4.84
2.952
1.044
3.456
1.26
0.568
2.74
2.868
3.104
4.5
1.66
2.984
1.4
6.292
8.352
1.664
2.2
4.096
3.012
2.78
3.832
0.3
0.392
3.124
2.856
1.344
0.216
0.336
1.54
0.172
1.016
0.212
0.628
5.224
2.612
7.088
1.356
10.484
1.068
0.664
1.492
0.244
0.464
1.668
2.592
0.264
1.7
6.368
2.04
1.896
4.196
0.376
3.504
0.724
0.596
2.292
1.512
1.468
3.412
1.316
1.12
1.724
5.228
3.508
5.2
6.164
1.436
2.524
0.1
4.076
3.524
8.856
0.42
4.324
0.212
8.656
0.696
1.476
0.876
2.732
1.116
2.2
7.26
0.412
8.6
7.52
0.972
1.244
6.7
4.468
6.032
0.784
0.296
3.552
3.436
1.296
0.856
0.668
1.512
1.412
1.252
2.9
3.688
0.72
4.464
0.5
5.036
7.36
1.156
0.764
0.116
0.324
8.876
2.628
1.32
0.352
9.304
2.14
1.028
0.712
8.248
3.028
0.256
0.084
2.348
6.192
1.624
0.332
6.828
0.088
4.988
0.116
1.028
0.744
3.3
0.74
0.096
1.288
0.592
0.6
2.44
1.168
0.832
7.424
2.464
1.216
0.676
1.444
4.16
0.304
2.632
0.412
3.056
2.04
2.144
0.612
1.36
1.356
0.748
1.384
4.484
5.528
0.256
5.12
3.06
2.212
1.4
3.236
4.568
9.404
3.672
0.316
1.88
6.156
2.336
1.592
2.252
1.104
1.096
2.424
0.252
0.408
10.816
0.824
0.536
3.608
1.344
10.244
2.312
5.96
4.724
2.78
8.944
0.756
0.976
2.736
0.156
2.272
7.94
7.96
2.064
0.84
2.24
1.176
5.768
1.2
0.716
2.984
9.412
3.116
0.796
0.632
1.748
6.872
1.26
2.864
0.188
2.688
3.416
0.64
3.22
6.568
2.32
0.608
1.732
0.484
8.096
0.588
0.168
3.94
0.456
0.352
0.44
1.492
4.592
2.544
4.072
4.788
4.268
3.936
0.104
2.788
1.936
0.656
1.972
0.884
0.976
1.94
6.76
4.608
1.196
6.544
2.324
0.836
0.156
5.568
1.1
0.248
3.732
0.328
0.188
0.332
2.596
0.188
0.36
9.42
0.696
1.836
0.34
0.636
1.5
1.736
3.792
0.456
2.372
0.368
10.016
0.264
0.664
0.74
10.564
0.364
2.008
4.872
0.676
4.092
10.368
2.5
0.724
0.908
1.548
1.724
1.7
1.824
3.276
0.864
3.872
4.072
0.296
3.732
3.488
6.176
3.24
1.352
1.328
0.148
2.432
0.22
3.816
1.084
1.184
9.296
0.096
3.208
0.448
1.108
0.7
0.128
1.756
0.648
5.544
0.464
5.824
6.312
1.392
7.892
8.448
1.956
2.268
3.404
2.064
1.928
3.764
1.052
7.772
5.204
5.344
1.264
1.04
0.936
1.896
3.4
1.268
0.64
1.54
3.936
3.224
2.024
0.14
8.208
1.72
0.288
0.156
2.312
0.292
1.628
0.916
2.748
1.376
0.396
0.14
7.468
7.896
2.996
0.748
0.944
0.32
8.676
1.424
5.0
2.792
6.828
7.828
2.824
2.764
0.828
1.944
0.1
9.38
0.44
0.884
1.768
5.796
0.848
1.544
0.536
1.912
0.22
0.132
1.752
2.336
0.492
1.196
0.56
1.184
2.456
6.408
2.58
0.148
1.976
0.808
0.796
3.956
2.288
5.736
8.332
6.272
0.52
1.04
4.94
0.22
0.932
2.996
6.984
4.968
1.228
0.972
1.452
4.736
0.26
2.74
1.208
0.44
0.272
2.208
0.756
9.212
2.768
3.372
0.228
2.524
4.708
2.496
1.76
4.992
10.928
1.644
2.312
3.292
2.112
1.8
1.26
8.732
10.504
5.34
3.084
3.24
1.268
1.896
7.06
4.676
1.876
0.24
0.24
0.532
1.008
2.012
3.204
6.096
1.028
1.096
6.148
3.332
1.472
0.668
0.464
1.48
3.488
1.28
0.824
0.212
0.708
0.636
5.932
5.956
1.704
2.236
0.148
1.756
0.588
2.204
2.024
3.628
4.976
2.196
2.688
2.524
0.344
1.164
2.06
8.92
0.128
2.356
0.62
0.46
2.404
5.544
2.848
1.248
0.264
5.88
2.74
0.988
8.004
11.028
1.852
9.236
0.728
0.904
10.812
4.972
0.408
1.676
1.336
5.096
10.432
2.164
0.624
0.84
1.02
1.284
0.952
0.448
6.992
3.004
0.372
6.904
1.496
2.872
6.52
0.768
5.316
1.04
5.832
3.672
0.768
2.048
8.676
8.504
1.74
1.2
0.512
4.972
5.664
0.128
4.096
7.06
1.24
0.684
2.32
0.748
1.068
9.952
7.48
6.976
2.828
1.612
3.708
4.74
2.728
2.108
2.18
0.688
2.644
0.14
10.648
9.74
4.072
0.984
0.296
1.268
0.48
8.004
2.216
10.036
1.628
2.34
3.592
0.096
0.928
4.296
0.252
7.208
0.232
1.268
2.292
10.9
0.672
4.56
1.768
0.804
1.944
0.976
0.772
3.636
1.732
3.596
1.276
0.18
3.392
8.936
1.984
1.192
1.76
0.864
3.064
7.464
0.908
10.468
2.832
1.352
5.448
5.64
6.408
1.792
1.216
0.1
0.76
2.032
0.776
0.096
0.32
10.516
0.432
5.024
4.74
1.236
0.88
0.276
1.124
0.492
1.352
2.664
0.648
1.832
0.176
3.948
1.468
0.88
3.164
8.384
3.432
0.504
2.604
4.368
4.544
1.188
0.548
0.12
10.988
2.704
1.116
1.072
6.336
0.288
6.344
1.656
2.7
0.932
0.588
1.796
4.768
2.88
3.716
0.288
1.684
0.16
3.184
0.684
3.856
1.396
4.464
0.688
0.304
8.384
3.18
0.32
1.208
0.112
2.344
0.836
2.872
3.264
0.168
2.268
0.196
5.872
1.62
0.208
0.144
0.804
0.7
0.284
4.58
8.092
5.032
1.204
0.64
1.788
1.12
4.664
4.736
1.708
2.296
0.236
3.928
1.312
2.256
0.332
2.668
3.396
3.488
0.444
0.368
2.216
5.304
1.152
0.38
0.716
5.668
0.564
0.696
0.836
2.54
0.144
1.74
2.376
4.74
1.472
2.512
1.288
3.428
1.308
4.312
0.124
0.132
0.652
0.68
6.22
0.64
1.912
1.128
0.164
2.68
0.16
0.444
2.66
1.156
2.788
2.504
2.916
4.744
2.656
3.456
2.56
0.688
4.18
1.676
0.592
0.752
8.032
0.256
2.452
0.564
0.432
5.268
0.66
1.888
0.244
1.196
2.24
0.116
1.428
2.476
0.212
1.344
0.236
0.112
2.348
1.808
6.068
7.272
0.628
1.792
1.468
1.036
0.5
1.568
5.928
1.912
1.376
1.264
2.068
10.592
4.616
0.248
6.12
6.928
0.096
0.82
2.36
7.664
2.152
1.632
5.064
3.992
7.168
1.552
1.892
1.04
2.452
1.576
0.904
6.472
1.624
8.08
0.284
7.288
6.512
5.008
1.064
2.368
7.44
0.208
1.132
6.132
6.804
0.168
3.084
5.364
0.292
1.032
2.844
2.932
0.748
0.172
1.928
7.716
7.968
0.304
9.312
0.84
0.948
0.972
0.42
0.48
1.336
2.028
0.548
3.852
8.272
6.12
1.496
0.484
1.236
1.784
0.336
1.636
1.408
0.66
1.044
9.236
9.908
10.96
0.66
1.14
2.128
1.616
0.444
0.356
1.888
3.636
1.884
1.388
3.296
0.208
4.356
1.648
0.616
1.604
8.8
0.864
5.712
2.196
0.192
0.08
0.836
0.56
4.512
1.088
0.164
1.508
1.352
1.456
1.172
3.312
1.128
0.812
2.572
4.792
0.108
2.672
8.436
0.884
1.68
1.068
0.116
0.584
0.204
1.26
2.96
0.716
0.536
1.576
2.236
2.08
0.852
1.784
1.576
5.656
2.104
3.816
1.988
1.416
2.104
4.084
1.8
0.104
0.728
0.644
10.756
0.164
1.492
5.184
1.324
2.676
2.924
8.176
7.396
10.768
3.876
0.476
2.008
1.732
1.056
1.592
1.616
2.572
1.096
8.836
3.32
7.472
3.644
1.244
2.424
1.532
0.22
2.096
2.712
1.28
2.304
0.28
3.82
4.144
2.304
1.46
0.252
0.824
0.504
2.948
5.908
0.212
0.092
0.412
2.992
1.56
1.3
0.244
0.192
0.188
7.004
8.1
4.072
0.104
5.78
10.616
1.72
4.04
1.452
8.408
0.268
3.064
2.524
0.752
0.12
2.336
3.912
5.032
0.192
2.852
2.32
4.368
2.48
1.072
2.736
1.388
1.976
0.172
5.612
8.62
1.412
0.804
3.116
4.1
1.94
1.264
10.708
0.676
4.016
1.78
0.78
4.784
2.224
2.628
0.264
0.164
4.156
4.22
0.496
0.452
5.364
1.428
4.028
1.784
3.14
1.872
1.788
0.364
0.472
0.412
3.56
2.436
1.16
0.932
1.164
3.452
0.224
2.952
8.324
10.648
0.512
2.26
0.3
2.468
0.392
0.216
1.708
0.872
3.796
1.42
0.828
4.372
1.752
1.904
1.216
2.656
11.024
3.032
0.232
3.54
1.192
2.648
1.304
3.504
1.664
3.424
2.192
2.528
1.324
2.136
1.936
6.968
4.752
0.664
6.652
0.084
2.0
4.184
2.748
7.816
1.572
8.156
3.932
0.14
2.62
1.16
9.236
8.04
7.684
6.64
1.156
1.456
3.112
2.24
2.964
3.552
1.332
0.792
10.26
7.772
3.512
9.048
2.632
9.92
1.328
1.984
0.148
2.84
3.536
0.136
1.46
1.436
1.172
8.188
0.612
0.492
0.7
1.312
0.628
4.82
0.332
3.324
0.788
0.264
0.384
2.14
0.148
1.04
10.124
0.4
0.672
2.196
1.808
0.656
0.144
1.252
10.836
6.252
1.26
4.308
2.452
1.244
0.992
9.092
0.348
1.46
2.82
0.208
0.82
0.668
4.172
8.564
9.816
0.596
0.184
0.632
0.944
3.492
0.444
9.552
0.388
3.628
5.632
5.112
0.844
1.096
0.14
2.444
1.048
0.508
0.14
0.928
0.664
1.388
4.412
8.86
2.64
2.74
2.66
2.096
2.644
1.648
1.164
1.324
0.864
5.908
0.828
2.336
0.576
6.668
2.072
6.432
1.256
0.276
4.464
10.56
2.052
0.18
0.872
1.728
3.716
4.088
2.324
3.164
4.108
1.412
0.644
2.592
5.38
1.84
2.876
5.948
9.06
0.584
8.608
4.076
1.108
0.416
5.152
0.184
1.664
4.308
1.728
1.212
7.968
2.896
2.092
4.656
0.712
1.836
7.432
1.056
0.104
0.8
10.78
0.408
0.684
2.624
0.828
0.672
1.32
0.196
3.74
0.152
3.976
0.124
1.268
0.624
1.212
0.384
0.148
2.108
1.912
3.748
3.872
9.08
9.4
1.2
0.172
3.192
1.552
0.34
0.088
7.748
0.92
4.632
1.324
0.228
5.396
4.964
1.26
0.504
2.1
0.644
4.004
3.7
0.116
0.116
0.584
1.352
1.044
2.304
7.988
1.544
1.792
0.716
2.544
2.032
3.888
4.012
0.192
0.42
3.112
4.08
0.62
1.46
0.488
1.932
2.512
7.176
7.112
0.648
8.204
2.288
3.676
0.268
0.648
1.82
2.796
2.752
1.484
0.476
0.308
2.696
3.828
0.464
0.224
0.92
0.224
3.064
3.052
0.424
3.256
0.352
2.832
0.4
0.1
3.628
4.384
1.6
10.852
6.9
7.464
3.412
1.664
4.636
0.56
0.888
0.968
0.388
3.732
8.58
0.448
0.32
4.988
3.936
7.6
1.504
3.78
1.048
11.088
2.412
2.368
2.012
0.22
1.232
0.528
0.78
0.116
0.656
2.32
1.676
0.196
0.5
1.812
8.68
0.236
0.284
1.124
0.36
9.392
0.236
1.26
2.452
3.344
1.244
1.152
0.14
0.104
0.868
2.264
0.264
2.392
8.736
0.448
1.824
0.768
4.98
0.788
0.796
2.504
8.68
4.696
4.14
1.44
4.796
0.528
3.084
0.144
0.632
0.704
2.632
0.864
2.504
2.94
1.344
5.024
0.296
3.08
7.876
1.372
0.516
0.508
7.648
1.444
7.58
5.788
0.524
2.692
0.216
2.28
0.108
0.192
3.788
8.668
1.912
1.22
1.228
0.116
1.644
8.836
0.648
0.112
1.3
3.408
4.248
1.696
1.06
0.712
0.672
0.084
0.364
1.044
8.312
0.084
0.428
0.388
2.412
0.816
2.428
0.528
0.34
2.852
3.448
3.912
0.912
2.104
9.044
0.732
0.268
3.356
1.02
6.716
0.74
0.672
2.16
1.64
1.888
2.86
0.52
0.376
3.78
2.288
6.684
2.068
0.452
2.112
2.42
0.244
0.468
1.552
1.676
4.092
3.252
2.576
0.216
8.964
2.124
0.116
1.012
3.58
0.836
0.136
2.0
1.572
2.088
4.528
2.844
1.168
1.268
0.24
3.508
2.404
6.72
7.9
2.688
1.984
1.256
0.688
4.98
2.28
0.976
2.176
4.628
2.94
7.024
0.248
9.552
7.448
1.008
10.144
0.84
3.18
0.3
0.488
1.532
3.008
2.684
1.728
0.344
3.92
0.952
5.136
1.828
1.452
1.208
0.224
3.8
0.956
1.316
2.372
7.98
0.308
1.532
3.404
0.756
2.216
1.468
0.492
1.692
1.4
2.948
0.592
1.596
0.904
2.468
2.872
6.96
1.516
6.444
0.624
2.8
5.74
0.1
0.772
4.744
1.688
4.344
7.688
7.668
0.832
0.708
1.16
0.4
5.192
3.076
2.244
0.724
1.224
0.34
1.232
1.392
9.476
1.528
0.66
4.772
1.244
1.796
2.232
3.76
0.08
0.396
2.792
1.404
5.24
1.792
7.244
1.14
0.536
7.356
0.08
3.144
0.452
0.46
2.484
1.844
3.584
0.112
2.108
0.916
1.972
0.38
7.38
0.124
0.724
3.668
1.004
8.604
2.212
2.92
1.552
6.256
6.08
1.576
1.992
2.78
1.156
0.528
3.884
1.632
2.784
1.152
0.2
2.428
0.864
4.88
0.364
0.688
0.876
6.0
0.86
0.084
0.888
0.152
9.772
2.972
6.512
2.368
10.384
2.248
8.52
0.272
0.292
8.916
5.84
0.644
6.296
0.204
2.016
3.536
0.464
0.292
0.616
1.58
8.216
3.676
0.344
0.564
8.272
2.592
0.968
0.092
10.628
0.56
5.488
2.696
3.904
0.18
0.108
1.716
3.516
1.648
6.84
7.536
3.468
0.184
0.08
0.86
0.16
3.308
1.392
0.136
2.848
1.984
4.98
2.604
7.44
0.912
4.072
2.208
0.124
0.848
2.944
1.728
1.896
2.804
10.884
2.732
0.78
0.252
0.68
7.0
1.556
3.184
6.304
4.852
5.744
10.084
0.148
6.824
2.708
1.548
2.176
1.64
0.472
3.624
