4.18
0.924
1.724
0.316
2.532
0.472
4.216
2.78
1.996
2.108
2.012
5.308
0.852
2.104
0.324
6.824
0.772
3.932
1.224
3.04
3.432
7.708
3.52
0.232
2.976
2.848
1.436
0.512
2.14
0.216
1.224
7.604
1.616
3.14
0.516
2.796
0.596
0.848
1.664
4.14
3.832
0.332
10.74
4.172
2.94
3.992
1.86
1.22
3.508
0.26
0.756
0.552
2.344
3.292
0.52
1.228
3.644
0.472
4.244
0.916
8.22
0.94
4.648
4.664
1.452
4.644
2.004
1.036
0.556
0.6
3.94
9.5
0.652
2.452
0.664
0.852
8.452
0.46
1.324
2.98
3.54
0.844
10.764
0.316
0.356
5.844
2.004
1.0
0.304
3.416
7.748
1.024
0.74
1.184
4.472
0.48
1.62
2.796
5.252
1.284
0.696
0.564
0.74
1.612
0.576
6.052
4.736
5.356
2.304
2.42
3.84
2.364
2.94
0.308
0.988
1.212
4.948
2.04
5.312
2.624
1.624
1.792
2.46
4.072
3.908
2.092
4.132
0.26
5.188
2.304
2.64
1.656
1.704
0.912
0.576
1.68
0.772
0.688
6.008
0.248
1.524
1.92
2.176
0.86
2.696
3.496
1.54
0.84
7.356
4.712
1.732
1.64
1.472
0.308
0.376
6.108
0.372
1.44
1.468
2.592
0.296
0.524
1.364
1.564
0.508
3.244
1.78
0.208
0.668
1.872
0.496
0.26
1.316
2.724
0.436
0.236
0.576
1.88
1.824
1.952
5.9
4.008
0.396
1.616
4.112
0.28
0.588
0.928
2.56
0.46
4.184
4.904
0.336
0.252
1.156
3.928
2.044
0.88
1.132
2.764
1.248
0.38
0.404
4.08
3.612
0.288
4.96
1.956
2.412
2.652
8.08
1.724
1.064
1.688
1.9
2.988
1.296
0.312
0.68
3.388
0.192
1.8
0.212
2.888
1.252
0.572
3.764
0.212
2.004
0.768
0.456
0.204
1.064
5.72
1.252
1.06
0.784
1.108
0.704
1.156
0.816
0.904
0.292
4.532
1.496
7.264
1.792
0.752
0.908
3.676
0.228
1.948
0.204
2.352
1.6
0.468
0.236
1.136
0.572
4.1
1.26
3.108
0.24
0.348
1.716
0.992
4.316
0.548
0.852
5.364
3.84
0.372
4.608
2.096
4.048
1.068
2.632
5.056
0.348
6.368
1.336
2.048
1.572
1.872
5.0
0.372
6.924
8.944
1.808
3.332
0.428
0.46
1.872
1.28
0.292
3.652
2.428
4.624
9.068
2.2
2.288
0.204
0.664
1.712
0.668
1.26
0.52
1.472
1.328
4.452
0.876
1.576
0.404
1.06
2.56
3.128
4.348
1.976
6.128
0.572
1.648
3.18
2.96
0.372
7.444
1.128
1.74
2.768
2.64
0.876
0.196
3.944
0.4
1.432
3.808
0.6
1.624
1.116
0.236
1.92
0.936
1.248
4.024
4.4
5.856
8.368
0.736
1.456
0.376
0.628
0.364
2.948
0.272
1.504
10.168
2.912
1.092
2.532
0.612
0.816
1.628
1.88
0.316
3.524
1.592
0.572
0.716
0.42
2.552
6.088
0.296
4.084
4.64
0.216
4.352
0.768
0.52
0.984
2.36
0.44
1.316
0.496
2.364
0.576
3.276
1.528
1.128
1.22
0.696
0.976
1.732
0.456
6.952
0.756
0.312
0.244
4.392
0.26
2.612
4.26
1.3
3.872
2.06
0.512
3.456
0.236
4.452
0.384
7.752
0.66
2.704
0.604
0.248
0.36
0.548
0.76
1.8
3.332
5.12
6.428
2.14
0.924
1.544
2.284
1.656
1.22
1.316
2.356
0.692
1.444
2.332
8.932
1.528
1.376
2.356
1.068
0.888
1.368
2.476
0.524
0.292
9.304
0.208
1.368
0.692
1.456
0.404
3.796
1.892
2.148
0.868
0.788
1.6
0.204
0.588
0.756
0.216
2.632
5.36
1.676
3.18
5.072
0.62
1.524
3.868
1.672
1.524
0.556
1.124
2.48
2.424
0.836
0.692
2.148
1.128
7.048
2.44
3.236
1.556
1.528
1.06
6.828
7.132
0.884
2.104
0.464
1.3
0.316
0.624
0.208
3.364
0.58
3.54
0.436
1.572
7.632
1.852
2.36
1.488
9.944
9.836
0.196
1.72
1.456
3.98
0.716
1.72
2.268
1.736
3.148
5.716
0.7
2.36
1.44
0.356
2.036
3.232
1.104
1.364
2.768
0.688
3.068
0.548
1.616
1.108
3.54
0.488
9.296
6.696
2.552
1.56
1.016
0.192
0.2
9.224
3.572
0.572
4.796
2.196
1.52
2.052
1.328
0.264
1.628
1.02
4.12
0.688
9.288
0.284
3.536
1.064
0.692
0.448
2.212
1.868
3.916
7.852
0.928
0.452
0.212
0.2
2.308
0.648
0.32
3.6
3.56
2.5
6.732
0.884
2.224
7.6
1.972
1.836
4.78
0.208
1.336
0.212
0.94
8.056
2.9
0.74
2.0
2.104
1.296
4.58
0.68
0.732
5.724
1.756
3.608
6.38
5.804
1.368
2.46
6.764
0.804
0.2
1.592
0.248
5.392
0.736
0.976
0.416
0.456
0.22
0.216
1.812
0.22
0.592
0.336
0.704
1.9
2.868
3.848
1.216
0.904
0.288
2.3
1.872
2.032
1.572
1.016
0.236
1.624
3.12
2.26
3.212
0.784
0.62
0.22
1.212
0.388
1.1
2.34
0.948
1.0
1.04
3.148
4.004
2.648
0.768
4.28
0.728
0.588
1.436
0.216
1.176
2.228
0.5
3.612
0.712
1.024
1.136
0.2
0.496
0.212
0.236
0.636
0.384
3.496
0.72
0.244
0.628
5.572
7.484
10.18
0.208
2.052
0.3
0.428
1.124
7.86
1.872
0.948
6.448
0.896
0.932
0.596
0.712
4.224
1.824
1.132
1.092
4.596
1.752
0.992
6.928
0.268
3.108
1.232
0.936
5.7
1.312
1.828
0.604
0.568
0.296
0.436
1.524
5.212
0.212
2.196
0.468
0.86
0.672
0.636
2.736
0.48
1.12
2.644
1.788
7.892
1.824
7.156
0.264
1.804
3.312
0.356
0.58
1.796
0.448
4.016
1.712
0.94
0.3
0.82
0.432
3.68
0.352
0.408
2.788
3.788
1.144
0.284
3.912
0.332
1.512
0.34
0.952
4.84
6.276
0.472
1.124
3.82
2.588
0.572
0.784
1.208
1.46
0.352
4.144
1.416
3.316
3.72
4.0
0.456
0.256
2.744
2.708
1.148
1.06
0.84
10.152
0.42
0.272
0.204
3.696
1.1
4.228
0.8
1.908
1.604
0.316
2.992
0.68
0.492
1.952
0.392
1.656
1.096
0.2
0.5
2.58
0.964
1.828
1.492
0.28
2.32
0.42
4.492
0.4
0.384
1.696
1.816
0.412
2.848
0.248
0.512
1.496
5.652
2.9
1.02
2.456
0.48
0.588
0.24
0.4
1.772
2.76
1.732
1.756
1.352
0.536
3.724
4.064
1.324
1.28
2.796
1.584
3.78
2.86
0.46
0.496
3.044
2.372
2.024
3.4
0.368
3.624
9.308
8.496
9.54
0.592
3.716
6.628
1.496
0.268
0.66
7.104
0.384
5.484
0.56
0.292
0.736
5.736
1.532
7.512
9.552
0.212
0.504
0.408
5.224
1.328
2.828
6.496
4.648
9.42
4.396
4.032
2.008
8.704
0.836
0.544
0.24
3.568
1.304
0.808
3.032
6.312
1.78
0.492
3.936
8.444
5.528
0.296
1.356
1.456
2.3
1.548
0.588
0.212
0.212
0.892
6.772
1.756
2.364
7.26
0.52
0.848
0.932
0.52
0.416
5.02
0.24
0.4
2.58
6.064
0.62
0.224
2.492
0.268
0.2
2.372
4.188
8.76
1.408
0.832
6.784
2.732
0.872
3.44
5.776
0.648
3.164
0.62
0.46
0.744
7.328
1.236
0.696
0.216
1.064
0.448
2.748
1.204
1.812
0.212
2.536
3.412
0.652
1.236
0.648
3.44
7.368
3.676
1.576
2.712
3.836
0.768
0.904
3.116
0.896
0.608
1.284
1.124
1.2
2.896
2.912
0.248
0.992
0.872
0.44
0.716
2.84
1.868
1.232
1.552
0.668
0.4
0.432
2.836
3.592
0.976
5.524
0.744
0.26
1.72
7.36
2.036
5.044
9.292
3.968
1.408
0.812
2.892
1.808
1.188
0.264
0.42
0.608
0.72
7.86
0.248
1.708
1.108
4.3
1.52
4.168
0.676
3.008
4.112
0.268
3.672
4.112
2.3
0.2
0.38
0.56
2.916
2.896
0.856
1.536
2.744
1.336
1.176
0.648
5.644
0.952
2.36
2.884
3.264
2.676
9.36
2.328
0.244
0.736
3.12
0.612
3.212
2.232
0.468
0.308
1.868
0.816
0.596
1.928
0.672
0.292
0.48
6.864
5.788
10.136
0.204
1.464
0.564
1.852
1.156
5.436
0.212
6.608
2.848
9.8
1.888
2.536
0.244
1.212
3.612
8.716
0.636
3.16
1.692
1.756
3.316
5.876
0.612
1.24
0.796
2.972
3.996
0.212
0.752
3.164
0.484
0.448
5.524
0.672
0.824
1.248
2.232
1.152
0.98
10.496
0.62
0.5
0.208
0.932
0.876
0.8
3.032
7.028
0.2
1.548
0.72
4.86
0.392
0.4
0.824
3.264
4.176
0.592
0.668
0.624
0.724
1.12
6.24
1.208
0.212
1.936
1.54
1.092
0.724
2.04
1.576
0.428
1.912
0.344
0.7
1.208
4.94
0.248
0.248
1.468
0.584
3.952
0.628
0.344
10.896
1.2
3.984
4.028
0.592
0.372
6.632
3.176
1.748
0.66
10.556
1.12
5.308
1.536
1.504
0.76
0.204
6.708
2.388
1.18
0.816
0.36
6.816
3.98
0.992
2.94
0.34
0.404
0.388
0.536
2.136
0.716
1.984
0.352
2.724
1.492
2.932
2.14
1.372
0.38
4.064
0.244
0.256
2.936
1.708
0.388
0.24
1.26
3.976
10.364
0.268
1.164
3.216
3.1
4.868
0.412
4.992
0.88
1.176
1.356
1.916
5.22
4.104
0.492
0.516
5.128
7.116
1.192
1.62
2.968
0.208
3.976
4.312
0.212
1.664
3.812
0.524
0.56
0.556
0.676
0.9
0.28
1.6
5.368
2.06
1.608
0.92
1.012
0.248
5.564
0.396
1.728
1.736
1.096
0.408
0.272
6.268
4.712
1.792
3.684
0.308
4.696
2.472
3.028
2.236
0.332
6.66
1.28
4.436
0.884
2.828
0.828
1.528
0.348
1.8
0.548
0.576
2.18
0.264
5.5
0.94
0.72
1.896
10.292
6.88
0.212
1.484
0.712
6.632
10.068
0.908
1.26
1.22
0.892
0.84
4.32
4.756
1.204
1.344
0.432
0.236
4.68
2.216
0.388
0.72
0.344
1.904
3.152
0.352
5.236
0.232
1.42
1.296
5.952
2.4
2.896
0.6
2.732
1.664
1.22
0.884
0.224
9.464
0.372
0.616
1.032
1.468
2.132
4.08
0.76
2.68
0.496
0.3
0.336
0.24
2.756
0.628
0.512
1.592
0.868
0.304
1.536
0.228
1.084
0.412
3.648
1.644
0.228
0.588
0.896
2.432
0.464
0.756
0.72
0.556
1.536
4.94
2.1
0.204
0.324
1.98
0.22
4.004
0.368
2.36
0.976
3.056
1.896
3.792
2.884
0.48
0.676
0.448
1.076
2.136
3.912
3.38
0.328
0.744
5.756
0.584
2.532
1.716
1.132
4.116
0.416
0.436
0.668
1.892
0.972
1.876
3.144
1.616
3.7
1.308
1.808
0.688
3.348
0.696
0.244
0.66
7.064
0.292
1.932
0.8
1.6
4.716
2.192
5.632
1.156
0.688
4.236
5.636
0.896
2.652
4.028
4.704
0.212
0.956
0.768
1.62
1.308
1.308
4.972
2.62
0.52
2.472
0.224
0.748
2.532
0.564
2.648
1.872
5.404
0.76
6.432
0.616
2.364
0.236
0.748
1.808
5.196
5.62
4.0
0.576
3.668
6.98
1.204
0.904
1.136
0.208
0.14
3.964
2.508
3.448
2.108
0.22
9.828
6.596
4.772
4.208
0.62
0.656
3.52
2.484
2.52
4.94
1.02
0.384
0.76
0.952
1.22
2.136
1.42
3.072
0.996
0.328
0.212
0.2
1.924
0.596
0.208
6.5
10.492
1.024
0.416
1.148
0.904
3.876
6.504
4.696
0.212
1.48
0.436
0.636
2.776
0.716
2.944
2.044
1.824
0.74
0.224
0.712
0.724
2.888
5.808
0.836
0.724
2.2
0.788
2.68
4.32
3.516
0.316
1.18
4.148
0.7
0.2
1.036
0.768
0.876
1.568
0.784
4.068
5.796
0.476
4.4
2.54
1.584
0.66
1.08
5.8
3.708
1.688
4.096
1.872
1.04
0.256
0.56
0.472
0.916
0.244
0.832
6.5
9.724
0.528
0.484
2.368
3.996
0.864
4.268
1.552
4.728
0.932
3.104
5.084
0.84
1.144
4.52
7.28
1.252
4.496
3.556
0.3
0.208
9.652
0.396
1.004
1.992
7.188
0.4
3.352
1.096
0.344
6.452
1.236
4.968
2.216
0.208
9.312
2.76
1.372
2.336
2.804
0.512
7.184
2.592
0.26
3.112
1.484
0.64
4.468
1.416
0.204
4.528
0.276
0.764
0.96
0.328
2.152
1.268
2.388
0.612
1.684
0.232
3.292
1.492
1.016
0.996
1.004
8.144
2.86
1.18
0.284
1.012
1.824
0.616
2.468
8.484
0.872
1.024
0.512
0.432
0.328
4.036
7.08
0.268
0.34
0.22
2.844
3.62
8.028
2.22
2.228
8.06
2.032
0.624
0.704
3.156
4.668
8.9
1.82
2.964
0.892
1.032
0.904
0.856
1.032
0.616
1.356
0.6
3.668
1.696
0.992
0.736
1.748
0.416
0.224
2.528
3.548
3.496
6.168
1.22
0.472
0.744
2.528
1.732
5.324
0.424
0.684
0.608
8.64
1.74
1.872
3.428
0.66
0.74
0.468
1.332
0.732
3.104
0.532
4.568
0.628
0.884
3.728
2.984
0.268
4.376
3.144
1.828
1.516
0.54
0.252
0.976
0.944
0.284
1.62
5.768
1.06
1.372
0.648
1.06
0.744
4.524
3.336
2.372
1.436
0.276
0.384
2.74
0.688
2.94
0.424
2.984
1.312
0.228
1.172
6.576
5.072
2.848
0.376
1.712
1.928
1.624
3.544
2.832
1.692
2.82
6.136
1.172
0.692
1.24
1.112
0.98
2.26
0.528
0.772
5.368
2.108
0.396
0.512
1.104
2.324
0.232
0.408
1.744
0.408
2.864
1.912
1.672
0.84
2.512
1.612
0.276
1.104
0.14
2.156
4.852
0.328
8.972
3.548
1.804
0.328
1.284
0.852
1.588
1.244
1.304
0.316
0.216
1.176
0.48
7.976
1.32
8.608
1.548
3.98
3.292
2.28
3.696
0.984
5.448
0.552
0.736
4.036
1.7
6.576
2.616
0.348
0.672
3.216
2.012
2.2
1.056
8.232
2.864
2.156
5.956
0.344
8.408
2.66
0.504
5.52
4.02
0.204
0.488
2.268
1.464
0.192
0.696
7.868
9.996
0.812
1.6
0.26
4.184
1.944
1.592
3.472
0.396
1.616
2.776
4.632
4.248
2.828
1.144
0.34
1.468
1.656
3.048
6.284
1.012
4.044
1.384
2.336
3.036
1.288
3.252
1.128
0.544
3.816
1.52
0.444
0.216
2.464
0.488
0.96
1.852
0.392
3.728
7.888
9.088
4.216
1.06
1.088
2.048
1.02
0.244
1.024
0.212
4.804
1.916
4.672
0.364
0.62
0.496
3.944
1.008
2.392
1.208
1.196
2.84
2.432
1.856
0.612
2.056
0.276
2.872
2.796
7.16
0.304
0.224
0.98
0.796
3.292
0.684
2.284
3.936
2.0
0.48
2.58
3.532
1.948
1.072
0.208
2.588
1.88
2.192
9.292
0.544
2.884
1.904
1.328
2.24
4.472
7.04
0.936
0.228
4.136
0.356
1.924
1.264
2.268
0.752
0.712
0.928
1.224
1.004
0.208
3.192
0.96
1.232
2.452
0.72
0.212
5.776
0.5
1.344
0.92
5.808
0.248
1.096
0.908
4.452
0.212
0.736
3.444
2.928
0.668
3.432
0.924
1.6
1.936
6.98
3.236
0.62
0.456
0.972
0.416
10.036
6.456
1.08
0.988
0.552
0.368
0.64
0.208
0.968
3.728
0.5
0.34
2.708
0.812
2.56
8.84
0.24
3.68
0.924
0.416
1.204
0.692
1.796
1.296
0.376
0.22
1.72
2.432
0.54
0.344
4.16
7.944
0.864
1.4
0.708
0.728
4.2
9.076
0.228
1.36
4.632
0.96
1.856
2.956
0.204
10.456
0.352
0.824
1.168
1.848
1.212
7.86
0.544
0.312
4.72
2.1
3.92
7.152
0.96
0.796
0.364
8.156
0.2
0.42
2.9
0.828
0.312
1.444
2.704
0.44
1.248
1.292
4.432
0.284
0.56
0.436
0.388
0.34
0.2
3.604
6.776
0.404
0.696
3.264
2.488
2.044
0.52
5.392
1.948
0.68
3.548
1.408
3.928
10.516
0.448
7.612
0.396
3.072
2.2
0.948
0.3
1.404
0.904
1.24
6.828
1.132
2.436
10.88
1.204
4.24
0.908
1.532
3.504
5.256
1.392
0.472
2.86
0.54
4.404
2.292
1.824
2.492
2.964
8.232
2.42
1.804
0.216
0.208
1.604
6.348
2.992
3.928
0.832
4.232
1.296
2.368
0.404
1.152
0.94
1.212
0.212
1.116
4.288
1.864
2.636
2.5
2.912
3.424
1.072
0.8
2.268
0.756
1.992
0.208
1.904
3.856
1.124
0.36
2.116
2.916
4.136
4.78
1.196
2.044
8.048
2.448
0.376
4.16
2.092
0.412
2.228
2.212
5.384
2.06
0.624
0.604
3.028
1.696
1.324
3.06
0.256
5.484
1.896
1.116
7.492
0.904
2.188
0.272
0.364
4.768
1.832
2.364
1.688
4.284
1.076
2.928
1.8
3.072
2.104
1.328
1.044
10.284
1.976
1.548
0.22
1.372
0.724
0.352
1.04
3.644
3.14
4.228
0.52
0.768
3.716
0.588
5.196
2.392
0.752
1.524
6.048
7.272
3.18
4.164
0.208
1.2
4.08
0.208
3.172
2.208
8.448
4.748
2.448
3.404
3.68
0.484
2.82
1.292
1.344
3.832
5.444
0.692
0.208
1.832
2.144
5.052
0.26
0.212
0.716
0.3
8.772
1.284
2.42
1.02
0.772
0.328
4.516
1.068
0.272
1.748
1.064
4.072
1.896
0.52
0.748
1.42
0.92
0.604
2.796
0.676
2.568
1.94
8.088
0.296
0.216
0.672
4.216
6.636
2.56
0.32
1.14
0.98
0.472
0.568
1.896
3.472
7.436
2.004
0.48
0.828
0.796
1.536
1.828
1.948
0.964
0.252
2.604
3.144
1.5
2.532
4.272
1.62
0.608
1.864
1.192
0.676
1.764
5.788
1.048
1.724
1.708
0.968
1.028
2.924
0.664
2.612
0.932
3.44
5.024
1.72
2.6
3.64
2.372
0.528
0.548
0.576
1.468
0.608
9.456
1.636
0.38
0.792
5.272
1.296
0.928
9.48
0.692
0.852
2.132
4.252
4.652
1.692
0.812
1.02
0.512
0.628
5.668
1.224
1.564
0.208
1.892
3.2
0.328
0.668
3.596
8.524
0.46
1.26
3.4
2.716
4.056
0.972
0.496
2.232
4.544
1.324
0.504
0.212
0.296
0.908
0.388
0.328
2.568
0.216
1.492
1.312
2.736
2.8
0.248
3.224
9.916
0.452
2.408
3.652
1.784
2.792
0.208
0.328
2.0
5.496
0.488
3.472
0.472
1.832
3.696
5.044
0.356
2.172
0.616
0.38
3.376
0.828
1.196
0.292
3.636
0.984
0.452
1.68
2.316
0.204
0.988
0.548
3.872
5.796
0.316
5.192
0.272
0.232
3.776
1.088
0.872
0.94
1.272
0.692
1.092
3.156
1.764
0.24
0.256
2.848
0.244
4.308
0.868
0.34
6.596
9.068
1.416
0.836
1.072
4.444
3.66
4.344
2.62
1.732
0.72
1.064
0.612
0.82
2.024
0.492
6.824
5.088
0.288
7.244
4.08
4.896
2.344
2.284
1.884
0.696
3.792
6.812
1.16
0.248
0.944
0.72
2.244
2.124
2.508
0.448
4.728
6.964
4.848
1.712
0.86
5.44
1.42
6.384
1.28
2.548
0.348
0.612
1.94
0.852
2.852
0.38
3.868
5.172
8.696
0.2
1.252
2.188
0.784
4.068
9.312
1.124
1.532
0.22
0.272
2.772
0.26
0.592
1.06
2.84
0.956
0.86
3.592
2.064
7.048
0.64
0.212
4.268
1.728
6.468
0.372
2.284
0.596
0.308
0.228
0.28
1.672
11.0
3.296
0.588
0.628
4.248
5.112
4.892
0.884
1.44
0.212
1.616
5.22
0.436
0.864
1.544
0.36
3.616
4.976
1.052
1.844
0.22
1.568
3.5
3.168
0.852
0.772
1.912
0.668
0.6
0.628
1.232
3.02
3.332
4.08
0.528
0.756
1.432
1.312
0.952
6.128
1.064
6.584
2.76
0.784
0.604
0.444
1.776
0.64
3.16
5.596
2.216
0.704
0.468
2.128
0.684
5.704
3.564
0.356
2.616
0.816
0.56
0.492
0.232
0.356
0.808
0.296
1.468
2.316
2.548
1.132
1.04
1.072
1.332
1.6
1.896
0.8
0.82
1.932
0.22
3.464
0.648
2.252
1.996
0.592
0.588
2.3
0.784
0.316
3.576
7.16
5.32
1.884
0.52
4.328
0.484
0.396
0.54
0.928
0.58
1.252
0.96
3.264
2.668
2.332
0.312
2.828
3.404
0.944
0.632
0.968
0.888
0.212
0.836
0.996
0.408
2.46
0.596
0.792
2.96
0.98
0.736
0.86
2.176
0.208
1.632
0.276
4.332
9.272
1.124
3.832
1.916
1.044
0.948
1.608
1.004
1.82
0.756
2.424
4.864
0.484
2.232
2.96
10.844
4.676
2.112
2.22
0.344
0.784
1.376
0.98
1.136
7.248
2.464
2.796
1.9
1.648
0.836
0.732
4.2
0.348
6.396
0.808
3.768
0.6
1.244
1.632
0.964
2.592
1.164
0.24
3.036
6.292
0.308
0.456
0.52
1.62
0.392
3.392
7.1
1.616
2.076
1.412
2.62
2.908
1.232
2.82
4.052
10.224
2.164
8.484
0.528
0.748
1.496
1.952
0.22
1.188
0.74
2.576
0.96
0.952
2.596
0.32
4.004
2.412
1.068
1.316
2.836
0.824
0.324
1.06
0.5
0.352
0.4
1.824
1.216
0.748
1.0
4.196
0.828
0.596
0.724
0.72
0.904
2.092
3.908
0.948
3.188
0.916
3.732
2.068
5.492
0.468
0.86
1.948
1.184
2.872
3.504
2.42
2.628
3.896
0.64
1.1
0.984
2.208
0.428
0.272
0.26
1.272
1.092
0.648
2.5
0.324
2.436
3.012
2.584
2.884
1.272
2.536
1.14
1.584
0.82
7.628
1.144
2.5
0.328
1.62
3.12
3.064
0.212
9.332
0.428
2.244
0.312
0.692
0.8
4.892
3.68
1.724
0.908
0.708
7.38
6.368
2.788
0.944
1.804
0.292
0.864
9.412
1.272
6.056
0.448
0.192
0.292
1.08
2.7
5.068
2.064
0.34
2.196
2.82
6.584
3.864
0.9
1.488
0.66
5.42
0.24
0.292
0.688
1.188
1.476
4.484
0.284
1.284
0.68
0.648
0.256
1.424
5.212
6.472
0.96
3.744
2.92
0.604
1.316
0.292
0.724
0.28
0.992
4.004
0.908
1.6
4.908
4.456
0.508
1.216
0.98
1.776
3.28
6.04
0.344
2.248
7.332
3.876
5.456
0.236
4.296
0.456
2.608
0.92
4.548
3.376
1.444
0.692
1.124
5.212
1.664
0.208
2.972
4.648
1.348
7.576
0.228
3.492
0.232
1.388
0.204
0.716
1.104
0.344
1.948
2.716
0.884
0.196
2.488
3.752
0.78
1.74
0.9
0.34
9.488
1.46
2.932
7.244
4.76
0.896
10.3
0.868
2.488
2.004
0.528
2.796
7.312
1.644
10.272
2.284
0.828
4.96
0.44
2.644
2.688
0.796
0.78
0.804
1.82
1.228
1.504
0.304
5.784
2.308
1.312
0.72
1.348
0.932
0.276
0.764
3.0
7.804
1.816
0.364
1.316
0.388
7.4
2.132
2.352
3.288
2.812
8.8
1.252
3.732
1.56
0.204
6.992
3.368
0.632
2.88
0.46
1.332
10.504
0.6
8.896
0.608
1.58
0.28
1.584
0.8
0.528
4.528
4.564
0.668
1.544
1.828
7.44
6.196
1.976
0.272
2.004
10.604
3.188
0.996
1.08
1.696
0.592
5.144
4.172
0.192
0.684
3.732
4.224
2.192
4.304
0.88
2.532
0.712
0.192
4.408
2.384
1.668
1.9
0.424
0.388
2.204
3.24
3.752
1.9
3.152
1.248
0.844
0.26
2.072
2.556
0.788
1.064
4.096
7.376
6.128
6.096
0.368
1.152
0.312
2.728
4.564
0.848
3.952
0.236
3.888
0.972
1.208
1.832
0.432
0.588
5.548
3.524
1.932
6.704
3.288
0.4
1.596
0.832
1.984
3.772
0.512
2.0
0.648
0.92
3.508
1.696
0.852
0.444
0.696
2.472
2.38
6.212
1.196
0.708
9.108
0.608
0.672
3.472
2.504
0.808
0.264
1.828
2.372
0.708
3.644
0.316
6.68
2.556
0.476
4.776
0.552
0.464
0.628
2.924
4.908
0.396
2.852
0.892
4.852
2.012
0.732
2.228
0.692
2.224
2.74
0.408
1.584
4.156
1.576
1.144
6.604
4.972
0.244
0.432
7.628
1.248
7.644
3.024
0.2
1.468
2.172
0.6
1.164
2.14
1.188
1.352
0.708
4.656
1.0
10.156
0.868
0.66
1.48
0.472
1.364
4.552
1.808
1.612
0.356
1.04
0.876
9.624
2.168
2.036
0.256
0.404
0.448
0.528
10.036
0.356
0.312
1.348
1.096
5.344
0.408
7.212
0.532
1.228
1.124
3.548
8.604
3.004
2.4
2.388
1.964
4.28
2.052
0.428
0.412
2.004
4.008
0.288
6.868
1.288
1.508
3.156
0.204
3.312
0.684
2.82
0.912
0.236
2.276
6.276
1.148
3.304
1.348
0.412
1.796
0.796
1.46
0.748
2.096
4.536
4.316
2.6
2.88
0.54
0.92
2.176
0.652
0.752
6.144
4.96
10.976
0.336
0.892
3.096
8.444
8.272
3.932
2.624
1.84
10.792
2.02
1.852
4.028
1.508
0.416
3.72
0.568
0.26
1.436
3.076
1.648
0.244
2.748
0.976
0.572
2.18
1.044
0.692
2.072
9.304
2.704
3.308
1.98
0.724
1.864
1.696
0.852
3.952
1.5
0.472
0.732
2.928
2.576
7.448
4.728
4.38
6.316
6.236
6.308
1.392
1.8
3.816
2.184
6.864
2.804
0.204
4.64
4.508
1.2
0.44
4.308
3.188
0.44
0.392
0.756
3.096
3.916
1.18
9.396
1.648
0.204
3.036
1.488
1.668
1.428
9.228
8.772
0.848
1.296
0.44
0.784
0.696
2.12
1.504
0.244
0.736
4.78
0.432
0.892
1.624
1.208
2.476
1.884
1.688
7.508
2.568
0.248
2.06
5.016
0.484
4.084
5.708
2.58
2.684
0.628
1.38
3.752
0.584
1.208
3.372
0.648
0.64
0.472
0.82
0.6
3.86
2.152
1.952
0.612
1.392
0.916
0.284
0.856
0.364
0.724
2.24
2.684
0.86
1.868
0.204
5.028
1.188
1.208
2.244
1.296
1.412
0.24
2.864
3.52
0.436
4.86
0.256
0.5
1.488
2.256
0.192
0.2
2.968
1.436
3.356
0.968
0.388
0.856
1.24
1.004
1.872
0.928
0.672
7.672
0.204
0.688
0.288
0.388
1.608
0.384
1.476
1.408
3.24
1.0
0.192
3.28
1.32
2.716
0.344
2.996
1.748
1.408
0.316
0.388
3.196
0.436
5.32
2.02
0.244
0.3
3.02
4.148
0.616
0.332
1.344
0.3
0.988
6.084
0.532
0.956
2.848
2.492
5.024
4.12
2.428
1.184
2.264
1.188
1.236
0.788
1.052
2.164
0.512
0.436
2.596
0.764
1.552
0.372
0.972
1.568
2.576
0.228
0.444
0.568
1.028
0.204
2.732
0.492
0.536
0.452
1.176
0.332
0.58
8.024
0.78
0.328
2.208
0.232
4.14
7.876
5.916
0.904
0.372
0.76
2.904
7.42
0.388
0.452
0.864
3.832
0.272
6.072
0.248
3.284
3.036
3.884
5.056
1.384
1.868
3.964
2.252
2.748
2.084
4.196
1.064
0.272
0.204
6.548
2.448
3.164
0.26
0.2
0.58
5.124
0.752
6.02
0.732
0.192
2.568
0.504
3.6
2.404
1.752
5.796
0.304
1.408
3.724
1.472
0.292
3.816
4.284
1.364
4.0
3.176
0.628
0.356
1.904
1.12
0.288
0.352
0.228
1.544
2.88
0.32
0.208
0.348
0.644
0.696
2.656
2.356
5.056
9.664
0.224
0.432
0.532
0.876
0.436
1.284
0.308
2.884
0.368
2.348
0.936
6.128
5.736
0.228
0.216
1.4
0.808
0.308
0.816
0.904
3.628
1.428
0.912
3.996
6.52
0.456
0.548
0.568
2.512
0.36
0.908
2.556
0.208
1.084
1.236
0.468
3.524
4.408
3.756
4.76
0.612
1.564
9.928
4.08
0.696
4.528
0.216
0.316
0.792
1.612
2.104
1.336
0.572
1.788
0.2
4.372
7.716
2.316
2.832
1.732
7.544
2.008
1.66
0.38
0.812
7.204
0.196
1.872
2.54
9.48
0.212
0.724
0.796
4.384
0.536
6.78
0.708
0.344
0.284
6.936
5.856
3.252
0.228
4.324
0.196
1.62
1.652
8.0
1.628
0.644
2.696
10.368
1.14
0.984
3.396
2.8
0.372
1.224
3.904
2.16
1.052
2.384
0.492
4.524
1.032
4.508
2.888
0.52
1.052
1.86
2.256
0.556
0.936
0.48
1.72
0.38
0.284
0.212
0.24
5.312
4.04
4.048
2.496
1.316
2.848
5.648
0.472
4.192
2.776
0.488
0.696
1.824
0.584
1.256
3.804
2.328
0.312
0.688
0.292
1.972
0.264
0.648
0.644
2.616
1.568
3.316
0.448
2.752
1.168
4.728
1.736
0.404
0.396
0.456
0.52
3.588
0.72
0.532
1.396
1.304
0.88
0.492
2.772
5.76
2.172
1.852
0.8
1.916
3.612
0.396
5.06
1.304
0.316
1.232
1.76
5.308
0.268
0.224
0.324
0.268
1.092
3.204
1.78
9.32
1.616
0.312
6.98
1.02
5.792
3.128
1.292
0.636
0.24
3.46
3.36
3.584
2.716
0.888
0.856
0.416
2.768
1.248
1.088
1.692
2.02
2.032
0.196
1.504
1.472
1.996
2.58
1.1
1.636
3.724
0.884
1.036
0.948
2.964
3.004
2.36
1.288
2.22
0.504
0.42
1.844
4.12
0.392
9.592
1.336
0.34
0.688
0.788
2.544
1.908
0.5
1.736
1.412
1.22
5.672
0.912
10.244
0.976
0.916
10.676
6.084
4.6
0.404
2.948
1.344
0.832
3.804
0.896
1.064
3.092
0.312
0.904
3.56
2.34
1.876
2.664
4.22
2.724
5.456
0.556
1.04
1.764
1.028
5.24
0.64
1.94
2.944
0.804
3.12
0.748
0.356
1.14
7.8
3.148
0.236
2.432
2.928
3.84
1.308
4.532
1.812
1.78
0.456
0.84
1.62
0.968
4.192
1.548
3.052
1.196
1.504
1.848
2.472
9.912
2.208
7.164
2.66
2.72
0.656
6.044
0.78
1.456
1.628
1.384
0.532
0.244
1.42
3.132
0.84
2.952
2.364
0.972
1.308
3.228
3.08
11.008
0.228
2.7
2.228
1.54
1.228
3.468
0.376
1.74
2.06
1.856
3.788
5.704
2.544
2.472
1.124
8.428
1.936
0.396
1.344
0.576
0.804
5.308
1.18
1.02
0.412
10.02
3.272
0.208
0.552
6.332
0.532
1.8
1.632
5.128
3.8
0.804
0.884
3.876
2.244
4.976
2.16
0.8
1.256
2.048
3.224
0.808
0.46
2.0
3.596
1.016
0.216
0.604
4.144
0.42
0.216
1.392
0.536
1.128
2.656
0.92
8.992
0.516
3.992
1.836
0.352
1.216
1.944
3.176
0.372
0.844
0.252
0.364
0.952
1.668
0.552
0.256
2.912
6.464
0.488
0.452
4.788
10.18
2.796
1.788
2.24
3.896
0.256
1.832
1.664
4.104
1.5
1.192
1.976
7.368
1.596
1.528
0.428
1.128
0.68
4.08
0.628
0.208
1.356
6.224
1.408
0.992
3.228
2.916
1.524
0.212
1.58
1.696
0.48
0.668
2.076
0.836
1.088
0.404
2.884
0.74
3.7
0.308
0.708
9.992
2.276
1.6
7.164
0.852
0.284
2.54
2.808
2.524
0.344
0.236
3.324
10.864
2.8
1.268
4.84
1.404
7.552
2.504
0.24
5.856
2.648
4.364
1.964
0.196
0.216
1.624
8.484
2.164
0.78
1.372
1.124
1.896
4.736
0.9
0.204
3.08
1.68
5.756
1.02
4.196
1.22
1.496
3.368
1.188
1.036
0.376
1.128
0.216
3.508
0.7
0.392
4.348
0.292
0.304
1.032
0.404
0.212
1.016
5.728
0.272
1.476
2.848
0.604
1.228
1.744
1.744
0.512
8.724
0.292
0.384
7.78
0.752
0.272
7.904
2.3
3.116
9.896
0.968
1.0
2.396
0.704
0.24
0.312
1.556
4.752
3.804
3.732
10.628
0.6
6.428
0.828
2.412
1.512
2.184
0.208
0.304
3.864
0.604
1.248
3.892
0.816
3.72
0.372
0.54
4.004
0.356
0.344
0.388
0.784
1.58
0.972
0.724
2.08
0.748
1.584
0.288
0.972
0.288
0.42
1.56
10.06
1.728
3.94
6.288
0.876
0.312
0.408
1.204
7.56
2.788
0.76
0.488
3.516
0.22
1.624
0.6
0.484
0.3
0.588
3.096
4.428
5.364
1.98
1.584
3.0
3.112
0.692
9.772
2.996
0.476
2.128
0.48
0.876
6.012
4.892
1.364
1.452
0.308
1.552
1.692
1.268
3.0
4.468
0.588
1.472
0.248
5.64
3.688
2.0
0.424
6.468
0.272
0.556
0.344
3.004
0.728
1.644
1.86
1.752
8.16
1.556
0.896
1.304
0.292
3.112
7.364
6.864
0.668
0.732
4.32
2.744
1.204
2.432
0.908
0.352
0.936
2.044
0.264
2.008
0.268
9.508
2.096
0.6
2.904
0.544
0.608
3.344
2.392
0.356
3.8
4.648
3.804
7.404
1.352
0.648
10.916
5.716
3.024
0.82
2.96
0.5
0.744
1.74
2.288
2.576
1.0
0.708
1.228
0.668
6.176
2.156
4.844
0.604
0.268
0.656
0.264
1.656
2.6
0.496
2.02
0.536
1.864
4.316
3.14
5.844
1.632
1.38
2.884
3.556
10.728
1.856
1.52
1.888
0.212
1.76
0.44
0.856
0.56
1.072
3.276
3.34
0.792
1.544
1.472
4.508
2.036
1.316
1.572
1.232
9.12
1.872
0.592
0.312
0.244
7.452
4.676
0.28
4.36
0.216
1.66
3.18
0.628
5.364
0.26
0.392
0.2
0.208
0.332
0.82
0.96
0.776
0.536
2.068
3.64
3.08
0.628
0.196
1.068
1.272
1.604
0.208
3.024
4.244
0.724
0.352
0.3
0.204
6.732
0.696
0.212
0.292
0.52
0.368
2.992
1.956
0.992
4.884
2.26
0.496
0.584
0.344
1.732
3.276
7.14
0.288
1.416
0.568
0.828
1.512
3.072
1.304
4.46
3.376
0.104
2.604
1.432
3.832
0.668
1.364
2.752
0.912
0.744
1.048
0.3
2.428
0.604
0.956
3.564
7.856
3.184
1.392
2.02
0.916
6.52
1.096
2.372
1.384
5.512
6.304
1.168
0.54
0.512
4.036
0.144
7.096
0.26
0.988
0.1
1.248
0.204
3.18
1.704
0.324
0.788
1.956
1.244
1.4
3.244
2.612
1.324
4.108
0.332
5.872
0.608
0.204
0.876
0.504
1.196
0.268
1.804
0.284
3.876
0.576
3.424
2.82
0.964
4.732
4.52
0.2
0.484
4.792
2.272
7.776
3.184
4.744
0.42
0.172
0.356
8.364
9.372
2.52
3.436
0.14
0.1
0.212
0.496
0.552
1.796
0.844
0.472
7.32
1.752
3.428
1.344
0.12
0.288
1.464
2.012
3.52
4.644
0.076
9.472
0.284
1.296
7.724
2.944
3.208
7.096
0.256
0.256
2.764
1.212
1.796
0.544
0.936
2.612
2.66
0.716
4.184
4.664
3.668
1.048
2.652
0.092
1.276
1.34
8.72
1.788
0.144
0.32
0.256
2.24
1.248
1.312
0.56
0.424
3.152
1.512
1.148
0.948
0.612
0.532
4.772
7.028
4.816
7.028
2.816
2.456
4.116
2.88
2.892
2.6
0.536
4.268
4.0
0.096
1.252
1.54
1.684
0.32
0.124
10.628
6.4
1.688
10.02
4.752
1.028
1.98
1.552
0.524
3.076
1.556
0.908
1.32
1.188
3.456
0.684
10.592
0.1
4.756
0.24
1.952
1.6
0.932
0.24
0.68
2.968
4.184
1.848
0.772
5.236
6.608
0.372
0.608
2.08
0.692
0.092
2.296
2.256
2.128
5.316
1.184
3.168
8.828
5.488
6.036
3.848
1.32
3.772
2.356
0.228
0.708
4.436
0.492
2.392
2.716
0.088
0.116
0.536
2.396
1.704
0.172
0.752
5.612
0.292
5.452
2.324
1.304
4.708
2.14
2.864
0.312
1.216
0.988
0.848
0.648
0.204
1.412
11.076
2.836
2.948
0.248
1.224
1.364
1.292
8.552
0.256
1.548
2.28
4.576
2.968
0.992
0.288
1.192
1.548
3.224
5.316
0.124
1.984
1.048
0.888
7.12
6.54
1.704
1.444
2.724
1.4
1.248
2.944
3.1
0.76
3.468
6.44
1.3
2.048
2.676
0.196
6.232
1.116
5.172
1.728
0.768
0.212
1.668
0.548
1.808
0.24
0.512
4.728
7.052
2.42
1.168
0.62
3.976
1.688
4.32
9.392
1.88
1.028
2.044
1.276
2.056
1.82
0.772
3.016
3.436
0.292
1.02
1.66
1.708
5.056
1.332
2.272
2.456
2.332
0.224
3.208
1.104
0.084
2.46
1.348
0.228
0.796
1.928
0.284
4.132
1.164
2.44
0.72
1.84
3.556
0.616
0.976
5.38
3.936
0.088
0.38
0.3
0.196
0.136
4.936
7.108
8.748
0.672
5.684
1.676
2.568
1.812
0.676
1.224
0.432
0.952
0.464
1.04
0.144
0.728
7.472
1.544
2.296
0.364
1.396
1.312
1.748
3.04
0.2
0.804
0.372
0.632
5.968
5.156
1.492
0.66
4.612
2.152
4.788
0.212
3.1
1.232
0.38
0.564
0.644
4.4
2.048
1.904
1.624
8.84
0.204
1.9
0.108
2.964
1.272
2.232
0.88
1.444
0.824
1.464
2.408
4.196
10.712
0.18
7.896
5.912
3.016
0.396
4.008
1.352
4.604
2.428
0.752
2.292
1.4
2.696
10.04
3.148
3.028
1.24
1.024
1.716
2.388
1.408
0.208
4.04
1.26
1.92
1.132
0.076
3.348
1.656
0.884
7.172
0.272
0.264
3.644
0.788
5.328
8.804
2.34
2.596
3.304
1.608
3.804
3.356
3.088
3.368
0.568
0.3
2.168
2.708
4.984
6.78
0.284
4.912
0.828
0.132
7.368
8.852
0.404
0.864
0.2
4.696
4.792
10.456
0.184
5.772
9.464
6.184
0.956
1.268
3.08
1.036
0.46
2.984
3.768
1.564
3.32
1.468
0.164
0.18
5.488
2.332
0.116
1.516
5.08
0.728
0.212
0.608
2.828
0.86
1.9
0.716
0.92
0.192
1.204
0.26
1.704
0.712
1.332
0.404
1.832
1.264
1.14
0.944
4.436
0.58
5.752
0.232
8.432
3.452
0.908
0.348
1.156
4.584
5.48
5.384
2.824
10.924
0.464
3.62
2.464
1.876
2.464
4.56
8.008
0.62
1.188
0.436
3.48
0.712
4.908
0.576
1.388
1.096
0.124
0.108
0.768
1.352
2.792
1.092
1.444
3.332
1.408
1.36
3.94
1.268
0.908
2.196
3.872
1.44
0.656
1.96
1.296
1.968
0.208
0.24
5.204
4.464
2.112
0.928
0.536
1.052
1.112
2.056
3.356
5.764
8.62
0.628
0.4
0.58
1.272
0.592
1.54
7.632
0.448
4.164
2.6
0.132
1.168
7.62
1.16
3.064
3.872
6.316
4.18
0.42
3.692
5.564
0.836
2.696
0.116
0.532
6.132
1.576
0.304
0.236
0.264
1.612
10.408
0.968
0.996
2.336
4.756
5.532
1.496
1.52
4.536
2.192
1.504
2.504
3.98
0.592
4.784
1.428
4.832
0.68
7.42
2.388
10.644
2.776
0.56
1.184
3.268
0.696
3.704
0.2
0.176
0.312
3.972
0.192
0.384
0.728
0.8
0.58
0.468
0.148
1.668
7.7
0.684
1.856
0.768
3.996
3.48
4.884
9.832
5.108
2.136
0.796
0.536
0.212
0.224
0.372
3.324
3.644
1.948
0.248
0.264
2.296
3.412
0.348
0.228
3.256
1.708
0.072
7.196
2.46
1.02
0.412
0.36
4.32
0.936
3.064
0.736
1.204
1.324
7.444
2.288
0.2
1.86
0.668
1.672
0.82
0.46
3.836
2.66
2.996
0.172
7.74
1.152
9.272
5.008
0.272
1.812
0.568
0.116
7.272
0.356
0.984
0.964
0.292
1.84
4.348
1.716
0.284
0.336
0.732
1.988
2.78
0.072
1.62
0.212
1.148
0.336
0.824
1.02
5.44
0.772
9.836
1.416
0.848
6.976
0.264
0.956
7.728
0.832
0.996
1.508
1.696
1.712
1.7
2.956
1.232
2.708
1.824
0.212
8.756
2.004
10.348
1.308
2.052
0.316
6.476
2.46
2.212
3.748
2.38
8.328
0.268
1.244
0.76
1.224
5.984
1.252
0.312
8.256
10.68
1.424
0.336
5.032
1.86
11.048
3.512
0.6
3.216
1.48
0.432
8.048
4.744
1.152
1.284
0.18
3.224
3.124
5.06
0.392
0.28
5.376
1.124
3.172
4.044
0.324
2.568
2.22
2.364
1.136
1.284
0.92
2.412
7.556
3.912
8.0
2.932
3.412
3.084
2.26
5.624
1.196
3.564
2.056
2.02
0.156
3.6
1.212
5.704
4.592
9.92
0.348
0.144
1.488
4.708
2.176
2.692
0.192
0.32
0.08
0.096
0.508
0.94
5.752
4.432
0.292
4.004
1.488
5.796
7.428
4.288
1.108
4.216
3.548
3.288
2.772
1.004
1.952
0.572
2.708
0.196
0.872
2.504
6.708
4.496
4.316
7.952
1.708
0.808
4.104
0.732
0.516
0.428
0.732
0.74
1.66
4.432
0.46
0.668
0.508
10.608
0.488
0.328
4.568
3.012
2.604
1.212
4.688
6.388
6.116
0.084
2.88
2.656
2.52
3.728
2.588
6.452
1.404
6.24
1.184
0.952
1.148
8.988
0.212
9.392
0.792
1.896
0.2
1.152
0.752
0.144
1.388
1.268
0.956
1.44
0.2
1.876
0.168
0.928
1.76
0.248
0.712
3.148
9.24
4.752
4.652
0.724
7.088
2.208
0.32
4.16
4.464
0.66
0.068
4.028
1.376
0.372
7.36
1.16
1.028
3.144
10.12
1.02
2.712
0.532
4.244
2.504
3.648
10.468
5.656
2.332
1.352
0.196
0.128
4.912
6.312
4.128
0.552
0.136
0.532
1.66
1.728
10.388
0.716
7.384
2.56
3.284
1.04
3.164
0.204
0.224
0.332
2.308
0.288
0.7
6.152
3.332
2.924
0.896
9.556
0.684
2.488
1.204
6.316
0.388
1.172
0.24
11.068
0.08
2.548
2.496
0.82
9.492
2.54
4.908
0.468
1.604
0.12
0.696
1.78
4.04
2.588
3.28
0.54
4.46
0.688
0.216
1.292
9.82
1.952
0.788
0.688
2.164
0.884
0.34
0.972
3.88
0.436
10.548
4.024
3.664
6.252
0.728
3.684
1.6
0.488
4.388
1.32
0.704
0.172
1.7
5.152
2.92
2.984
1.264
0.32
0.464
1.936
1.468
7.732
7.4
0.584
0.612
0.548
0.276
0.64
0.444
6.408
8.556
2.228
1.048
0.224
0.84
2.004
1.72
3.512
0.592
2.292
1.868
0.524
2.552
0.42
1.088
1.46
1.796
1.532
2.564
0.228
0.236
3.732
1.456
1.8
0.34
7.94
0.74
6.788
3.016
1.992
3.764
8.26
0.744
1.94
5.072
0.604
0.184
0.396
1.54
0.508
1.464
1.44
0.556
0.756
1.076
0.756
2.808
1.116
3.316
2.232
0.208
2.432
2.68
0.128
0.908
1.212
0.52
3.452
4.712
2.348
4.928
4.572
0.512
1.6
1.136
2.4
0.22
2.504
2.42
3.868
7.128
1.36
4.444
5.02
0.552
2.152
0.264
0.332
4.816
0.132
5.988
1.128
5.656
5.324
5.132
4.8
0.68
0.168
0.504
2.628
3.868
0.764
0.732
3.54
0.176
5.448
2.228
2.372
9.732
1.588
0.428
0.436
10.78
2.044
2.568
9.296
6.852
2.34
1.08
10.908
1.496
3.844
0.308
3.412
0.08
1.084
2.444
3.932
5.008
1.832
2.54
0.128
0.42
0.624
0.896
7.2
0.276
10.084
0.328
0.424
4.076
0.916
1.148
5.656
1.08
3.508
1.564
0.928
1.156
8.788
0.128
4.124
0.348
10.376
0.164
5.26
0.484
0.404
2.664
5.408
2.36
0.084
1.14
0.944
0.988
0.936
2.564
0.364
0.476
6.008
1.828
2.336
0.516
0.752
0.396
3.368
0.72
2.412
1.22
6.708
0.288
2.52
6.332
6.18
10.16
4.0
7.708
3.128
5.448
0.592
0.376
6.956
3.84
0.184
1.22
0.452
5.096
2.808
3.032
2.236
0.196
0.18
11.092
0.536
2.476
2.552
6.808
1.08
0.416
1.0
1.552
7.46
0.656
1.836
2.184
1.568
1.048
7.024
0.208
0.352
5.128
9.656
0.34
0.732
3.088
3.616
11.072
3.488
0.868
0.268
1.152
0.68
2.156
1.148
1.112
5.6
3.42
1.244
1.332
2.132
1.316
4.012
0.216
4.848
0.636
2.7
1.496
0.784
2.744
0.152
1.324
0.908
2.456
1.128
0.392
4.22
1.46
1.972
0.344
0.7
10.752
0.092
0.636
0.992
0.348
1.848
0.58
0.14
2.54
5.928
0.336
0.884
1.764
2.788
0.916
0.08
1.992
0.336
2.64
0.216
1.404
0.128
0.392
2.884
4.92
0.996
2.068
7.544
1.084
5.404
9.312
4.076
0.644
1.26
3.428
0.188
0.88
5.728
1.588
0.564
2.908
2.264
7.052
2.136
2.288
4.04
0.7
3.008
2.02
0.156
9.5
1.36
0.416
0.692
1.012
0.456
1.036
7.72
0.352
0.584
0.48
1.244
5.324
2.976
2.012
1.512
0.564
2.844
2.204
1.504
0.464
2.26
4.276
1.724
5.108
0.248
3.596
0.736
1.088
0.552
1.436
1.28
0.292
2.516
0.604
0.856
0.888
2.416
2.112
0.268
0.896
2.836
10.672
4.532
0.42
6.296
3.116
7.016
1.58
7.936
1.364
3.952
1.376
2.316
1.008
2.056
9.92
0.224
0.476
0.756
0.636
1.18
9.308
0.472
5.9
0.328
0.916
0.672
10.2
0.948
0.608
7.324
0.596
2.244
0.252
1.456
2.5
4.112
1.036
0.484
1.296
0.32
0.632
0.46
1.204
3.048
0.352
0.5
1.368
1.496
2.4
1.452
5.3
4.708
4.552
0.492
0.476
10.752
3.4
0.164
1.068
0.984
0.224
4.584
4.224
0.504
1.94
1.356
2.592
1.82
2.196
10.028
0.2
3.872
1.856
0.22
0.096
0.4
2.712
2.248
1.3
0.992
4.116
0.076
4.5
0.272
1.076
2.808
0.548
2.46
1.644
3.896
0.148
3.244
0.312
0.38
0.104
1.08
0.32
1.072
1.192
2.076
1.908
0.204
5.608
5.256
1.088
3.052
0.492
4.492
0.264
2.744
7.052
1.684
0.516
0.488
0.068
1.68
4.256
3.048
1.436
0.72
3.184
5.14
0.084
1.536
3.68
0.628
7.772
0.16
1.384
5.728
1.86
0.544
1.628
0.996
2.644
0.752
3.384
1.448
0.32
0.284
3.424
2.664
6.272
0.376
4.16
3.72
0.292
2.404
1.552
4.224
1.712
5.924
0.188
11.0
1.928
3.308
1.292
5.716
1.752
2.696
1.288
0.28
3.928
3.448
1.08
0.632
0.288
1.764
2.048
9.688
0.14
2.58
4.344
5.38
5.812
5.896
1.16
0.576
2.932
2.5
2.548
1.128
3.692
1.728
9.428
4.236
1.204
1.172
0.98
0.556
0.464
4.964
7.096
3.592
7.488
3.608
2.188
0.532
1.78
9.952
0.956
0.62
0.312
5.668
0.076
0.936
0.564
1.628
1.308
2.548
1.82
0.536
3.74
4.32
0.876
1.436
2.76
2.58
0.48
0.4
0.804
1.976
0.124
1.568
2.388
7.22
0.964
0.924
0.084
1.96
1.6
1.464
10.04
1.092
7.984
2.044
4.928
0.984
0.976
2.2
0.324
0.812
0.392
2.124
2.428
0.212
0.204
0.888
0.136
1.056
0.624
1.612
3.844
0.9
9.808
3.624
1.148
1.84
1.832
1.62
1.376
0.372
0.896
0.896
6.58
2.176
0.692
1.856
3.988
0.096
0.744
4.044
3.752
0.552
1.224
7.388
1.604
0.112
0.436
1.364
1.372
2.572
2.456
3.116
0.832
3.996
1.62
0.088
3.02
6.084
1.304
0.596
0.356
1.284
2.928
1.168
0.888
0.372
0.396
1.092
1.696
3.152
9.344
10.776
0.836
0.2
0.908
1.524
5.676
4.256
0.348
1.16
0.652
1.184
0.256
0.264
0.776
0.54
2.896
6.34
4.596
2.368
0.072
0.8
1.62
0.78
0.868
1.156
0.2
2.988
6.452
0.188
2.824
0.712
6.212
2.972
0.696
3.248
0.728
4.636
0.188
0.824
2.672
0.084
5.26
0.604
3.632
4.304
0.812
1.084
3.024
5.72
0.584
0.456
0.748
1.372
5.152
1.66
0.672
0.088
1.216
2.36
0.872
4.48
0.068
3.048
5.056
1.34
3.504
4.148
1.14
0.916
1.012
1.016
1.956
1.128
4.404
0.692
0.16
1.264
1.124
1.936
0.456
2.028
1.16
0.264
2.568
3.496
0.62
6.808
2.128
3.724
0.756
9.636
0.488
0.12
3.252
1.228
1.124
0.252
6.72
0.448
9.488
11.016
5.588
5.308
5.012
0.46
0.352
2.14
1.824
1.86
1.204
0.076
7.0
0.204
1.644
3.884
0.152
0.152
0.1
5.764
1.852
6.584
9.344
4.364
3.064
0.628
1.444
0.244
8.516
7.028
5.156
0.388
0.652
1.32
0.696
1.928
4.508
2.74
0.216
0.336
0.672
1.832
0.312
0.504
0.064
0.548
4.128
5.676
2.676
1.8
4.1
0.9
3.372
2.164
5.492
0.904
2.252
1.556
4.488
4.64
0.696
5.332
3.956
7.136
1.532
1.688
1.688
1.04
1.784
0.072
11.028
2.16
1.6
3.9
7.132
7.48
1.312
0.524
0.168
3.968
4.332
0.768
1.172
2.456
10.488
6.556
0.572
0.476
5.668
1.384
0.832
3.58
0.616
2.328
1.012
1.064
3.328
0.076
0.196
0.484
1.28
4.78
8.136
6.404
0.896
4.064
2.184
0.884
7.476
2.692
0.22
0.436
0.48
0.748
0.352
1.572
10.724
10.44
6.448
0.28
4.324
1.04
9.036
4.352
1.672
0.388
0.676
0.216
1.34
6.004
0.82
1.216
7.18
0.832
7.128
0.48
1.604
0.52
0.624
2.66
0.164
0.66
0.76
3.304
0.488
1.476
1.356
3.844
1.188
0.484
1.216
0.544
3.144
0.948
0.264
0.988
1.456
1.948
3.464
0.256
1.792
0.92
0.08
2.584
0.856
1.272
2.736
1.904
0.572
2.56
1.6
0.416
4.484
0.196
2.3
2.868
3.376
1.412
3.228
10.808
0.244
5.588
1.856
0.172
2.644
1.296
2.376
0.204
0.4
0.348
2.34
0.3
1.172
1.324
1.136
0.204
0.38
1.436
0.5
0.636
1.176
0.856
7.92
1.132
2.816
2.184
5.632
1.752
0.244
6.04
3.848
1.304
1.232
3.672
0.672
2.324
2.124
6.048
9.852
7.8
0.78
0.816
9.932
0.272
0.1
1.564
0.104
0.4
0.28
2.376
2.788
0.272
3.248
6.808
0.184
0.752
1.184
0.236
3.128
5.212
1.756
7.784
0.544
0.256
1.216
4.12
0.544
1.088
3.564
1.32
0.524
0.496
0.816
1.268
5.084
0.424
0.236
0.748
0.86
0.3
1.616
2.368
2.784
1.596
3.444
2.12
1.216
1.308
0.116
0.812
0.536
0.244
1.644
0.188
1.696
1.172
0.78
2.264
0.536
3.784
4.504
0.376
7.54
0.12
2.712
2.796
1.972
0.356
7.96
0.356
0.284
0.836
0.696
0.2
2.196
0.088
6.004
0.076
4.272
0.984
4.464
1.952
0.844
1.056
0.072
0.9
0.16
1.848
2.784
0.408
0.768
1.652
2.988
1.168
6.104
0.608
1.952
6.44
3.444
4.276
1.368
4.664
1.472
1.516
1.204
2.604
2.884
0.64
1.18
4.804
0.612
0.472
1.3
3.048
2.012
2.864
0.828
1.44
0.576
4.732
2.148
2.84
0.828
5.528
0.072
8.388
4.2
3.376
1.184
7.228
1.148
0.304
0.968
0.176
2.16
5.532
9.452
1.644
1.504
0.32
1.956
3.244
3.384
0.864
2.324
4.756
0.64
11.028
1.096
1.956
0.552
0.816
4.628
0.784
2.996
7.912
0.716
0.352
8.368
0.436
4.084
0.768
9.22
3.34
2.62
2.212
0.508
2.408
0.64
3.332
0.3
2.416
0.672
0.38
1.512
1.988
1.352
4.008
0.812
3.128
0.332
3.352
0.408
5.204
1.988
0.988
0.616
0.104
0.104
1.136
1.268
3.588
2.768
1.748
0.1
1.812
7.552
0.608
0.164
6.22
1.536
1.024
4.12
0.608
5.064
0.076
4.14
2.42
1.548
2.068
1.452
5.752
0.376
9.556
5.044
0.588
9.44
9.224
1.528
3.556
2.36
1.668
1.272
0.724
0.46
0.984
4.188
0.752
0.408
1.096
3.104
0.764
1.352
11.004
2.88
0.284
1.936
4.452
2.88
2.104
0.244
2.1
9.5
0.092
0.972
2.008
1.616
2.46
6.496
3.488
2.796
0.196
0.744
1.712
1.892
0.272
0.996
2.94
1.092
10.432
6.376
0.476
0.68
1.424
0.328
0.64
0.16
0.948
0.212
0.58
0.3
1.084
0.796
9.384
3.112
1.996
0.2
1.52
1.244
2.044
0.308
1.52
1.864
1.664
0.36
6.764
3.264
1.696
1.38
2.904
2.096
5.764
1.736
3.304
6.728
8.368
3.644
10.536
0.36
6.244
0.508
3.128
5.796
1.152
3.512
0.528
0.4
7.356
11.044
8.996
0.384
0.436
1.156
4.52
0.136
3.088
4.576
3.376
2.232
0.068
0.14
1.408
0.224
2.332
3.244
2.456
0.552
0.088
10.364
1.08
0.62
1.192
1.548
1.912
0.156
0.484
0.192
0.176
0.452
1.952
0.268
7.488
6.22
0.98
9.444
2.432
0.652
1.824
0.48
0.168
1.16
1.584
0.184
2.46
6.38
9.772
7.48
9.916
1.028
3.764
1.476
4.26
3.296
1.004
8.184
4.524
8.228
6.476
2.292
1.3
8.056
4.828
0.74
0.884
0.672
1.912
0.128
5.012
2.252
1.632
2.416
1.464
0.096
0.752
1.036
8.156
0.192
2.324
0.072
1.088
0.624
0.572
3.576
5.32
8.016
0.668
0.568
6.112
0.08
3.736
0.62
0.256
2.644
9.512
1.924
0.328
3.892
2.1
0.984
0.86
4.692
3.708
2.212
0.756
0.744
2.716
3.508
1.684
7.112
0.584
1.356
1.876
0.944
0.456
1.256
2.876
6.72
0.556
7.28
0.464
5.352
5.316
0.196
1.164
8.112
0.824
2.508
0.936
9.032
6.58
0.8
1.632
3.256
0.6
1.844
3.544
1.896
1.928
0.672
1.364
0.316
3.88
3.552
0.108
0.204
0.656
0.104
0.376
3.244
4.5
0.888
1.184
7.92
2.952
3.064
0.304
1.616
3.104
0.976
0.208
0.872
4.412
1.784
3.664
1.456
0.24
0.396
0.428
0.576
1.244
1.276
0.164
3.688
0.352
1.968
1.952
3.292
7.532
1.896
0.976
0.676
5.616
0.82
0.92
0.164
1.852
1.82
0.876
1.18
1.86
1.16
1.636
0.632
1.604
5.228
1.344
2.036
2.448
0.352
1.168
3.064
10.224
1.612
1.428
0.704
3.472
2.628
0.38
2.972
3.472
0.444
6.316
1.632
0.24
1.26
6.308
7.38
3.772
1.904
4.776
3.068
0.384
0.072
1.0
2.928
7.316
1.236
4.488
2.336
6.24
3.368
3.208
1.428
1.168
0.38
1.212
1.324
0.16
2.384
1.476
5.244
2.492
0.596
0.168
1.144
7.54
0.224
3.084
2.66
1.16
4.892
1.66
0.192
0.572
0.1
0.14
0.112
0.18
3.432
2.348
1.928
0.348
5.168
2.048
0.252
0.18
2.064
0.216
0.26
0.284
5.66
0.1
3.896
1.504
0.708
0.52
5.748
0.952
6.264
10.416
0.376
2.1
0.812
3.272
1.616
3.976
10.112
2.844
1.68
0.204
2.936
8.78
1.172
1.104
0.576
0.196
1.712
0.764
1.32
6.716
2.444
0.448
0.62
0.612
3.196
1.34
4.792
0.072
0.248
3.444
2.308
3.708
3.216
1.632
1.54
0.096
0.22
0.736
3.256
0.264
0.68
2.352
1.56
5.22
0.52
6.936
1.076
1.236
0.196
3.004
0.312
0.112
4.844
3.276
1.668
0.164
0.712
0.804
0.276
0.22
0.796
6.132
2.64
2.008
0.508
8.088
1.784
2.064
1.9
3.444
0.148
1.04
3.788
3.284
0.188
4.932
1.248
0.484
0.584
4.648
0.072
0.144
1.188
4.172
1.852
0.988
1.548
2.476
3.92
2.572
4.988
3.464
8.524
0.888
2.992
1.368
0.884
0.336
5.976
0.744
0.528
5.6
9.64
5.98
4.796
0.408
0.068
5.692
3.76
1.036
1.196
1.124
0.08
0.988
1.608
1.256
4.376
2.176
1.628
2.4
5.064
7.508
8.364
0.164
2.468
3.9
0.372
9.348
0.796
5.796
0.484
1.86
4.588
6.736
0.424
0.168
1.536
0.764
0.864
3.208
0.076
1.896
0.86
0.224
0.516
1.86
0.632
5.068
5.836
0.992
0.18
4.784
0.64
0.236
0.112
0.84
0.744
3.756
0.16
1.696
3.512
1.936
1.032
0.52
4.6
2.132
0.936
0.876
0.52
0.828
7.968
0.344
1.876
2.148
1.424
1.596
1.088
2.328
6.76
3.74
1.196
1.128
1.124
2.672
0.84
1.464
0.072
1.632
2.792
1.044
0.136
0.976
1.988
0.668
1.376
4.532
0.98
0.736
3.3
8.848
0.696
0.348
1.352
1.636
1.736
0.732
0.244
1.036
0.696
2.556
2.9
2.216
1.084
0.524
1.636
10.74
0.796
2.436
0.708
0.252
4.788
1.984
1.4
2.744
1.528
0.512
3.808
3.32
3.04
1.424
1.372
7.34
2.168
1.768
1.064
0.108
0.58
9.872
0.088
0.496
1.192
4.408
7.844
1.776
2.564
8.22
1.652
4.316
0.744
0.468
0.712
1.836
7.496
1.556
6.376
0.896
1.072
0.248
4.64
2.48
0.468
3.752
4.824
2.856
0.236
1.26
2.616
4.876
0.348
0.456
4.528
1.028
1.372
0.08
4.276
0.136
0.916
2.72
2.128
0.552
1.56
6.588
4.848
0.78
4.228
1.232
10.384
4.548
1.02
0.652
2.828
0.416
0.424
7.304
1.812
0.568
3.604
0.448
0.552
10.836
0.632
0.216
0.068
0.904
2.224
0.232
2.456
7.116
2.776
1.632
1.312
0.648
0.188
0.128
10.74
0.712
0.476
1.76
0.94
0.956
2.648
0.74
0.692
8.86
0.404
0.184
0.664
9.492
1.016
0.42
1.364
3.056
4.484
5.492
6.396
0.896
0.28
0.9
0.16
1.208
0.3
0.76
5.54
0.836
6.516
3.256
0.552
3.84
10.016
0.128
2.336
1.208
0.416
10.104
0.796
0.896
3.192
5.604
1.452
1.08
3.148
1.728
1.972
0.508
0.584
0.56
1.1
3.26
2.388
2.82
1.76
0.508
4.184
1.508
4.936
1.972
6.304
1.748
2.404
7.14
9.56
0.092
2.732
1.62
6.468
0.156
4.164
1.356
1.808
4.284
0.588
9.476
0.352
0.188
0.688
0.212
0.14
2.304
0.46
8.952
1.628
1.54
8.896
0.12
2.824
0.348
2.26
1.504
1.028
5.62
0.9
0.256
0.488
4.696
2.652
3.828
8.86
2.356
1.14
0.092
5.896
0.78
0.72
2.668
0.392
0.276
8.076
0.288
0.652
2.424
0.568
4.424
0.476
0.616
2.244
1.884
0.296
0.76
2.32
1.164
0.088
2.172
1.66
1.928
2.964
5.056
0.884
5.84
1.36
4.048
0.908
5.712
1.064
1.112
0.34
1.436
3.508
0.22
0.42
0.392
1.032
0.312
4.308
1.176
1.056
1.512
0.82
0.492
0.872
2.208
1.188
4.052
2.532
0.84
2.12
0.276
0.14
2.564
1.632
4.34
0.424
2.804
6.424
0.976
1.392
0.476
3.924
4.836
0.6
1.208
6.948
7.0
0.908
0.328
3.052
1.012
1.188
0.08
0.64
1.016
10.812
2.036
4.572
2.616
2.172
0.2
0.68
2.464
5.16
4.324
5.52
1.016
3.32
4.308
3.796
1.74
3.328
5.38
3.484
0.104
3.208
0.916
2.264
4.94
0.968
2.92
1.576
8.2
8.548
7.88
3.24
4.392
4.704
0.148
5.46
6.54
1.144
4.712
5.24
0.208
4.684
2.748
10.424
4.3
3.068
1.736
6.136
1.156
2.704
0.744
1.248
2.96
1.456
4.04
1.484
5.484
0.928
1.844
5.08
1.808
0.948
10.544
1.668
0.288
0.56
1.228
0.54
0.464
0.52
4.488
1.368
0.928
0.168
0.656
1.988
0.172
0.208
0.8
3.696
0.632
0.48
1.616
2.98
0.116
0.968
1.848
4.492
2.56
1.332
2.316
7.348
5.024
0.2
1.676
0.184
1.208
0.132
0.484
1.084
7.292
1.44
0.36
1.2
0.52
0.256
1.804
0.732
0.316
1.388
0.94
1.86
1.336
0.936
0.344
1.82
1.228
9.472
0.076
0.28
0.728
0.132
0.728
0.536
0.896
1.1
2.224
2.02
4.404
1.2
1.356
1.164
1.552
4.548
2.48
1.356
9.0
0.104
1.532
0.296
1.248
1.28
0.256
6.248
7.992
2.236
3.016
2.644
6.532
10.232
0.596
0.788
2.792
0.156
1.792
1.9
0.208
1.5
4.424
0.468
0.304
0.228
0.884
4.748
0.74
1.156
1.968
2.1
6.016
0.872
4.784
0.752
0.432
4.988
1.46
1.148
8.468
1.044
0.088
1.536
0.924
0.824
0.656
0.148
7.52
1.36
0.28
7.948
0.864
1.452
4.58
0.956
0.072
0.092
1.024
0.092
5.132
0.48
5.056
0.948
2.328
0.136
1.144
1.78
0.12
1.372
0.528
0.52
5.86
4.412
1.696
0.52
0.168
0.332
0.268
0.5
0.568
0.1
7.264
0.412
3.4
1.28
3.58
1.268
0.236
4.988
0.352
7.332
2.752
10.98
1.224
4.2
2.328
0.072
1.244
0.416
1.476
0.992
0.78
1.352
0.536
1.748
0.612
0.08
0.212
1.496
1.668
0.472
5.128
1.32
4.676
2.8
0.448
1.344
1.672
5.568
0.976
5.292
2.896
0.612
10.82
0.728
0.452
7.592
6.096
4.956
0.24
0.256
0.376
5.128
4.152
0.948
0.74
2.344
1.5
3.34
3.932
3.016
0.688
1.968
5.396
1.108
3.264
1.148
1.208
0.072
5.436
0.092
2.812
0.612
0.38
0.308
1.248
0.688
0.456
1.92
0.992
3.556
1.14
0.26
3.768
0.264
3.592
6.364
3.568
2.092
0.176
1.512
3.276
0.388
0.068
9.204
1.044
2.488
1.228
1.012
0.184
0.148
0.224
1.956
4.432
0.212
1.464
0.728
0.448
3.524
4.684
3.2
0.2
0.244
2.392
0.352
0.872
0.208
0.496
2.684
0.812
4.004
5.624
1.504
5.508
1.06
0.62
0.636
0.848
2.712
1.628
4.368
3.752
10.712
0.44
2.964
1.472
2.072
0.928
0.792
10.208
1.848
1.66
3.408
0.488
1.192
1.416
3.744
1.764
2.532
2.96
0.272
0.108
1.164
1.408
0.588
3.72
4.792
6.16
2.772
1.652
0.156
0.716
0.916
3.512
3.32
5.252
7.276
0.212
0.528
0.652
8.512
0.616
3.26
1.46
0.904
3.936
2.004
0.7
4.612
1.036
4.732
0.856
0.908
1.008
0.136
1.008
1.032
1.552
3.54
1.192
6.832
6.776
0.124
0.224
3.296
6.372
0.428
0.692
4.412
0.204
8.568
1.108
8.372
1.884
2.08
5.168
0.532
1.7
1.376
5.352
0.232
9.548
0.708
3.728
0.22
4.404
3.828
1.324
4.452
0.284
3.1
2.6
0.072
3.892
0.204
0.784
4.108
0.444
1.16
1.528
0.104
2.92
2.628
2.108
2.688
2.368
1.14
3.0
2.44
0.56
8.624
1.44
1.04
1.972
3.636
2.312
1.04
0.228
4.584
1.256
5.124
3.348
4.268
3.14
2.052
4.048
3.792
3.416
1.72
6.168
1.92
0.56
6.448
1.404
7.924
0.692
0.44
1.724
3.08
3.752
10.432
4.816
0.692
1.076
1.716
7.496
0.792
0.74
4.744
4.788
2.72
0.94
1.768
1.952
0.676
5.144
0.34
0.512
0.988
3.544
0.36
3.756
2.98
1.448
2.34
5.092
0.748
3.668
4.088
0.932
0.096
1.016
1.38
2.184
2.188
4.124
2.74
0.976
0.076
0.94
5.608
0.308
9.172
0.832
7.572
1.448
5.992
1.472
1.14
1.816
2.784
1.596
0.704
0.188
1.548
4.408
1.244
0.672
0.404
0.284
0.472
1.62
1.748
0.916
5.372
0.424
0.928
0.644
0.996
2.828
4.104
10.452
0.436
0.548
3.376
0.576
1.26
4.784
2.384
5.936
8.952
3.336
10.76
5.468
8.996
4.084
0.452
0.612
2.536
2.2
0.792
0.544
0.512
1.1
0.424
0.388
1.628
1.752
0.92
0.212
2.66
1.728
0.236
0.432
7.88
2.36
3.068
5.852
5.152
1.792
0.688
0.512
2.132
5.48
1.772
1.508
2.916
0.252
0.436
2.452
8.36
4.84
1.464
0.424
1.976
0.368
1.972
0.604
0.236
3.288
2.292
1.0
2.572
0.2
1.496
0.868
10.96
0.188
0.248
1.372
0.352
2.852
3.86
1.56
5.748
0.332
0.536
2.356
1.056
5.268
1.516
0.176
0.688
0.788
1.18
5.0
0.816
0.624
1.72
0.308
1.312
0.36
3.816
0.24
3.38
0.98
1.268
0.592
0.636
3.42
0.404
0.476
5.796
3.6
3.1
0.356
4.5
2.756
2.488
1.984
3.652
2.368
0.108
0.124
2.136
1.484
0.508
0.948
4.384
2.972
6.08
5.34
5.32
0.156
6.592
6.896
0.664
3.052
0.848
0.324
10.8
0.096
5.792
1.712
1.148
0.684
0.372
10.78
0.22
2.568
3.676
0.972
0.296
0.14
2.188
0.296
6.756
2.832
1.916
0.876
0.22
0.556
2.676
10.832
0.388
2.732
9.588
1.384
1.444
8.392
0.336
4.584
0.772
1.024
10.76
1.072
0.972
0.764
2.14
0.768
2.02
4.912
10.108
4.152
1.9
2.484
5.588
4.628
2.488
1.7
6.1
3.872
0.732
2.988
3.512
1.108
3.648
3.244
0.644
0.52
0.932
4.164
2.456
0.216
0.196
0.436
3.028
1.54
0.22
2.78
0.464
6.88
0.1
1.096
3.108
0.928
1.268
2.26
2.196
1.952
0.504
4.044
6.512
0.712
2.276
0.26
1.212
0.216
0.284
2.872
4.484
0.604
0.804
1.44
0.312
1.588
0.848
3.532
4.516
1.064
0.216
7.34
6.768
1.768
7.664
0.352
7.544
0.14
0.408
1.756
0.284
3.832
0.912
0.128
0.508
1.7
1.252
0.536
0.412
1.028
0.632
0.852
5.352
4.148
0.388
0.444
3.944
0.98
0.488
2.9
2.336
1.232
0.388
1.1
9.152
0.48
0.6
0.688
6.904
4.404
1.92
1.424
0.488
1.724
6.156
2.392
4.32
2.5
4.432
3.912
0.284
7.648
3.692
0.136
0.076
2.744
3.412
0.8
1.74
5.756
2.976
0.732
0.196
2.068
4.704
10.544
0.52
0.088
0.888
1.096
0.744
0.636
0.792
0.344
0.408
0.82
6.448
3.472
1.148
0.504
4.172
4.512
3.136
7.692
2.152
0.768
5.664
0.56
0.64
4.052
0.616
0.7
0.752
1.204
4.96
8.9
2.248
0.2
1.392
0.836
2.836
0.832
0.828
2.208
0.632
2.464
0.372
3.056
0.6
2.312
2.376
1.368
0.448
2.532
1.74
3.228
1.396
7.44
3.068
3.412
1.092
6.204
0.492
2.424
3.98
5.732
0.104
2.844
0.976
0.564
9.736
1.124
3.268
3.88
3.112
0.744
1.86
0.38
0.568
5.08
1.7
0.968
1.744
2.188
4.64
0.164
1.552
2.456
1.652
3.096
4.32
0.228
3.328
0.648
0.1
1.172
0.604
3.928
4.012
0.416
1.788
1.028
3.36
1.368
3.228
1.348
9.052
0.636
0.16
3.208
0.94
1.792
7.832
1.532
2.296
0.212
0.092
2.788
8.736
1.724
1.084
1.412
1.104
1.616
1.384
0.464
4.084
3.216
1.52
10.4
2.428
1.348
2.688
1.248
1.536
0.732
2.652
8.324
2.388
1.128
0.764
1.424
0.388
0.712
1.272
1.136
0.844
3.42
9.424
3.896
0.776
0.948
4.552
5.492
1.084
1.148
4.448
0.212
0.672
1.412
1.956
2.216
3.264
4.528
0.728
4.54
2.276
8.836
5.936
2.992
2.052
0.076
3.696
5.52
4.844
0.496
1.064
2.072
0.964
1.848
0.356
1.052
2.052
1.376
2.636
0.216
0.596
0.608
3.4
0.94
0.656
4.536
0.536
3.916
8.536
0.252
1.708
9.572
0.576
3.984
0.152
0.264
4.0
1.836
2.428
4.28
0.528
0.208
0.776
1.568
6.404
0.3
7.412
2.872
1.364
1.708
0.564
5.0
6.608
0.38
2.132
0.416
0.708
2.516
0.512
3.18
2.02
0.184
1.456
6.852
2.104
0.996
2.412
0.956
4.664
0.788
0.192
6.496
4.452
4.752
2.964
6.868
0.092
0.832
0.524
6.936
1.212
8.16
10.084
0.26
5.088
0.428
7.452
2.416
1.944
2.544
0.968
0.912
7.844
2.352
1.164
3.212
0.496
1.9
5.2
0.264
3.244
1.144
0.152
6.66
4.572
7.684
5.228
0.156
2.508
0.084
2.336
1.572
1.176
1.512
4.696
9.068
1.172
0.152
1.616
3.756
0.38
5.072
0.328
1.92
5.756
10.736
0.144
0.836
0.232
0.768
0.308
5.304
1.864
0.38
1.816
1.064
10.08
0.684
1.7
1.004
0.904
2.056
0.488
0.984
2.944
1.396
5.156
2.98
1.244
0.876
3.312
0.552
0.356
3.428
3.548
1.008
7.688
0.728
0.364
1.168
3.504
4.436
7.012
3.908
3.636
6.024
0.928
10.46
8.68
7.68
2.736
0.336
7.372
1.26
0.368
0.104
0.492
0.644
5.084
9.036
0.588
1.32
2.452
0.068
4.872
0.516
0.9
0.912
5.04
2.012
2.9
7.448
0.472
2.384
0.46
2.264
5.636
0.968
0.344
1.24
1.072
10.948
2.656
1.988
7.992
9.992
3.056
3.816
0.288
1.212
7.252
1.26
1.548
0.26
2.924
0.94
1.74
5.324
0.868
1.144
3.216
5.456
2.296
0.404
7.268
6.716
1.604
0.808
1.908
1.3
0.292
1.204
0.696
0.804
9.68
10.848
1.08
2.696
4.02
1.884
1.58
2.044
1.744
1.02
1.848
1.192
0.48
2.288
0.256
2.728
7.988
3.5
2.36
10.236
7.096
0.64
1.204
1.128
0.248
0.928
6.256
0.404
0.356
0.46
1.692
5.992
2.92
1.308
3.316
6.244
1.204
6.972
1.148
3.192
0.072
1.028
1.648
0.572
6.304
0.628
7.152
0.216
0.756
0.452
4.584
0.336
1.0
0.356
5.044
4.356
0.568
1.988
4.58
0.916
5.692
0.216
0.236
3.24
0.684
0.312
3.708
1.756
1.724
2.904
0.176
1.34
1.96
2.0
0.72
1.544
1.876
0.828
7.048
0.452
1.392
3.744
0.26
7.78
1.752
1.26
9.152
0.48
4.008
0.296
3.924
1.148
2.18
0.192
0.232
0.908
1.412
0.608
0.432
4.124
1.848
1.06
6.568
1.88
2.916
1.16
0.428
1.268
1.664
2.072
1.896
2.284
2.332
3.528
0.752
2.136
1.208
1.072
4.4
4.868
2.68
1.644
6.656
0.588
6.236
3.532
0.224
1.924
2.46
0.076
1.172
2.348
0.244
0.384
0.336
0.476
1.964
8.768
3.968
0.656
8.148
1.688
0.112
9.312
0.976
6.7
0.108
0.168
0.892
1.944
2.848
1.944
1.4
0.34
1.272
0.228
0.148
3.284
0.428
1.292
0.6
4.136
3.888
0.492
7.14
1.42
0.36
1.408
0.608
1.272
6.408
0.416
2.228
0.92
0.572
0.12
1.24
0.732
0.296
0.86
5.272
1.796
2.088
0.504
4.952
1.812
2.268
0.904
1.164
6.136
0.5
0.392
0.436
3.616
0.348
2.336
2.252
8.368
0.748
1.02
0.484
0.216
0.288
1.216
1.416
0.196
1.064
1.1
3.536
0.44
9.408
0.748
0.36
0.288
5.832
1.292
5.7
0.248
0.296
2.612
3.896
4.304
0.196
0.316
0.476
1.56
0.544
2.308
1.332
1.208
0.148
6.244
0.536
3.152
0.092
4.504
8.22
6.46
0.828
4.504
0.628
3.832
0.596
0.192
0.728
4.224
3.472
4.2
6.744
3.504
0.176
0.988
2.364
8.88
0.58
0.636
0.604
0.192
2.528
0.568
1.676
5.52
1.648
0.608
0.092
0.456
3.78
0.82
5.324
5.836
2.928
1.184
1.932
2.66
0.2
3.184
3.26
0.144
1.176
0.728
1.16
0.876
1.652
0.416
0.668
1.148
1.62
0.528
2.14
1.272
0.896
2.38
3.68
0.36
1.384
3.224
2.184
1.28
6.256
1.408
3.896
1.856
2.712
2.856
2.624
0.3
0.38
1.396
0.472
5.796
0.504
3.668
3.152
0.176
0.856
0.624
0.164
0.22
0.32
0.232
0.608
1.324
1.54
8.548
0.108
4.164
0.252
4.008
2.32
1.964
6.216
0.88
6.98
8.18
5.512
3.124
0.164
6.296
3.924
5.092
2.436
2.332
2.644
2.612
1.716
2.488
0.244
5.332
1.544
0.112
0.44
2.912
0.876
1.9
2.988
2.536
2.952
2.68
4.676
3.06
1.396
0.864
0.772
0.144
2.488
2.5
0.1
8.096
2.14
0.768
0.948
5.34
9.872
10.388
0.708
0.512
0.716
3.108
7.488
2.38
2.58
6.192
0.748
0.332
1.744
3.244
3.84
1.78
5.876
0.28
3.408
0.976
0.12
0.912
0.132
0.7
2.528
4.072
1.556
2.18
3.812
8.272
1.48
1.408
1.124
0.328
0.52
0.124
2.58
0.3
1.308
2.112
5.768
0.904
4.324
0.34
2.068
1.94
6.576
1.38
1.896
1.852
0.292
2.208
3.04
2.044
1.696
1.224
3.26
0.872
0.872
8.5
2.0
0.2
0.248
3.568
1.004
0.204
0.18
1.468
0.208
1.904
1.008
1.668
1.448
4.776
6.296
2.584
2.676
8.796
2.096
3.396
1.524
3.344
2.956
0.596
1.876
0.292
1.36
2.124
4.36
1.676
0.292
1.412
1.404
2.024
4.136
2.528
3.836
0.112
1.184
5.82
1.416
1.52
3.68
4.996
2.528
1.096
0.072
0.996
0.476
1.892
0.9
0.128
1.188
1.784
1.492
1.464
2.348
6.284
1.792
8.98
1.776
0.072
1.06
0.828
4.78
0.58
2.328
0.42
0.428
2.528
1.888
0.508
10.056
9.9
0.776
2.5
0.876
0.728
2.196
0.22
0.292
0.82
4.44
2.244
0.28
0.9
2.712
0.112
0.104
2.476
1.192
1.468
0.756
1.164
1.428
5.6
1.14
0.264
6.792
5.388
10.332
0.208
0.92
0.568
0.2
9.848
5.868
5.404
0.736
1.344
3.096
2.46
0.356
6.24
2.544
1.972
1.756
1.24
3.104
3.084
5.108
1.852
0.1
4.092
6.06
0.576
1.872
4.016
0.408
0.156
10.24
4.004
0.836
8.732
0.076
0.72
1.112
1.828
4.476
0.676
4.892
0.448
2.864
6.076
2.888
0.564
3.704
3.876
1.236
1.404
4.524
1.768
0.244
0.136
0.436
0.124
0.5
4.06
2.928
0.9
0.308
0.476
1.572
2.224
1.532
3.264
0.408
3.252
1.944
1.392
0.76
0.896
3.788
3.288
0.96
0.328
0.94
9.724
1.204
4.86
0.776
0.292
1.692
0.96
1.964
1.352
0.556
0.48
1.936
1.012
1.444
0.832
1.348
1.536
5.408
2.032
2.684
1.748
1.976
0.448
0.172
2.448
2.168
0.736
2.916
1.86
1.392
1.812
8.94
0.872
0.556
10.556
2.58
0.776
0.472
0.768
0.544
4.38
0.92
1.164
0.684
0.76
0.156
8.716
4.396
0.652
1.324
0.312
0.088
0.576
0.236
4.62
0.852
0.204
1.764
7.872
1.44
2.392
0.312
3.716
0.112
2.132
1.06
0.224
0.604
6.004
1.376
4.116
2.128
0.888
5.816
0.752
0.26
0.68
3.9
6.32
1.764
0.244
2.056
10.068
1.48
2.256
3.408
2.368
0.096
0.088
0.464
0.368
0.2
3.792
0.996
8.796
9.992
0.656
1.076
0.432
0.76
0.952
0.304
1.0
0.34
4.716
1.644
4.164
5.152
2.02
1.248
5.264
0.176
0.6
4.016
1.808
1.208
0.388
1.004
0.328
0.156
8.132
5.876
0.236
0.096
2.716
4.612
4.184
0.244
0.692
0.42
8.468
0.524
0.096
0.14
1.72
0.14
3.136
4.532
8.092
0.62
3.216
1.888
9.208
0.236
0.484
2.972
4.508
6.424
0.472
1.536
2.136
0.512
2.516
4.116
2.204
1.304
1.468
0.676
1.064
6.448
0.132
0.784
1.404
0.744
0.288
0.084
6.448
0.9
1.888
0.108
1.14
5.556
1.316
1.344
5.376
0.196
7.236
0.964
9.372
1.584
2.176
0.128
5.268
2.564
0.348
0.252
1.324
1.004
2.82
4.932
5.04
0.084
0.456
1.684
3.3
1.432
10.572
3.044
1.12
5.116
0.344
9.052
5.016
3.684
0.248
0.404
6.652
1.112
1.176
1.6
5.5
2.736
10.716
0.2
1.408
0.836
0.192
1.848
5.212
1.568
0.688
5.08
1.68
1.064
1.796
3.408
0.996
10.908
7.08
1.56
4.784
5.14
5.728
0.184
3.7
3.9
0.264
3.552
0.328
0.208
3.348
1.872
1.748
1.488
1.16
4.008
2.588
1.092
0.88
1.196
0.6
3.46
2.528
0.324
0.1
1.56
0.66
1.128
4.704
2.436
2.896
1.252
0.404
0.624
0.184
0.512
5.148
1.98
5.584
1.412
0.148
3.42
5.748
1.512
3.272
4.068
8.132
4.564
1.588
0.308
10.408
1.476
1.82
1.196
3.756
1.148
0.396
0.996
5.34
1.688
3.652
2.212
3.66
8.4
0.1
1.432
0.884
0.348
1.124
0.08
1.312
0.56
7.888
2.172
0.844
4.984
0.864
0.396
0.68
2.012
1.952
0.636
2.472
5.828
0.488
2.572
2.972
4.636
8.992
0.548
0.912
5.164
0.216
1.508
3.888
2.024
0.748
0.308
1.58
1.264
0.896
0.508
1.924
1.872
4.336
0.624
5.848
1.04
0.392
2.364
4.492
0.312
2.92
5.54
3.724
2.432
0.412
4.012
1.896
0.756
2.084
7.164
0.096
0.532
0.756
0.684
1.508
1.976
4.252
0.744
1.656
3.616
0.748
3.952
5.264
2.992
2.872
2.072
3.724
1.972
3.772
0.312
1.084
0.416
2.156
0.292
0.924
0.104
2.124
1.344
0.9
1.044
6.476
0.584
2.632
2.0
4.148
6.804
0.352
0.32
0.096
0.22
4.5
0.2
3.664
6.456
3.136
0.912
0.224
0.712
2.244
0.936
4.164
0.856
0.584
0.4
4.676
2.356
0.648
0.608
0.48
6.38
1.88
3.444
2.268
1.092
3.24
5.08
0.284
0.492
0.372
7.98
3.576
0.668
3.436
2.0
1.016
0.784
0.324
2.196
4.748
3.232
2.116
0.76
0.08
2.572
4.66
0.78
3.78
1.616
1.408
2.848
1.628
2.944
1.008
0.596
3.132
2.204
0.816
4.368
0.148
1.112
3.088
1.2
2.612
1.044
6.464
0.348
2.596
0.132
9.52
0.2
0.4
1.776
1.076
2.828
0.696
1.54
1.768
1.744
7.364
1.956
0.772
2.184
2.196
1.544
9.18
2.252
1.4
1.764
8.04
7.94
0.068
1.484
0.164
1.104
0.6
1.448
3.232
1.116
0.372
4.636
0.14
2.728
0.42
1.776
2.36
0.172
0.416
0.272
0.448
2.18
0.172
0.9
7.668
3.884
5.136
10.108
0.232
0.788
1.376
2.632
2.196
1.332
5.604
1.432
1.02
0.192
5.776
10.22
0.988
1.332
0.276
2.804
0.708
1.772
7.62
3.812
3.74
0.552
1.168
1.024
1.796
0.064
10.14
1.408
3.388
1.708
1.076
0.236
0.908
2.288
0.724
1.14
3.776
6.604
0.636
5.676
6.568
9.336
0.568
7.592
1.772
0.244
0.412
7.644
0.344
1.872
1.64
1.812
0.444
2.616
0.564
0.38
2.212
2.404
2.068
5.328
3.416
0.648
0.304
0.992
0.44
3.668
0.316
1.64
1.728
0.884
0.168
4.16
4.952
1.208
9.872
3.628
0.716
0.204
0.452
4.18
1.58
0.736
11.008
0.236
3.012
9.4
2.116
1.368
1.296
4.376
0.272
1.132
2.008
7.128
1.5
3.228
1.196
5.732
1.912
2.276
1.664
11.072
0.08
4.732
0.324
0.804
4.308
4.568
3.928
0.684
6.492
1.568
5.272
2.344
4.548
7.676
0.244
3.396
0.092
1.52
1.852
3.168
9.26
1.988
0.204
4.3
0.588
1.184
3.8
2.552
0.296
0.576
0.092
10.212
0.444
0.476
0.368
1.092
1.388
0.24
1.824
3.3
1.864
0.376
2.82
8.8
1.22
2.428
2.2
3.236
1.092
0.888
0.636
1.192
6.584
4.1
1.252
0.584
1.42
2.828
1.844
0.216
1.6
4.712
1.796
0.712
0.736
0.572
2.764
0.208
2.344
0.112
8.048
10.34
1.116
1.672
1.892
4.352
1.536
0.78
2.868
0.104
1.168
3.46
11.072
1.688
5.888
0.492
1.22
4.148
0.172
3.344
0.468
1.68
2.276
0.668
0.364
2.584
0.92
3.58
4.996
1.756
2.82
9.256
0.956
0.916
4.792
0.436
5.512
0.08
4.564
1.912
0.408
0.632
1.364
3.024
6.98
1.076
1.012
1.188
5.652
0.54
0.296
6.64
3.048
0.452
0.708
0.144
10.52
3.212
0.696
0.096
2.224
1.144
8.504
0.908
2.308
1.032
0.5
0.628
0.268
2.048
4.556
0.196
2.336
0.436
1.24
0.4
1.024
3.74
4.464
1.972
2.976
1.28
2.244
0.268
2.648
10.848
3.704
1.372
2.292
1.16
1.352
1.74
1.484
0.164
5.184
1.144
0.636
7.168
0.364
5.764
3.224
2.212
2.404
4.2
7.256
4.676
2.692
0.808
0.748
0.72
0.188
1.276
4.584
6.076
2.768
1.06
1.548
0.196
0.244
0.548
1.78
4.628
2.332
4.244
1.896
0.608
0.876
0.772
0.18
0.336
5.848
3.052
5.9
0.656
0.904
0.82
0.716
1.212
0.56
1.556
2.044
0.704
0.084
2.212
0.712
9.3
2.124
4.924
1.096
1.432
4.284
2.352
3.984
0.888
2.62
2.716
0.256
1.364
0.28
8.084
0.288
0.288
0.736
3.708
3.328
9.368
2.192
0.244
3.804
6.136
2.876
6.736
1.456
7.056
4.292
3.056
1.244
0.684
5.056
0.344
0.6
4.2
0.564
1.244
0.232
2.524
0.304
0.284
4.2
0.556
0.728
1.196
3.128
2.824
4.4
5.24
0.744
0.104
2.6
1.752
0.084
1.388
10.812
2.096
3.084
1.312
3.332
0.568
4.4
1.04
0.32
1.532
1.26
0.432
1.816
0.144
0.3
0.156
1.288
3.56
0.216
1.292
0.072
0.992
0.944
1.396
1.224
6.348
1.736
0.348
2.744
0.748
0.132
2.74
0.84
1.66
7.856
0.672
0.136
5.828
9.44
0.904
3.216
1.284
6.896
0.388
3.088
1.736
3.468
0.94
0.416
0.676
0.148
0.152
1.992
1.148
3.368
0.308
1.208
0.152
1.5
0.464
3.44
3.492
1.212
0.216
2.088
0.464
0.248
0.356
3.188
8.088
2.724
6.376
1.408
0.84
5.8
0.344
3.236
1.708
0.744
8.676
6.4
0.772
1.232
1.372
6.62
2.384
1.268
3.312
0.54
1.908
1.1
2.78
1.724
2.42
0.076
6.468
3.872
1.892
8.284
3.196
0.444
0.56
5.916
0.984
1.352
2.532
8.092
0.236
4.488
3.276
0.584
2.168
1.176
0.676
0.204
0.2
0.748
1.04
4.32
0.748
1.436
4.12
6.92
4.792
1.9
1.368
0.128
0.688
5.368
0.736
0.072
0.288
1.676
2.36
3.272
0.288
3.38
0.432
6.396
1.04
10.552
0.916
1.876
3.868
3.708
0.272
0.812
1.568
0.18
3.352
8.6
0.712
0.256
0.46
1.096
1.396
0.984
1.892
0.268
2.56
0.928
4.196
5.572
3.188
0.248
1.228
1.176
2.308
4.676
0.804
0.72
0.084
9.024
2.708
2.664
0.704
0.244
1.712
7.172
4.736
3.148
1.3
1.472
6.204
3.132
0.52
1.42
7.244
10.664
1.72
1.42
1.464
1.688
1.672
2.912
2.036
3.756
1.912
5.608
2.444
4.216
1.2
0.672
2.608
0.68
0.356
10.396
6.724
1.392
2.264
2.112
2.224
0.36
0.252
6.228
0.86
4.656
0.956
5.788
4.376
3.036
0.456
1.536
0.992
1.548
0.26
0.156
3.06
1.796
2.768
5.824
3.068
1.204
0.492
0.44
0.852
0.068
9.496
5.648
1.296
4.4
1.392
1.42
2.404
1.092
4.62
6.2
3.488
2.876
4.292
3.148
0.976
1.72
1.892
5.76
8.676
0.612
1.7
0.3
3.316
1.868
2.916
2.724
0.212
6.744
0.696
0.132
2.012
1.872
0.104
1.996
0.74
1.432
0.724
0.364
0.26
0.092
0.068
5.476
0.512
1.54
8.304
3.56
0.28
0.308
0.352
8.42
5.432
0.756
2.192
0.088
0.992
0.224
0.488
3.644
3.556
2.644
9.596
0.104
5.88
3.428
7.896
8.0
0.58
0.904
0.552
0.44
2.924
0.596
0.212
1.244
0.22
9.308
1.376
0.636
1.536
0.5
1.392
1.8
1.216
1.696
1.9
0.464
0.612
0.124
1.14
4.892
3.544
2.244
0.432
5.82
0.512
0.88
0.104
1.556
7.724
0.46
5.444
9.176
0.492
0.652
0.596
9.664
0.944
4.464
1.588
1.656
6.008
1.656
0.24
0.776
0.592
1.276
1.712
1.384
1.38
0.572
2.184
1.648
4.82
1.7
4.004
6.016
0.992
2.66
0.196
1.012
3.34
0.8
1.12
1.488
1.184
0.828
5.1
1.672
0.66
3.732
1.9
4.668
0.292
2.204
5.372
1.052
3.976
2.464
2.544
2.944
0.752
0.864
1.848
0.524
1.92
5.4
0.408
0.616
2.436
2.304
0.268
7.168
0.18
0.808
2.936
10.768
0.276
1.336
0.444
3.6
4.38
2.56
1.964
2.372
1.952
2.684
2.364
2.2
6.4
0.352
2.028
5.636
1.412
0.452
4.452
1.088
1.484
0.168
5.012
5.808
0.152
1.2
0.54
10.732
2.128
2.268
3.888
0.964
9.944
3.324
1.016
0.3
3.776
0.76
5.052
0.468
0.192
10.84
0.252
0.984
2.76
1.78
1.156
5.84
1.66
0.828
0.284
2.56
0.684
0.296
0.544
5.452
0.336
1.104
2.416
3.988
1.676
7.108
3.708
1.104
4.612
3.292
2.944
3.076
1.492
9.548
4.388
4.576
0.24
0.284
0.212
8.492
6.164
0.088
0.468
1.448
0.18
0.72
5.28
0.252
3.048
0.844
4.216
2.42
0.436
0.624
0.608
0.064
0.848
3.232
3.452
1.308
0.348
0.28
0.46
3.54
0.572
2.768
1.472
0.5
0.324
1.66
1.676
0.232
0.196
1.236
0.412
0.48
5.644
4.564
4.956
0.168
6.704
0.316
3.168
0.404
6.544
1.264
0.176
1.864
1.112
1.464
1.26
0.128
4.116
2.508
6.908
1.684
0.46
1.276
1.576
2.164
4.66
4.016
0.112
1.092
0.356
0.26
0.508
0.42
6.144
1.472
1.848
1.148
0.988
2.384
5.072
8.024
0.144
0.384
2.4
0.192
1.96
7.624
0.644
9.436
0.788
5.04
0.276
0.94
9.632
0.648
0.636
1.296
7.008
3.736
1.868
0.524
0.276
1.66
0.104
0.684
0.104
3.788
1.084
0.364
1.424
0.444
0.736
0.484
2.516
0.072
0.936
4.712
3.852
1.2
0.756
0.088
0.312
9.612
0.964
5.608
1.688
6.08
1.304
0.676
2.568
3.98
0.54
1.088
2.188
1.112
4.756
0.852
1.596
1.624
1.356
1.664
0.22
1.792
2.392
9.332
7.308
2.772
0.78
2.244
2.488
1.7
0.176
2.468
4.7
0.752
3.848
0.224
0.18
1.976
1.532
1.616
5.976
1.832
1.424
0.684
3.804
0.164
6.204
3.852
10.832
0.84
10.696
0.476
2.22
0.684
7.42
2.268
0.584
0.96
1.264
0.332
4.136
2.196
1.136
10.64
1.42
1.516
1.76
2.644
3.948
3.36
1.984
4.812
7.412
0.444
0.336
5.516
7.04
0.312
0.272
0.304
1.508
2.648
0.676
0.076
0.432
1.52
6.276
1.164
3.848
1.268
4.612
1.848
3.16
1.312
0.12
0.804
1.052
1.692
0.236
7.316
0.504
8.28
2.132
0.632
0.932
0.556
7.716
1.152
10.72
3.804
1.368
0.116
2.092
3.264
0.096
5.64
4.088
9.992
2.916
0.232
1.364
4.636
1.056
1.708
0.888
10.984
1.692
1.308
4.8
1.124
1.968
0.128
1.356
1.404
1.38
3.844
1.236
1.076
0.248
1.372
4.336
2.032
3.06
0.716
0.124
1.144
0.124
1.524
0.884
0.744
2.164
4.536
0.956
1.94
4.652
3.94
3.4
1.424
0.2
0.428
2.32
0.568
7.744
0.252
1.904
4.284
0.58
0.196
1.232
2.572
1.512
0.784
0.584
5.656
6.392
0.1
0.292
0.4
0.8
1.232
1.612
3.044
2.74
2.744
0.432
1.312
0.492
0.6
0.088
1.868
1.964
3.296
0.376
3.876
0.676
2.864
5.996
4.28
3.156
6.596
0.72
0.456
1.58
0.916
1.024
0.308
2.624
0.112
1.58
4.484
2.492
0.804
1.16
1.308
1.74
3.268
2.536
1.436
0.852
3.904
2.732
2.712
0.428
1.888
0.832
0.964
1.524
0.344
2.664
6.912
5.376
4.2
0.492
2.684
0.324
0.716
0.932
2.376
2.64
3.68
6.38
0.4
2.1
2.168
2.9
0.236
9.712
0.804
1.716
4.156
0.364
2.328
1.312
4.932
1.368
1.4
4.224
0.364
0.76
0.384
0.132
0.5
5.724
0.444
1.972
0.444
6.944
0.344
5.396
1.364
1.96
1.496
0.464
3.768
2.96
0.148
5.164
3.484
0.94
0.144
4.888
2.968
9.132
1.148
0.532
0.136
0.276
5.996
3.112
2.448
1.352
2.328
1.252
2.492
0.332
0.636
1.74
3.936
1.796
1.472
8.34
7.876
0.696
0.512
1.428
1.98
7.588
0.788
5.512
4.236
1.74
0.292
2.164
0.856
2.612
4.868
2.36
0.472
5.644
0.284
2.616
8.548
3.44
0.148
2.688
0.092
1.292
2.344
3.956
2.504
0.868
0.704
0.616
1.732
0.68
8.716
0.568
0.46
1.284
1.144
4.56
0.516
8.976
4.864
4.384
2.516
6.652
2.088
9.2
5.06
0.328
1.412
0.792
2.04
0.336
0.484
4.372
5.316
3.8
6.808
1.544
1.132
2.176
2.584
9.332
1.2
0.216
1.824
2.428
0.952
1.492
0.804
4.092
1.812
1.832
0.224
0.78
1.344
1.596
2.74
0.964
0.788
0.46
2.164
2.208
3.328
0.868
1.672
3.432
1.032
1.072
6.496
2.652
4.52
5.712
2.484
2.716
9.292
0.688
0.244
0.124
4.908
4.136
0.16
3.16
0.552
1.752
0.224
4.612
0.948
2.48
6.948
3.508
0.324
1.224
2.368
1.628
3.188
1.164
0.988
6.24
1.856
1.868
0.952
7.736
2.1
5.94
1.224
4.38
0.24
2.952
5.496
0.136
0.212
0.22
1.904
0.288
0.172
5.396
0.352
3.188
0.676
3.484
0.928
0.464
0.528
0.308
1.488
7.508
7.656
0.072
7.42
3.204
1.312
10.68
2.032
0.352
0.364
0.576
8.2
5.42
0.156
0.436
6.724
0.56
0.14
3.24
1.032
1.624
0.9
7.248
0.576
0.412
1.212
0.42
2.336
0.26
0.94
0.792
6.776
0.632
0.648
4.004
0.208
6.888
1.056
5.6
1.28
2.712
6.888
0.696
0.188
1.028
0.664
1.244
0.12
1.008
4.512
7.504
4.288
0.216
0.248
7.844
3.352
0.152
0.328
3.18
1.392
0.684
3.864
3.096
0.568
0.112
0.08
1.976
1.32
0.164
1.496
2.016
10.888
1.26
0.204
3.256
6.16
2.42
1.1
0.52
1.772
1.748
10.928
2.0
0.444
1.86
4.068
0.068
4.16
0.34
4.108
4.964
0.688
0.572
1.508
1.732
0.96
1.136
9.636
6.416
0.412
0.168
1.508
2.28
0.468
9.4
5.916
3.164
4.164
6.468
0.428
1.848
0.336
0.4
0.98
7.832
1.18
3.4
1.444
5.376
0.648
6.696
0.296
6.184
4.62
1.308
1.092
1.948
6.996
3.22
1.272
9.332
0.176
1.46
1.372
4.1
8.484
2.492
0.44
3.216
2.492
10.208
4.004
0.672
4.204
3.648
3.548
1.044
0.968
0.552
1.032
2.396
0.208
0.468
2.688
2.672
4.64
1.092
2.292
1.284
0.136
3.896
4.464
0.136
0.868
0.384
3.488
1.104
1.204
0.892
1.164
0.704
2.344
5.604
1.488
0.616
1.128
4.956
3.792
0.408
0.284
3.264
10.092
5.748
0.956
6.928
0.548
0.552
6.024
10.248
1.62
4.076
6.028
1.832
0.624
0.172
0.308
5.424
0.768
3.072
4.4
3.676
0.164
6.104
1.06
1.892
2.496
0.772
0.196
5.456
0.892
0.868
0.488
4.764
1.2
2.48
2.384
6.36
6.508
1.388
0.596
7.72
3.508
9.676
8.86
5.656
1.78
6.728
2.932
0.784
0.8
2.188
4.232
0.784
0.272
5.468
0.68
2.172
2.836
0.676
0.892
1.64
2.68
2.244
0.564
0.32
0.972
1.48
3.584
1.452
0.448
0.084
2.108
2.308
2.328
6.248
1.932
0.508
0.996
4.652
1.112
0.836
3.064
0.288
9.116
0.26
2.536
1.232
2.824
1.284
1.292
0.256
0.904
2.772
5.056
0.384
0.572
0.332
1.308
1.136
2.148
6.068
0.568
2.82
8.48
0.672
0.228
1.484
0.232
6.732
3.384
1.66
8.728
2.608
1.304
0.804
1.308
2.572
2.932
0.652
7.576
0.736
2.648
1.868
2.892
10.36
9.712
4.136
1.14
2.228
4.368
1.248
1.044
0.336
0.528
0.892
0.468
1.712
0.812
0.264
9.912
2.836
0.916
2.844
1.112
2.584
0.256
0.42
0.268
6.668
1.272
3.708
4.836
0.14
10.812
2.144
7.272
0.22
1.64
0.6
0.252
5.476
1.928
1.568
7.632
4.12
0.264
4.12
2.972
7.356
0.764
2.876
0.752
0.404
1.028
4.124
1.636
2.528
1.892
0.456
3.944
0.9
1.156
0.476
2.028
0.36
3.448
0.968
4.128
9.5
0.504
2.044
0.12
3.308
1.608
2.328
2.424
0.592
1.104
2.864
0.104
5.896
0.2
7.54
0.404
3.348
8.632
3.544
0.224
1.028
2.568
1.372
4.496
2.504
0.6
0.084
10.176
7.772
7.692
2.5
1.828
0.996
0.932
4.784
0.24
0.2
5.232
0.464
1.636
0.276
0.496
5.16
0.86
1.192
0.188
0.148
5.488
4.808
1.752
1.912
1.44
11.068
7.108
5.112
1.696
0.188
0.096
1.336
1.384
0.648
5.74
0.296
0.112
1.044
4.496
1.42
3.948
2.54
0.352
0.624
1.532
4.188
1.892
0.316
1.112
0.204
10.5
0.932
4.224
0.692
0.132
0.66
5.576
0.132
1.132
3.496
0.132
2.432
9.644
2.392
1.264
0.324
0.136
0.204
0.14
0.556
6.836
9.52
1.188
1.068
1.988
9.12
1.948
2.324
0.28
3.044
1.54
1.752
3.012
0.208
0.732
7.28
1.976
1.812
1.208
0.376
0.668
4.964
0.068
2.148
8.284
1.376
1.344
2.824
9.916
1.304
0.296
3.252
1.564
1.564
7.276
1.964
1.728
0.576
1.856
9.168
0.072
6.732
0.224
1.444
4.956
1.684
0.336
7.628
0.588
2.532
1.94
0.344
5.556
4.564
5.48
0.08
6.624
1.828
1.04
1.792
0.18
0.372
0.612
1.232
0.296
1.232
3.988
0.864
2.004
9.004
1.18
2.168
1.6
7.704
2.628
1.396
0.348
1.56
0.972
0.48
2.536
5.212
1.432
0.732
0.228
0.476
5.44
0.456
5.652
6.9
2.268
1.608
0.112
10.568
0.796
0.068
0.272
0.264
5.364
0.724
0.536
1.36
0.112
0.152
1.484
5.62
3.54
9.168
8.772
3.004
0.068
1.836
1.844
0.42
1.436
1.036
4.652
2.404
0.804
4.696
1.336
0.664
1.876
1.396
3.988
4.928
0.172
2.912
1.84
2.84
4.988
1.332
2.544
3.512
2.416
1.92
2.136
7.648
5.196
5.692
1.972
0.944
0.284
6.488
2.244
0.444
6.232
1.856
1.448
0.112
2.868
4.56
3.648
0.936
0.24
1.84
2.288
9.296
1.516
10.836
2.0
1.828
1.044
7.252
3.116
0.18
2.18
0.396
6.14
3.824
0.932
1.144
0.548
3.68
0.468
1.992
0.328
2.356
0.26
1.792
0.364
0.68
4.68
7.076
3.552
7.444
4.412
0.58
4.784
1.584
6.016
1.208
1.016
1.276
3.4
5.364
2.336
3.064
0.524
1.58
3.86
1.5
0.632
1.196
4.668
0.076
2.54
0.184
6.084
0.088
3.936
2.856
1.212
1.348
0.332
5.128
0.64
1.832
4.956
2.252
10.896
3.172
4.332
0.376
2.84
0.248
0.484
0.296
2.084
1.276
0.704
2.92
2.952
3.312
0.548
0.372
1.0
0.516
0.408
10.376
1.036
4.344
1.092
3.496
1.224
0.42
0.56
3.452
5.812
6.428
3.576
2.16
7.244
1.304
0.436
4.132
5.896
0.8
7.232
4.56
0.144
1.636
6.696
0.284
0.108
0.084
3.02
1.66
0.828
4.716
3.892
0.592
1.944
5.516
4.648
2.924
1.556
6.628
0.216
3.18
3.176
2.004
9.364
9.304
5.876
1.508
0.164
0.604
2.324
0.076
2.152
0.156
0.084
1.844
7.852
0.204
1.324
4.996
10.128
1.808
3.216
0.816
2.36
5.668
3.224
2.576
3.092
0.66
0.28
6.36
0.4
10.084
1.352
5.86
3.176
2.46
0.104
0.344
7.072
4.86
3.28
7.956
0.464
0.32
4.54
5.656
1.836
1.048
0.176
0.312
1.672
7.788
7.124
3.072
3.892
0.252
4.228
9.488
1.184
0.296
0.644
6.888
8.516
6.168
0.308
0.676
1.428
1.688
4.052
0.168
1.964
4.056
0.12
0.772
4.76
0.352
9.136
0.552
9.708
1.084
10.764
0.184
2.5
0.496
4.804
0.076
0.48
1.564
1.592
2.22
0.824
0.724
4.348
0.668
8.9
0.584
2.648
0.548
0.54
1.408
6.396
1.108
3.244
2.784
2.78
0.764
1.972
8.172
1.644
1.256
1.256
5.42
3.424
0.372
1.792
1.372
4.196
1.992
3.184
4.44
5.556
0.464
0.216
0.912
4.72
0.764
0.264
2.448
1.864
0.624
1.512
8.636
7.3
4.592
0.572
3.896
2.772
0.796
4.612
0.4
3.864
7.008
2.848
1.888
0.916
0.652
0.732
1.072
7.012
4.36
2.32
1.476
1.968
1.544
0.484
5.92
0.696
9.572
4.064
1.308
1.576
0.716
3.884
11.016
2.4
2.944
3.636
0.288
0.472
0.38
0.632
1.648
5.42
2.356
1.004
0.072
2.892
0.084
0.408
0.98
1.416
6.792
6.82
1.016
8.54
3.084
1.12
3.432
3.964
9.448
2.304
0.108
0.332
0.7
0.296
3.856
1.088
2.272
3.44
0.412
1.268
2.472
0.36
6.1
2.716
9.492
0.576
4.72
1.992
0.224
5.676
0.988
2.096
9.46
2.672
6.652
5.96
0.108
0.724
0.48
0.24
0.984
2.4
2.768
9.74
0.7
0.544
2.156
0.52
0.764
5.52
7.996
0.22
0.148
1.264
3.432
2.212
2.256
0.868
2.884
0.636
1.24
3.028
2.12
0.324
0.844
2.384
5.12
1.208
1.312
7.296
2.008
1.164
1.512
1.788
7.428
2.148
1.18
1.944
1.876
4.58
0.22
3.432
2.32
0.628
0.2
1.416
2.884
0.756
1.352
0.784
0.272
0.188
0.84
0.196
0.092
1.624
0.796
6.044
1.764
0.364
1.748
10.808
3.864
7.116
2.284
1.068
3.152
2.552
5.256
5.784
1.076
1.636
0.892
1.124
3.144
2.712
2.044
2.208
5.256
0.36
0.288
1.312
9.144
0.192
2.324
0.14
0.228
3.524
4.58
5.74
1.692
1.94
0.952
4.708
1.088
1.128
0.128
0.468
4.024
0.3
3.496
5.724
1.52
5.912
0.272
9.52
1.876
4.192
1.38
10.748
1.82
0.568
1.656
0.308
6.86
0.796
3.848
9.884
2.304
0.568
5.172
4.188
0.9
0.488
0.78
0.22
0.712
0.26
1.364
2.272
3.328
6.996
3.092
3.068
5.808
4.12
1.512
3.324
1.78
1.604
2.656
2.928
0.192
1.616
1.964
5.728
0.22
0.576
4.996
0.276
2.536
3.544
3.452
4.636
0.692
2.352
2.476
0.916
9.388
4.244
4.308
8.188
0.912
1.824
0.244
0.096
0.384
0.536
10.064
9.088
2.492
1.68
0.392
4.24
6.364
0.592
0.86
3.308
9.1
0.76
6.168
5.028
0.168
0.232
8.704
2.452
1.544
4.74
1.984
5.328
0.12
2.236
0.512
0.428
3.28
0.548
0.364
1.98
0.42
1.44
2.624
0.628
2.54
1.524
1.204
1.052
1.904
1.56
3.664
0.556
3.232
0.168
1.54
7.468
2.536
8.868
2.436
7.828
3.02
3.18
4.684
0.52
6.512
2.972
6.708
0.488
0.148
0.228
4.136
4.564
0.468
0.544
1.136
2.7
4.028
0.476
0.3
0.088
2.804
1.472
2.532
0.368
4.232
1.776
2.952
0.368
0.804
0.492
1.684
1.524
2.816
0.196
1.192
4.428
0.28
0.076
2.492
1.704
3.512
3.644
3.168
0.476
1.5
0.808
0.08
0.192
1.456
2.668
10.504
3.368
1.584
0.152
2.236
5.132
0.24
1.06
1.968
8.0
1.088
3.328
0.5
0.976
3.956
0.908
0.332
0.868
0.776
6.216
0.504
6.036
4.46
1.892
1.784
1.54
1.068
6.972
0.232
5.848
0.216
2.072
0.568
0.448
0.576
0.388
2.124
2.56
3.408
5.872
0.336
9.688
2.832
3.324
0.224
0.272
3.464
2.392
8.58
9.776
6.164
0.676
2.804
8.124
3.512
6.584
2.164
0.2
0.136
2.572
2.776
0.348
0.392
0.152
8.476
2.808
0.744
0.388
0.068
2.436
4.936
2.868
0.216
0.188
0.644
2.124
0.704
0.304
2.644
0.212
4.864
0.488
9.228
0.36
4.784
0.176
1.172
3.396
9.968
1.212
0.104
2.596
1.872
0.236
0.78
1.724
0.892
1.256
0.952
1.34
2.612
1.188
1.56
2.208
4.56
10.768
3.6
0.528
4.168
4.372
1.628
3.0
0.964
7.7
2.56
1.94
2.376
1.744
1.576
2.288
7.556
0.432
2.76
2.876
2.736
0.588
2.892
1.532
10.4
3.44
1.428
0.216
11.108
0.848
6.864
4.232
7.116
5.776
1.24
1.06
3.156
0.392
1.328
2.808
0.892
2.172
1.024
0.196
1.448
1.496
0.796
4.648
2.708
1.82
9.328
1.672
0.78
0.696
1.716
5.588
0.22
0.908
3.804
0.988
6.164
1.72
1.212
1.524
1.836
3.036
0.376
2.364
2.744
3.172
5.932
0.396
5.984
0.564
3.836
0.688
10.16
3.368
0.404
0.28
2.024
0.076
1.54
2.376
0.116
3.4
1.74
3.392
5.452
1.212
3.484
0.124
2.688
0.828
0.3
3.788
1.08
0.268
1.284
0.432
0.104
1.672
6.436
9.68
2.08
4.372
0.116
11.068
2.488
4.472
0.064
2.208
4.972
3.144
0.256
10.748
1.188
4.296
1.404
4.664
3.14
0.916
6.3
0.536
3.48
0.932
9.952
9.824
6.036
2.708
0.504
1.444
1.292
0.828
0.584
0.488
1.964
1.056
0.904
1.056
7.796
0.444
0.26
0.332
0.16
3.348
3.68
4.904
5.152
0.48
5.152
0.624
0.252
3.588
2.756
6.948
2.252
0.356
1.432
1.324
2.704
1.564
2.608
1.1
0.148
0.784
4.668
5.872
0.956
0.788
2.512
4.188
6.56
0.404
0.912
1.988
0.572
0.116
0.268
2.376
0.788
5.844
5.42
6.724
0.476
10.42
6.788
0.996
2.08
5.024
0.212
1.852
0.104
1.076
0.084
2.952
2.728
2.076
3.416
0.856
3.248
4.332
1.0
0.332
1.62
0.412
2.264
0.964
9.76
0.552
0.344
0.508
0.232
1.176
0.604
1.432
0.252
7.756
2.248
2.084
2.42
0.852
1.34
2.348
10.668
7.28
0.712
0.952
0.616
1.236
6.944
4.66
4.392
1.292
9.976
9.9
1.96
3.768
5.72
0.804
2.792
3.944
1.084
1.432
0.664
0.308
0.868
8.212
9.196
0.268
1.432
1.772
3.884
0.388
3.736
1.0
4.788
0.232
1.208
2.096
1.876
1.964
1.16
2.092
5.768
7.044
0.524
0.508
0.112
2.284
0.3
7.508
3.296
7.312
1.52
0.496
4.952
0.304
0.328
7.156
2.068
3.664
5.656
1.072
1.752
5.62
6.86
4.552
4.692
0.916
6.744
4.572
1.544
0.624
4.208
0.496
3.912
6.108
1.564
0.676
7.004
0.704
0.428
0.428
1.912
0.532
0.668
1.428
3.812
8.764
2.42
2.748
3.268
8.772
1.732
0.708
6.724
6.48
1.864
7.488
1.424
1.26
9.96
0.208
6.088
0.772
1.272
0.084
0.192
2.404
3.212
0.088
1.8
1.452
1.632
4.712
1.88
1.208
2.716
0.512
0.856
1.144
1.544
0.32
0.712
10.504
3.368
7.652
5.636
4.656
2.416
1.916
1.796
1.668
2.872
7.1
0.828
1.348
1.28
0.212
5.976
0.18
3.136
1.328
3.548
0.452
3.72
5.308
0.568
9.276
3.632
5.78
0.748
0.384
0.236
0.208
4.132
0.644
0.416
3.588
1.576
0.236
10.872
0.668
0.416
3.8
0.324
1.792
4.704
4.364
1.196
2.6
0.56
1.416
2.024
3.712
0.48
0.236
1.316
5.924
1.94
6.048
5.36
0.988
1.72
1.236
10.552
2.26
6.496
0.116
5.312
0.66
0.756
0.492
2.072
4.784
0.948
0.212
2.476
0.076
1.268
0.556
2.216
3.172
0.688
1.212
0.88
5.4
0.168
2.272
0.248
5.348
5.448
3.956
1.016
2.84
2.144
0.28
1.992
0.552
3.64
1.412
1.024
0.32
9.692
1.424
0.644
2.028
0.58
0.84
2.56
1.004
0.62
5.176
2.612
1.016
1.32
1.384
5.064
1.84
7.844
5.996
2.244
1.284
0.212
1.684
0.236
1.348
4.112
4.74
0.404
6.628
1.832
0.64
1.044
6.5
2.056
0.228
2.06
7.14
2.536
0.756
0.388
8.94
1.98
1.908
3.608
4.596
0.456
4.592
1.336
0.076
9.652
0.184
1.084
0.564
3.392
3.952
0.936
3.08
1.956
1.96
10.96
1.264
1.416
0.476
0.092
0.492
1.58
1.416
0.192
0.512
1.208
5.552
0.344
2.624
0.132
0.068
7.264
2.02
1.556
1.436
1.112
2.552
0.644
0.8
0.572
0.76
0.788
3.428
3.016
0.228
3.176
0.196
0.132
1.028
2.964
0.34
6.488
0.436
0.492
4.82
1.676
0.428
0.452
4.032
0.368
2.132
0.404
5.732
2.636
0.432
0.504
4.756
2.112
4.404
4.052
1.212
0.348
4.06
0.316
1.272
7.524
1.452
2.628
0.388
1.336
1.4
5.832
2.008
0.18
4.228
0.252
0.584
0.152
0.116
1.108
5.316
3.72
5.668
0.604
1.68
3.26
0.516
4.232
0.304
0.484
2.784
0.112
0.272
0.284
0.16
0.488
0.272
0.584
0.08
5.828
2.996
0.132
2.436
3.348
0.912
1.76
2.168
0.296
0.416
2.332
0.36
0.644
0.864
0.128
2.724
2.544
4.268
6.38
1.04
0.58
7.636
3.532
1.436
0.092
0.944
5.348
3.904
1.408
0.28
0.468
1.36
0.116
1.648
1.264
1.776
0.164
1.644
2.088
2.18
1.072
0.54
1.66
0.336
1.168
1.552
0.16
2.352
0.724
1.76
2.432
3.172
1.636
0.76
2.016
0.632
2.552
10.196
0.924
0.172
1.212
2.732
0.412
7.608
1.536
2.976
2.56
5.376
5.684
0.324
6.852
1.212
6.904
4.448
3.664
2.392
0.496
0.132
1.148
0.316
2.272
0.86
10.496
1.444
0.196
0.82
0.636
3.444
4.432
6.444
2.284
7.104
2.056
4.432
0.832
2.06
4.784
1.068
2.776
1.868
1.712
3.036
0.656
0.812
4.72
0.112
1.652
1.724
2.456
10.836
1.116
0.852
0.736
0.516
9.664
0.328
0.124
1.036
1.012
3.332
0.78
0.088
2.744
6.68
2.916
7.32
1.06
1.86
0.724
0.172
1.42
0.932
6.336
1.596
3.72
9.66
3.528
1.18
0.436
1.752
6.552
0.752
3.788
1.376
1.9
3.232
0.532
5.168
2.22
0.684
0.928
0.996
7.676
0.804
0.176
0.444
3.032
0.16
0.484
0.208
0.5
1.872
0.152
3.388
3.992
3.896
1.544
2.72
2.864
0.272
4.452
0.468
8.612
10.636
0.212
1.316
0.24
2.904
0.868
1.004
0.536
9.196
1.38
0.316
3.688
2.928
1.94
1.488
10.456
0.1
9.116
0.616
1.052
3.176
1.392
2.632
0.296
2.008
2.256
0.604
3.168
1.692
1.588
0.212
1.56
4.044
2.128
3.368
3.972
0.168
0.54
1.148
5.012
2.88
0.468
0.788
4.264
0.384
2.54
0.5
1.688
1.54
0.456
6.06
0.404
0.468
0.536
1.692
6.052
1.344
3.416
1.448
6.736
1.296
2.188
1.496
0.072
0.36
0.868
0.604
0.792
0.608
1.004
3.452
1.748
4.42
3.492
2.24
5.508
0.572
2.38
1.404
2.14
2.228
5.256
1.384
0.484
1.92
0.564
0.58
0.88
2.268
2.164
1.044
1.084
5.212
1.76
0.268
1.224
0.792
1.148
7.992
0.18
1.028
3.772
1.404
7.312
1.108
1.936
0.116
0.148
0.28
0.768
0.644
0.928
3.9
3.62
0.956
7.616
3.02
1.968
2.288
6.128
0.4
2.892
0.732
4.188
4.844
5.16
9.744
0.156
0.532
0.212
2.428
0.108
7.664
0.452
9.804
9.6
1.608
0.132
2.392
0.26
2.856
1.604
4.112
2.06
3.12
3.464
6.94
0.452
0.704
0.668
0.184
0.76
1.62
0.632
1.048
0.108
4.276
3.992
0.3
2.512
9.036
0.552
1.48
0.104
5.416
0.608
0.248
1.012
0.348
5.5
0.416
1.304
1.32
0.948
1.0
0.972
3.216
3.932
5.012
0.668
0.992
1.22
5.456
2.952
7.264
0.76
3.58
0.344
4.728
4.488
3.804
3.088
6.96
0.768
2.816
1.012
3.264
0.872
0.98
0.388
0.26
0.672
