1.06
0.384
1.14
0.264
0.324
8.18
0.764
2.288
0.28
1.784
1.052
0.48
0.652
5.548
1.668
1.532
2.308
2.424
1.332
1.096
3.372
2.18
0.456
0.76
0.604
1.428
1.852
3.24
3.572
2.532
8.032
2.072
0.844
5.288
0.776
0.244
0.456
0.32
0.516
2.252
0.292
2.124
0.996
0.808
1.756
0.364
1.928
0.232
7.028
0.268
0.628
1.012
1.928
0.5
0.896
0.872
1.672
1.168
4.776
3.724
0.996
1.004
3.464
2.956
1.252
0.648
0.364
4.748
1.368
2.036
5.976
1.208
5.532
0.348
0.208
2.116
0.572
0.904
4.048
0.5
7.712
3.776
0.612
1.136
10.044
0.212
1.004
3.516
0.948
0.716
0.852
1.136
7.316
2.18
1.4
6.112
1.768
4.968
4.568
5.684
1.004
1.868
0.928
0.908
0.764
0.716
3.548
1.624
0.484
5.548
1.056
3.624
3.58
4.868
1.38
0.364
1.84
1.996
10.424
5.432
0.888
5.428
4.996
1.16
3.092
0.388
0.504
0.504
1.504
1.08
2.088
0.376
3.488
0.884
1.356
2.368
4.824
1.424
1.468
1.316
0.224
1.412
0.804
1.744
2.104
2.308
1.808
0.672
3.348
3.86
2.868
4.26
1.832
8.772
2.704
1.232
0.516
8.944
0.552
0.716
2.04
6.416
1.94
2.0
3.3
8.936
0.344
1.556
1.216
1.244
0.204
2.456
2.156
2.38
2.848
4.312
0.396
1.764
6.024
2.872
0.372
2.384
1.2
3.16
0.596
5.116
3.112
1.396
0.312
0.872
0.204
10.376
1.472
1.004
5.056
0.64
0.192
3.048
1.6
5.472
1.952
0.492
1.212
3.828
0.388
0.472
0.488
2.028
0.532
3.844
0.776
3.64
2.728
4.716
0.296
1.004
0.756
1.828
10.904
2.3
2.076
7.916
0.968
0.432
1.428
0.344
1.192
7.06
0.848
1.028
1.38
2.092
0.664
7.476
0.284
2.3
3.488
0.476
0.776
1.192
0.64
0.764
5.796
1.36
2.464
1.06
1.372
0.364
2.152
5.824
4.172
1.96
1.924
0.324
6.932
9.436
0.248
5.152
0.616
4.92
5.712
2.356
8.348
0.6
0.452
0.224
1.18
3.972
2.204
0.844
3.248
3.204
7.096
0.844
0.26
0.832
2.924
1.932
0.212
2.136
0.324
1.064
4.068
1.3
4.096
0.604
2.176
0.34
7.24
4.96
3.808
0.94
2.772
0.216
0.224
0.284
4.656
0.544
0.716
2.076
0.264
3.2
2.056
1.164
0.532
0.248
1.316
0.66
6.228
1.152
0.252
7.04
6.712
1.4
0.324
1.172
1.712
2.072
0.3
1.224
0.412
0.876
0.404
1.164
0.344
1.624
2.364
1.296
1.316
1.492
0.364
1.068
3.656
4.216
1.476
1.456
9.236
3.152
2.292
1.756
0.996
0.644
2.668
0.468
0.208
1.472
0.964
0.764
1.528
0.448
3.644
0.908
10.712
2.0
0.332
0.716
1.104
1.736
4.916
1.772
10.596
3.108
1.084
0.828
2.7
1.348
0.4
0.204
2.724
1.116
0.432
4.58
0.696
3.18
7.416
0.792
0.324
1.464
6.8
2.456
3.176
0.404
0.496
1.736
3.8
1.756
3.032
4.812
0.572
6.1
6.364
1.784
6.288
4.96
3.664
3.644
0.54
1.712
1.748
0.2
4.108
0.192
0.82
0.216
4.16
0.508
10.204
2.1
1.488
7.86
0.24
0.232
0.452
1.668
1.024
2.072
0.748
2.44
2.78
2.192
2.628
1.56
0.584
2.16
1.728
2.896
0.684
0.452
2.22
3.216
1.048
0.216
2.7
0.212
2.496
1.144
0.316
0.812
2.584
0.588
4.48
1.7
2.396
3.34
3.128
0.452
2.372
3.352
1.224
0.996
1.428
0.256
1.096
5.136
4.816
4.536
2.552
0.348
3.944
0.696
7.176
2.908
2.704
0.204
6.088
4.008
2.188
0.312
0.312
1.468
1.4
1.74
1.06
0.8
6.492
1.096
0.74
1.564
5.62
1.308
0.66
0.492
1.688
2.008
4.236
0.88
1.684
1.432
2.4
1.72
6.624
2.184
10.652
2.988
5.676
2.8
1.388
0.912
3.696
1.04
3.74
0.228
1.476
0.884
0.228
7.244
5.956
6.256
1.156
1.224
6.132
2.552
1.084
3.756
0.76
0.44
1.972
1.904
1.636
1.112
5.644
0.732
3.576
2.2
0.94
2.48
0.316
0.34
0.312
1.388
0.716
0.204
4.056
0.648
2.468
2.816
0.884
2.316
1.424
1.116
2.008
2.676
0.252
1.472
0.72
0.412
2.296
0.612
0.484
1.648
0.628
6.272
3.576
4.18
1.344
1.504
1.412
3.876
4.936
10.656
3.072
1.812
1.656
0.744
10.824
8.124
4.248
0.836
6.96
0.204
1.2
2.884
7.388
1.208
1.588
1.384
0.636
3.124
7.66
0.364
0.852
5.308
3.532
0.472
0.6
0.276
0.232
1.556
0.564
4.024
0.46
0.66
1.32
0.372
0.856
0.204
4.196
4.748
2.448
0.684
2.664
0.42
0.624
0.828
0.7
1.936
2.156
1.096
6.492
2.528
0.9
2.96
0.476
5.472
4.82
0.452
0.992
2.48
5.392
5.276
0.672
2.784
0.24
1.788
0.532
2.544
0.56
1.796
0.764
0.344
0.98
5.084
2.384
0.544
1.304
2.116
0.304
1.784
1.992
0.4
0.724
7.12
3.148
0.38
4.568
2.136
0.604
0.68
0.356
6.972
0.3
1.748
0.364
1.204
7.228
3.66
1.312
0.264
1.704
2.696
2.92
0.632
4.516
0.38
9.58
9.624
1.524
0.308
1.716
1.38
2.736
5.544
1.38
0.944
4.688
1.084
4.232
9.116
3.996
1.456
0.852
2.136
1.172
0.548
2.192
0.668
1.732
0.608
0.192
1.312
1.564
2.368
0.972
4.748
0.264
7.548
2.212
0.664
1.48
4.052
5.052
0.352
5.02
0.296
2.092
0.348
2.356
0.992
1.388
4.908
0.228
3.56
1.4
0.248
3.328
1.264
1.628
1.596
4.348
2.544
0.288
2.384
2.132
1.22
2.432
1.452
1.492
4.688
1.164
0.316
0.24
2.788
3.576
0.276
9.588
0.384
0.52
1.216
0.544
2.376
2.848
1.38
1.116
7.356
1.872
2.668
4.42
2.084
1.148
1.356
0.324
3.632
1.78
0.208
0.244
2.312
6.06
0.72
0.324
1.22
1.952
1.972
1.968
1.68
6.496
3.496
0.52
1.676
0.964
3.072
0.228
0.308
0.808
2.348
0.308
1.116
0.584
1.656
1.436
0.52
3.168
4.548
0.288
1.328
1.116
3.456
0.44
10.228
0.764
0.544
5.24
0.868
1.488
3.984
3.292
0.28
0.356
0.664
7.7
1.516
7.208
4.124
1.748
9.08
0.824
2.34
3.124
9.58
3.808
0.608
0.488
3.756
0.26
1.436
1.408
1.24
0.76
3.676
0.212
2.524
3.288
6.576
0.344
0.292
1.436
0.392
3.06
3.992
9.828
1.568
4.228
5.776
3.404
4.62
1.464
0.464
0.508
8.68
6.688
2.08
7.072
0.276
0.784
2.84
0.924
1.544
1.284
4.896
0.616
1.308
0.468
9.488
0.392
1.552
2.484
2.356
0.204
1.444
0.252
1.028
0.596
0.64
4.704
0.688
2.708
2.636
1.8
1.824
0.288
4.092
1.4
0.904
0.508
0.22
7.18
3.544
1.064
3.488
0.292
0.384
1.052
0.46
0.216
2.552
1.752
0.716
4.32
1.14
0.82
0.344
0.212
2.1
3.116
8.136
2.004
0.868
4.268
2.584
1.656
2.96
5.784
0.4
0.704
0.484
0.752
0.784
1.052
4.432
1.64
0.228
1.816
0.732
5.044
0.288
2.74
2.052
0.98
6.668
8.704
5.448
0.192
3.208
0.972
7.632
2.804
1.148
1.664
2.36
1.672
0.876
1.152
1.168
0.828
7.176
1.536
8.864
1.72
0.94
1.236
0.492
0.572
5.72
1.028
1.892
4.612
0.684
3.708
2.388
1.228
0.776
0.772
2.904
1.296
0.464
4.796
0.98
0.78
2.664
5.316
0.92
3.396
2.668
2.836
3.704
3.412
1.468
1.284
5.228
3.168
1.012
0.288
0.28
0.244
0.348
1.18
0.604
6.96
3.008
0.804
2.156
0.648
0.688
4.332
0.564
0.66
0.316
1.828
0.368
0.612
0.2
0.868
1.64
0.88
0.708
0.652
6.248
0.56
0.704
0.208
1.416
7.212
1.416
2.144
1.028
2.104
1.08
0.772
5.324
3.664
0.88
0.4
1.136
2.504
1.7
4.848
0.592
0.296
2.988
1.964
1.792
0.952
1.1
2.036
0.984
2.196
1.288
5.536
3.352
0.764
0.996
0.916
4.64
4.388
0.348
7.076
1.024
0.484
0.356
1.612
2.516
0.324
1.372
5.76
1.636
0.608
3.672
1.336
1.46
0.28
0.28
2.32
1.264
0.492
0.24
0.744
0.724
3.796
3.564
4.9
0.424
7.836
2.084
4.008
0.948
0.644
0.556
3.88
0.748
1.2
0.964
1.796
3.448
1.928
0.308
0.212
1.792
5.24
0.956
2.368
0.216
0.688
7.032
0.272
0.224
1.9
1.228
5.032
6.472
7.044
1.26
1.328
0.944
3.108
0.496
4.072
1.796
0.584
5.824
3.84
0.676
1.8
0.52
4.192
1.384
1.384
2.416
0.24
0.236
9.004
0.456
0.484
0.688
3.032
2.992
0.848
1.768
1.084
0.764
0.58
1.224
8.636
0.388
1.376
3.984
2.98
1.264
5.028
3.184
5.54
3.304
1.1
3.14
0.896
1.12
0.776
0.612
6.796
0.604
0.24
1.528
0.544
6.296
3.528
8.732
1.552
0.584
3.104
1.22
1.364
2.988
3.024
2.032
2.724
0.32
0.904
3.436
0.968
1.04
1.612
4.82
2.508
6.008
0.32
0.292
4.076
0.9
0.512
0.444
0.216
1.416
0.948
3.0
10.568
0.968
0.3
0.484
5.4
4.208
3.152
0.44
2.384
3.052
0.284
1.088
0.312
2.508
0.492
2.928
0.828
0.716
0.428
3.268
0.42
4.036
0.236
1.504
0.508
4.408
0.276
1.22
0.784
1.524
2.724
2.604
0.512
2.32
1.472
3.124
0.304
1.464
1.836
0.58
0.592
6.904
4.548
6.016
1.036
1.152
2.352
0.748
2.024
2.424
0.236
0.256
1.152
0.312
0.224
4.876
1.64
0.872
2.064
1.564
4.104
7.388
1.228
3.68
1.232
5.716
1.552
4.496
0.624
0.216
9.8
4.14
3.972
2.56
1.064
0.84
3.66
1.284
1.804
0.608
0.812
1.632
0.932
0.86
0.656
1.204
2.808
3.84
0.196
1.264
0.864
0.848
1.62
1.768
2.592
0.26
0.864
1.068
0.28
1.432
2.32
3.02
1.744
0.24
0.216
2.364
1.14
0.904
6.04
0.688
1.74
1.156
1.492
1.028
0.596
2.036
0.544
4.192
5.504
0.284
5.188
1.24
3.74
1.468
1.296
1.448
0.48
2.112
1.596
1.596
1.156
0.252
1.004
2.956
0.632
0.592
0.248
4.688
2.456
6.46
3.292
2.808
0.588
1.356
0.972
0.212
3.612
0.98
2.968
9.196
1.944
1.808
1.94
5.664
0.316
0.552
1.14
0.688
1.704
1.168
1.44
1.108
0.356
0.46
3.728
1.1
0.776
1.844
1.184
6.832
0.664
0.404
0.536
0.228
0.5
6.044
0.196
2.6
4.18
0.484
1.488
0.4
0.436
10.02
2.32
4.276
10.464
2.5
0.612
7.724
1.152
2.636
4.368
0.212
0.452
2.512
0.58
0.32
2.08
4.796
5.568
1.42
2.548
0.32
0.3
5.936
1.536
0.7
1.044
0.432
4.12
0.22
1.528
0.376
0.272
0.84
2.932
0.576
3.352
3.412
1.112
1.668
1.468
2.2
0.428
1.992
2.436
3.268
0.792
7.956
1.78
2.9
2.596
3.212
0.32
2.196
1.7
3.748
0.34
1.756
1.448
0.752
4.148
2.484
0.396
1.456
1.032
6.184
3.316
0.228
0.628
0.352
0.224
4.516
3.208
1.12
6.192
0.916
3.868
0.544
7.468
1.176
3.196
0.856
7.1
0.588
0.608
0.852
0.952
1.896
0.816
2.412
1.148
0.624
8.312
0.696
0.544
0.36
3.092
3.212
0.748
2.372
1.548
2.168
0.456
0.264
0.712
3.14
0.34
2.892
8.608
3.256
0.62
0.74
1.156
0.336
2.724
1.828
6.768
3.052
0.292
1.012
3.18
0.38
4.336
0.448
2.904
0.296
5.656
3.384
0.328
0.82
2.52
1.084
3.724
2.12
0.244
0.204
4.512
7.268
3.844
0.788
2.672
1.26
3.304
1.524
8.256
3.624
7.364
4.58
0.692
2.212
0.884
0.6
0.608
0.496
0.6
1.08
0.212
4.912
0.68
3.404
2.616
0.56
4.568
6.244
0.756
3.464
4.752
0.932
0.612
0.228
7.252
4.656
0.208
3.408
3.8
0.272
2.38
2.268
0.784
2.156
2.144
0.56
2.528
5.2
0.696
0.456
2.012
0.504
3.424
5.544
0.784
4.74
2.48
1.456
5.696
1.06
0.496
4.76
3.172
2.584
7.788
7.012
3.08
0.912
0.3
2.444
3.472
1.452
0.912
1.244
0.964
2.012
0.352
2.984
7.916
4.152
1.824
0.576
0.732
0.28
7.736
0.328
0.884
1.236
5.256
2.984
4.06
0.232
3.236
6.576
3.64
0.72
0.516
2.188
0.252
0.68
10.62
0.268
0.692
0.552
5.468
0.428
0.74
1.072
2.6
2.056
7.004
2.9
3.372
9.228
0.704
1.856
4.992
0.84
0.692
0.84
7.108
3.224
2.104
6.892
4.016
1.68
7.172
3.76
3.312
0.232
3.132
1.756
4.264
1.912
1.916
0.26
0.228
9.656
0.596
0.404
0.788
1.56
0.42
0.204
1.248
0.34
0.972
6.348
0.92
5.764
0.348
0.8
3.992
2.192
1.776
0.232
9.632
4.352
0.904
4.276
5.608
0.496
4.096
2.932
4.46
1.176
6.436
4.068
0.416
2.04
4.5
1.224
0.468
7.356
3.388
1.692
0.256
4.612
9.16
1.072
2.56
0.716
0.744
0.308
2.248
7.572
1.12
1.552
4.452
3.844
1.56
1.224
4.06
5.62
2.636
1.184
3.0
3.148
3.464
2.1
4.356
1.172
2.876
0.428
2.8
1.676
0.608
0.464
0.348
0.608
1.572
0.216
2.968
4.816
0.252
1.004
0.324
1.556
4.028
4.788
0.58
2.56
1.68
0.844
0.364
0.404
1.316
2.868
0.444
2.792
0.984
4.944
1.176
0.82
2.22
2.824
5.692
5.244
5.836
2.792
10.96
1.612
0.336
2.416
1.564
0.324
6.256
0.248
4.64
1.356
0.496
1.076
1.564
0.692
1.776
0.2
1.02
3.756
0.272
0.2
6.48
4.152
0.416
0.344
6.308
0.872
1.084
4.596
0.316
0.784
0.88
0.66
1.968
5.704
3.292
2.536
1.264
4.316
1.492
0.352
0.884
5.848
3.256
9.984
1.388
2.048
0.752
9.884
2.9
0.704
3.312
0.836
3.172
5.252
1.84
1.092
1.668
0.94
4.228
1.26
0.204
4.792
2.592
1.144
1.0
2.648
1.468
0.832
4.08
0.744
0.496
2.78
0.252
0.768
0.2
8.472
0.364
3.072
7.892
1.424
0.552
3.812
0.284
0.432
3.888
4.324
1.548
0.3
5.908
0.448
2.684
0.2
3.248
2.396
2.008
0.32
5.916
1.692
6.968
0.64
0.368
1.356
3.244
4.704
0.492
1.852
2.004
4.004
3.116
3.28
1.024
1.636
0.576
1.444
1.916
0.856
1.612
0.912
0.816
9.28
6.196
0.284
0.512
1.428
5.04
0.8
0.604
1.528
0.204
2.24
4.332
4.876
0.812
0.552
0.476
2.652
0.904
2.012
3.968
3.192
1.192
2.156
0.844
1.96
0.368
0.296
1.292
0.868
1.376
0.612
4.42
0.7
0.368
0.256
4.744
0.724
0.324
0.424
1.116
0.892
0.76
0.788
2.212
2.26
0.452
5.116
0.668
2.744
4.192
3.3
1.396
5.496
0.98
1.0
1.38
1.836
4.196
0.496
0.828
0.348
3.184
2.24
0.544
4.48
0.312
10.784
0.272
4.46
10.78
2.104
1.468
1.336
2.18
0.512
4.28
1.164
0.608
0.672
0.556
1.204
2.364
1.344
0.472
3.952
1.316
1.788
0.664
5.124
0.212
1.936
0.196
2.428
0.52
5.472
8.62
1.716
0.632
0.276
1.42
0.2
0.544
0.192
1.184
1.568
8.444
0.192
2.76
0.4
1.56
3.124
0.38
1.44
1.2
2.148
2.584
3.024
4.652
6.056
1.252
6.188
0.856
2.412
1.836
0.392
0.7
0.652
1.772
0.656
5.088
1.792
1.52
2.668
0.792
0.408
2.952
0.352
5.156
0.22
3.176
0.972
0.348
1.332
2.128
4.46
1.18
0.724
0.312
2.112
1.632
4.728
1.22
0.464
3.184
1.616
7.52
0.372
2.404
1.324
0.384
1.276
4.608
0.32
2.176
0.636
3.188
1.076
3.156
0.256
0.544
5.776
5.936
2.34
1.228
2.024
0.588
3.644
6.26
2.276
0.496
2.416
0.776
0.948
2.632
6.792
0.656
0.428
0.508
0.452
0.5
4.42
2.556
2.728
4.836
0.544
1.464
5.404
0.808
0.532
1.792
3.54
1.212
5.388
1.02
1.108
2.084
9.748
5.96
0.748
1.192
0.904
4.136
2.908
0.532
3.268
1.004
0.412
0.82
1.128
0.252
0.756
1.74
5.112
0.824
0.828
0.412
0.436
1.632
0.576
2.408
0.588
0.436
3.28
0.4
1.404
0.788
1.412
0.348
0.604
4.836
0.572
0.664
0.476
0.52
0.776
2.004
0.8
0.66
0.276
2.312
2.276
3.884
0.204
0.204
0.4
2.04
0.776
1.14
3.888
1.464
1.1
0.772
1.624
0.228
2.736
0.564
4.076
6.988
3.384
1.032
2.944
0.412
1.772
0.568
3.488
2.748
0.772
1.82
5.636
0.916
1.656
6.028
0.848
0.256
0.904
2.168
4.496
0.556
0.7
0.32
6.988
3.1
0.472
10.62
0.38
2.596
1.336
8.264
1.476
0.696
0.484
2.484
0.88
2.724
3.648
9.556
2.72
3.368
1.028
0.436
2.584
0.204
0.904
1.532
1.816
4.156
3.764
0.808
7.804
1.332
2.94
2.188
0.86
3.444
4.624
0.456
0.824
3.62
1.068
0.9
0.776
0.92
0.364
9.192
0.72
0.568
2.084
0.492
1.62
0.368
6.652
0.4
0.34
0.656
0.272
7.424
3.624
5.364
2.324
0.384
4.784
1.948
1.244
1.876
8.768
3.076
1.584
0.476
1.556
1.78
9.728
0.484
0.392
0.216
2.664
0.268
7.98
0.584
0.328
8.656
5.172
3.488
1.436
4.012
5.216
2.92
0.892
3.544
5.564
1.608
6.564
0.892
0.996
3.26
1.028
2.148
4.22
2.524
0.204
4.048
0.616
0.308
2.028
1.048
1.596
4.948
1.2
1.54
2.0
2.04
0.204
7.644
0.816
2.024
0.38
4.356
0.52
8.868
5.996
3.088
1.104
1.924
2.88
0.816
0.5
0.408
0.672
4.38
7.984
0.288
1.316
0.304
2.208
2.344
0.5
0.836
7.844
2.384
3.428
1.024
4.168
2.4
1.332
1.976
1.116
2.984
6.64
5.292
0.8
3.848
0.612
3.968
0.284
2.012
0.204
2.98
0.636
10.896
1.464
0.48
2.268
1.704
0.356
1.804
2.784
0.88
2.916
0.232
0.44
9.212
0.604
0.308
0.728
4.556
4.192
1.32
5.156
1.096
4.104
3.008
2.58
0.496
3.72
1.508
1.784
0.704
0.22
0.264
4.132
4.452
5.224
1.34
0.996
2.008
3.568
0.52
0.344
2.012
2.508
5.904
0.76
1.82
2.224
4.264
0.208
3.856
0.26
2.288
5.776
10.208
0.496
0.912
6.82
3.636
0.744
0.66
0.748
0.72
0.896
1.676
0.244
5.784
2.036
0.6
1.02
8.0
0.204
1.1
1.548
0.904
0.728
0.44
3.004
1.856
0.236
0.888
2.98
0.624
0.748
5.448
4.348
0.536
6.144
3.6
0.4
0.828
0.976
2.408
5.096
1.604
0.292
2.756
2.512
1.088
0.264
4.452
10.372
9.78
0.688
2.8
3.62
2.344
3.464
0.4
1.468
1.208
3.272
0.872
0.932
4.428
0.884
3.42
0.268
2.356
0.24
1.668
0.808
0.508
1.284
5.624
0.656
1.904
1.808
0.516
0.928
0.712
3.144
10.728
1.3
0.916
0.644
4.48
10.04
6.768
0.352
3.676
3.04
2.64
2.796
6.572
1.956
1.34
0.272
0.82
1.824
0.652
0.636
0.88
0.644
0.62
1.516
0.64
2.18
1.26
2.144
0.612
0.256
0.912
10.42
0.86
3.928
2.068
7.156
1.268
2.248
6.86
5.756
7.556
0.848
1.96
1.824
1.092
1.128
0.212
0.352
1.068
2.448
1.672
3.004
1.884
0.324
0.208
1.596
3.724
0.212
4.184
0.448
1.856
4.784
0.768
1.24
0.916
0.664
3.848
0.272
2.568
3.72
5.296
0.496
0.6
0.644
0.704
2.784
1.036
2.296
0.344
1.72
3.748
2.12
0.632
0.904
3.464
0.232
1.26
0.428
6.324
1.156
2.252
3.6
0.8
2.18
0.268
4.216
2.684
1.036
5.804
0.516
8.448
0.888
2.248
1.496
1.112
1.528
5.144
0.24
1.276
5.788
0.36
0.548
1.78
0.64
4.032
0.3
0.948
2.492
1.868
1.116
5.096
0.768
1.272
2.096
2.128
1.396
4.368
0.428
3.476
3.448
0.244
0.248
1.844
0.832
1.996
0.42
2.632
2.236
0.94
1.944
0.38
0.68
2.232
0.46
0.892
2.032
1.376
3.436
0.82
3.852
1.544
0.548
1.74
0.868
2.312
5.772
6.352
10.012
0.648
0.724
0.344
1.552
3.5
5.104
0.82
0.752
1.152
0.264
0.96
1.584
0.38
2.192
3.14
1.3
1.076
10.4
3.356
0.208
8.504
3.396
0.204
1.072
3.312
3.24
0.764
2.004
5.944
1.268
2.796
1.02
6.348
0.848
1.568
0.872
0.384
0.336
2.876
1.128
2.4
10.38
1.244
1.0
7.72
2.864
0.456
0.724
0.608
4.432
0.36
2.124
3.996
1.464
4.312
1.752
1.364
0.224
0.212
6.108
7.636
6.916
1.52
1.88
0.828
0.968
0.596
4.736
0.62
0.732
0.416
0.424
2.508
2.12
3.332
0.612
2.164
0.536
3.768
2.152
1.876
0.996
0.4
1.548
0.784
0.556
0.48
1.48
1.66
6.728
0.264
8.392
0.832
0.212
0.952
0.528
0.824
2.368
1.188
7.772
0.984
7.328
1.596
1.236
1.176
3.06
1.632
2.06
3.528
0.54
2.544
0.912
1.928
3.992
0.832
0.212
1.244
0.884
0.408
3.244
0.992
0.312
6.432
1.304
1.94
1.772
0.736
0.308
1.908
0.272
0.204
0.664
0.72
5.728
2.208
2.112
1.992
0.548
8.744
1.88
0.688
8.356
1.892
1.128
0.576
1.464
2.296
2.148
0.764
0.544
5.36
2.156
2.744
0.46
1.9
1.668
0.668
2.016
0.324
1.2
0.796
0.92
1.58
2.76
0.356
1.08
0.788
10.22
5.98
0.308
0.796
0.632
0.388
0.7
0.528
0.82
0.924
0.26
0.384
3.784
8.852
0.76
0.96
3.116
3.348
1.376
0.696
1.528
2.416
0.712
1.272
1.416
3.24
0.252
1.58
1.276
3.816
2.956
0.38
0.6
1.74
0.348
3.688
0.788
5.372
1.328
0.472
6.096
0.648
0.828
0.2
7.676
4.356
1.132
2.416
8.408
1.364
6.884
0.276
4.048
0.392
0.78
4.756
0.244
2.336
1.492
2.068
0.712
0.712
1.608
4.348
4.368
0.948
1.624
3.316
0.52
0.368
2.996
2.78
3.58
0.372
0.204
1.316
0.46
1.036
3.104
0.336
0.372
0.44
0.256
0.348
4.124
3.268
3.28
4.552
0.3
0.8
0.308
0.672
5.556
0.236
3.788
0.232
6.236
0.976
11.044
3.616
0.348
6.412
1.256
4.908
1.92
0.192
2.632
0.268
0.42
0.976
1.588
1.064
1.6
8.34
0.604
3.336
1.16
3.96
0.716
0.44
0.572
6.152
2.356
1.488
0.52
0.392
1.396
7.612
5.48
3.44
8.056
4.244
1.064
0.784
1.632
2.084
0.348
2.08
0.624
0.452
2.684
4.504
1.216
1.068
2.004
4.028
2.408
1.232
0.668
0.272
1.172
4.552
0.42
3.98
0.932
3.488
1.132
1.048
1.004
1.152
2.18
0.796
1.964
0.432
1.512
1.252
3.736
4.456
4.02
1.664
1.6
0.212
0.556
5.04
0.224
0.208
1.028
4.94
0.46
3.148
2.292
0.924
0.896
3.104
1.644
1.08
1.276
1.004
0.716
0.544
1.416
1.064
0.272
3.292
3.244
4.004
0.664
0.208
1.756
0.936
2.36
3.3
3.664
3.336
0.752
7.932
0.656
2.184
1.38
1.068
0.276
2.56
1.764
1.328
1.512
0.52
3.88
0.44
0.396
0.976
0.636
1.372
5.32
2.248
0.648
0.548
1.276
1.172
0.376
2.244
6.036
2.168
4.028
1.304
3.212
3.156
0.536
2.74
0.696
1.072
4.264
4.104
2.592
0.628
0.352
0.204
9.084
3.284
5.884
0.232
0.212
4.98
0.272
2.3
3.332
1.144
3.408
4.624
8.908
9.624
0.74
0.792
0.52
0.968
2.276
0.664
0.204
0.432
4.156
1.004
4.624
0.208
1.46
7.4
1.676
4.82
2.384
2.648
2.412
3.208
2.592
2.648
0.792
7.268
0.24
2.08
0.276
0.604
2.848
0.372
0.48
1.968
1.764
1.768
0.78
9.528
2.104
0.724
3.604
0.912
3.616
2.552
5.224
0.416
9.344
2.22
2.52
0.252
2.852
0.452
2.724
3.184
1.1
1.86
0.62
0.492
0.832
1.188
1.228
0.54
1.128
3.644
4.864
1.768
1.528
3.308
1.112
10.696
2.088
7.36
8.44
1.424
7.496
0.788
10.968
0.7
1.192
5.116
7.052
2.008
0.352
1.668
0.368
3.22
4.38
3.46
1.916
0.192
0.228
3.288
4.436
2.608
2.72
6.292
0.692
1.236
0.624
0.652
0.992
2.58
0.368
0.388
4.54
0.208
1.72
2.848
0.268
0.932
0.212
1.276
0.276
3.424
2.156
2.772
0.572
0.328
5.244
4.452
7.376
0.3
0.936
0.204
0.276
0.4
0.816
5.5
0.216
5.892
1.968
3.248
0.236
4.224
1.244
1.62
0.224
5.82
1.712
1.92
2.2
0.74
0.276
6.736
2.104
4.452
0.804
5.396
0.556
1.128
0.82
0.62
4.956
0.936
6.436
0.56
7.356
0.576
2.892
0.26
0.344
1.52
8.38
1.204
0.62
1.128
0.448
0.22
1.072
0.496
0.896
0.352
5.844
1.316
0.516
0.252
0.264
0.472
0.324
0.608
0.452
0.956
3.368
0.98
1.224
6.804
2.004
1.848
0.58
0.332
3.444
0.524
3.564
0.232
0.396
0.828
1.084
7.14
1.904
0.5
1.088
2.924
2.308
1.384
9.66
0.728
0.796
0.436
0.252
2.228
2.572
4.556
0.52
0.468
3.88
0.548
4.396
0.836
0.492
0.38
0.924
0.376
3.696
0.292
6.82
2.872
4.92
0.68
2.264
0.676
0.344
0.596
1.332
4.072
10.656
0.328
2.128
3.432
0.268
2.264
4.088
0.4
6.612
1.2
1.972
2.396
7.16
1.192
1.6
0.216
7.368
0.568
0.636
6.804
2.456
0.976
3.152
0.676
0.476
1.992
3.596
1.532
1.284
1.176
0.616
0.716
1.184
1.36
2.696
0.552
1.896
1.028
0.552
4.156
3.04
0.204
7.664
1.94
1.472
0.26
2.316
2.82
2.436
0.556
0.208
6.42
0.588
2.656
4.304
3.12
1.224
1.876
4.988
0.328
0.912
1.988
1.248
0.704
0.236
0.308
0.492
3.66
1.928
0.212
3.028
0.2
3.064
1.016
3.772
0.412
4.352
1.624
5.44
1.048
3.316
0.644
0.288
3.3
0.224
2.476
0.376
1.048
0.592
0.84
3.372
0.388
1.684
1.656
2.932
3.804
0.204
1.196
1.424
1.652
6.184
1.052
3.256
2.92
0.356
6.964
2.144
0.592
0.292
0.304
5.648
1.472
2.944
2.048
0.976
1.656
10.62
3.988
1.516
1.332
1.7
0.236
0.7
2.116
10.056
0.492
0.304
2.628
2.62
0.32
0.252
1.956
4.068
1.14
0.328
0.308
3.072
1.96
5.624
3.596
2.768
1.028
7.456
1.888
9.568
0.384
0.796
0.76
0.992
0.644
2.04
4.408
1.212
1.94
0.244
1.316
0.252
0.308
1.096
9.172
0.248
2.816
0.52
7.984
0.208
1.176
0.568
0.936
0.572
2.78
0.692
0.984
1.12
1.808
0.768
0.896
1.508
4.364
2.012
0.592
1.404
5.8
2.14
0.208
1.736
7.736
0.54
1.444
0.596
0.728
4.124
0.988
1.88
0.288
3.184
1.08
2.56
2.284
7.94
1.248
7.292
2.244
1.744
0.568
0.368
4.88
1.552
0.96
1.504
5.136
0.796
2.708
0.348
2.368
2.612
0.26
2.776
1.104
0.632
2.872
0.192
4.2
2.292
6.416
2.548
1.176
3.48
2.896
0.324
0.92
1.424
0.224
2.584
2.392
3.688
0.852
1.6
0.744
1.864
0.336
1.22
0.872
1.784
0.268
0.604
0.296
2.124
0.596
1.216
3.344
4.312
2.524
3.52
4.26
5.996
1.848
1.768
0.204
2.984
1.548
0.308
1.808
0.372
4.656
0.368
1.06
9.604
0.416
1.66
1.444
2.032
2.528
2.456
0.536
2.812
1.2
2.112
0.796
0.572
2.928
0.312
0.696
6.332
0.392
3.16
1.348
2.452
0.464
3.164
0.356
0.224
3.868
4.608
1.28
2.196
4.744
1.956
0.568
4.048
0.22
3.36
0.24
0.204
1.92
5.56
0.38
3.192
2.284
0.6
1.624
0.34
1.2
2.752
5.436
3.352
2.396
1.728
3.68
6.932
5.988
0.34
8.872
2.96
0.372
0.412
0.9
0.384
2.972
3.156
2.42
3.464
1.112
3.568
0.984
2.58
2.824
3.864
2.752
0.528
0.632
1.568
1.744
2.272
9.868
3.328
4.884
2.636
0.696
1.9
1.7
2.964
0.192
1.216
3.392
0.988
6.412
3.636
0.508
0.592
5.0
0.916
4.624
0.836
4.68
0.212
0.94
2.644
2.532
1.132
0.288
0.788
5.34
1.644
0.504
0.236
1.728
5.224
1.284
3.952
8.92
0.356
3.348
0.256
0.452
2.492
3.432
1.812
1.62
0.428
1.36
1.264
0.364
1.108
1.732
0.688
1.624
0.596
2.392
2.476
0.408
0.42
0.304
0.252
3.168
0.488
2.516
0.232
0.264
0.872
3.924
3.108
2.588
0.208
2.144
1.364
1.904
0.944
2.468
0.228
1.156
1.308
0.204
1.296
1.72
1.036
0.34
4.208
4.58
0.204
2.528
1.016
0.664
1.132
0.82
9.54
2.304
2.04
0.448
3.208
0.388
1.108
3.036
1.06
1.516
0.968
4.5
0.896
0.732
2.556
3.132
4.4
1.684
1.076
0.564
1.152
0.96
1.472
3.656
1.792
0.756
2.156
3.488
1.08
1.604
0.2
0.468
3.592
0.832
3.376
1.568
1.372
2.252
0.46
3.46
3.364
0.852
1.652
4.26
0.404
0.588
0.612
10.532
0.84
0.432
0.652
1.472
2.552
0.336
5.744
0.528
0.652
0.58
1.564
3.788
7.532
3.224
4.18
6.256
5.376
0.9
0.328
2.152
0.26
10.344
1.456
2.604
7.02
2.388
4.94
0.552
0.796
3.196
0.364
0.256
0.852
0.52
1.008
0.376
8.268
2.076
1.344
0.436
7.212
1.328
1.104
1.204
0.932
0.88
0.988
1.612
0.204
0.3
1.908
0.256
0.492
0.868
0.948
1.06
0.628
1.1
0.564
0.2
1.488
1.288
2.3
0.5
1.576
4.704
1.508
0.44
0.2
1.008
3.2
0.532
0.212
0.564
0.74
0.756
9.764
1.352
3.492
0.668
0.312
0.688
4.684
4.788
1.704
5.112
7.376
1.312
4.448
5.264
0.22
0.308
6.584
1.956
0.74
0.808
0.912
4.456
1.82
0.316
3.668
2.216
7.448
4.908
0.692
0.756
1.18
1.484
2.616
0.988
0.816
0.772
2.532
0.22
0.748
0.72
0.364
4.624
1.216
6.06
0.74
0.228
2.704
1.032
0.376
0.304
0.204
0.464
0.74
6.588
4.324
0.432
1.632
4.196
2.864
2.204
0.964
2.244
0.572
1.236
3.212
2.204
2.06
0.588
8.728
2.684
4.128
0.524
5.324
2.048
3.348
10.236
2.06
1.42
1.12
0.436
0.92
1.948
1.04
4.524
2.764
1.128
2.06
0.448
1.988
0.724
9.968
1.744
0.264
3.472
0.208
2.764
0.48
0.452
4.324
0.776
3.288
0.944
0.236
0.436
1.784
0.52
0.78
1.108
7.852
2.972
0.912
10.22
5.72
1.184
3.376
7.144
6.936
3.296
0.716
3.216
4.504
0.276
10.332
1.284
0.536
2.532
0.276
0.84
0.504
1.544
3.828
0.728
4.556
0.7
9.784
0.48
0.408
1.424
1.744
5.364
0.488
7.236
0.24
2.412
0.564
0.436
1.132
2.152
1.912
0.204
0.416
2.14
0.536
5.684
4.192
0.556
0.26
1.548
0.584
0.32
8.596
4.452
0.224
0.9
0.548
1.42
0.612
0.264
0.26
1.34
1.224
1.668
3.852
0.812
0.312
0.208
1.224
0.264
2.84
0.248
0.64
0.22
3.176
1.944
1.996
2.904
2.64
0.308
2.928
0.388
1.192
0.916
1.688
2.916
2.268
3.432
0.22
1.056
1.452
2.016
6.344
0.88
0.504
0.412
0.964
1.748
2.02
9.112
2.512
3.468
1.256
6.472
1.36
1.168
1.52
1.664
1.576
0.88
1.816
0.644
6.252
0.52
3.652
6.024
2.628
3.372
1.096
0.552
1.084
0.72
4.888
3.82
0.252
1.728
2.296
1.924
2.488
2.836
2.868
1.112
3.796
1.064
2.432
0.22
0.6
1.324
0.556
0.784
0.292
2.524
1.804
1.18
2.612
9.192
1.536
0.336
3.296
6.064
0.724
0.964
2.964
1.012
9.144
1.552
3.444
1.46
2.892
5.6
3.268
0.612
0.964
3.348
0.772
1.652
1.06
0.604
0.32
4.116
1.608
0.236
3.12
0.832
2.7
3.264
0.52
0.58
1.152
0.828
2.908
1.2
0.204
10.692
3.244
1.42
0.936
1.652
0.308
1.252
0.272
0.264
2.424
0.648
2.584
0.652
3.056
1.044
0.56
2.696
8.268
2.104
0.716
0.204
1.744
1.784
0.196
8.248
3.744
0.44
8.916
2.092
0.712
6.084
5.1
0.648
0.652
1.748
1.22
3.124
3.24
6.528
2.58
0.364
3.396
0.56
1.616
2.096
8.352
9.176
3.18
1.924
0.208
2.576
6.396
1.244
0.2
2.328
1.508
2.204
10.216
0.948
4.196
2.924
2.128
1.628
3.904
3.22
3.14
1.692
1.392
1.16
1.288
2.892
2.088
2.256
0.556
9.104
0.632
1.916
0.536
0.572
0.216
9.812
4.064
1.076
0.664
6.024
2.016
5.188
3.208
0.308
1.768
6.644
0.66
1.292
0.88
0.296
8.272
0.412
4.664
1.4
4.048
0.856
0.872
1.504
0.296
0.316
4.536
0.488
0.26
1.3
1.648
1.424
3.532
2.932
3.044
0.92
0.268
1.132
3.548
3.004
0.46
0.832
1.66
7.884
1.148
1.448
4.148
0.792
0.688
2.228
0.36
2.116
2.404
0.356
2.64
2.744
2.704
1.476
2.052
1.016
5.052
0.864
2.264
0.492
0.32
0.34
4.892
1.304
4.024
1.444
5.708
3.892
1.204
1.056
5.38
0.748
2.392
0.26
1.532
0.4
1.128
10.2
0.672
2.936
0.74
1.708
1.88
0.26
0.332
5.096
3.58
0.928
1.036
9.88
4.124
9.748
0.564
2.576
1.348
1.268
0.416
0.508
0.752
4.012
0.248
2.004
2.408
1.3
0.44
1.624
0.504
2.608
1.148
9.02
2.284
4.136
0.86
5.632
1.176
4.672
1.84
0.764
0.208
6.784
3.476
3.284
1.488
0.384
2.78
3.352
3.06
2.144
4.5
0.608
0.752
1.832
7.656
0.32
3.504
1.752
1.24
2.996
1.072
1.532
0.4
1.412
0.328
0.412
2.284
3.22
0.552
1.232
3.336
9.852
0.376
2.624
2.52
4.78
0.704
0.868
0.264
0.56
1.084
0.748
2.044
0.644
0.348
1.3
1.568
1.264
1.072
5.152
1.66
10.88
0.416
1.968
1.604
1.764
2.556
1.632
2.616
1.864
0.492
3.428
4.388
0.292
4.136
8.736
0.26
0.964
1.936
0.5
0.456
0.712
0.628
5.152
2.74
9.048
0.712
0.352
0.284
0.36
1.032
0.712
1.236
5.208
5.976
3.908
0.596
10.956
1.612
2.688
0.728
4.152
8.932
2.212
0.304
2.692
1.564
0.728
0.432
0.304
0.396
7.888
0.856
4.936
0.396
4.896
2.176
0.972
0.432
1.292
2.844
0.796
0.816
0.704
0.836
1.576
0.408
7.808
0.572
0.464
2.228
3.212
3.488
3.916
3.092
1.16
1.552
10.36
2.692
2.688
2.46
1.628
0.996
0.932
8.72
1.7
1.476
0.976
7.22
8.088
2.044
1.644
1.34
1.724
3.792
0.376
0.288
1.272
0.376
0.24
0.4
2.34
1.612
1.904
1.752
0.192
10.764
6.032
1.636
3.004
0.604
0.992
2.852
0.796
1.792
0.388
5.504
5.724
1.516
0.284
3.932
0.244
0.256
4.168
3.864
0.996
1.36
1.152
0.32
2.556
0.948
2.544
0.52
2.016
1.556
2.9
2.86
0.528
0.52
0.744
3.344
1.372
0.296
4.0
1.452
2.132
0.78
2.94
0.836
4.768
0.284
2.888
2.82
0.836
6.876
0.888
4.04
7.712
4.976
2.416
5.004
1.04
0.248
1.288
0.308
1.32
2.868
1.58
0.204
1.028
3.408
0.352
1.12
1.344
2.26
3.96
0.336
1.02
7.032
3.712
2.412
6.872
0.384
0.964
0.94
1.968
1.676
0.792
0.568
6.656
0.536
2.688
5.388
0.552
0.744
0.54
0.788
0.784
0.304
1.4
0.204
4.052
0.72
1.268
0.532
0.512
3.684
4.2
1.164
3.952
0.344
3.896
1.624
2.356
0.232
0.2
0.204
0.236
3.924
3.22
5.736
1.612
7.068
10.872
1.58
1.44
4.496
1.264
6.824
0.32
1.324
0.212
2.244
0.952
1.62
0.3
2.728
3.6
3.568
1.408
0.308
2.072
0.872
3.448
0.504
3.684
2.576
9.864
6.952
0.304
2.088
0.344
2.264
0.484
2.632
3.084
7.996
1.376
0.236
2.076
0.496
2.68
0.48
4.452
1.252
0.596
0.232
1.644
4.532
1.968
1.116
0.236
7.064
5.304
3.684
0.756
3.484
0.24
2.424
9.164
3.876
3.416
9.544
5.952
0.652
9.284
5.644
3.368
0.336
1.512
0.32
0.708
0.656
1.832
2.576
0.468
8.348
2.38
0.496
9.94
0.208
1.58
1.544
0.948
0.384
1.844
0.996
1.784
2.12
4.54
1.98
2.244
0.376
3.104
0.82
0.716
0.404
2.272
2.204
3.328
1.376
1.98
0.828
2.432
0.868
0.348
5.924
0.372
0.42
2.012
0.248
0.528
0.396
0.864
1.72
8.436
1.28
0.32
1.2
0.656
0.696
1.66
1.448
0.588
1.448
1.248
0.672
0.38
2.672
2.576
0.28
0.668
7.972
1.192
0.72
1.152
1.16
1.076
1.34
0.288
1.06
0.568
0.62
0.304
0.324
0.436
0.204
0.332
1.712
1.208
0.52
9.768
0.8
4.204
2.88
4.14
0.212
0.892
3.168
1.692
0.448
0.528
0.572
0.488
5.016
2.532
1.364
0.652
4.516
1.972
4.016
0.976
0.316
1.432
4.012
1.996
4.34
4.832
2.408
5.132
0.272
5.132
0.22
2.52
3.032
0.512
2.364
9.88
4.32
2.696
6.532
0.42
6.196
0.352
0.416
3.428
8.22
3.92
1.048
1.296
1.588
0.504
0.74
0.616
0.436
0.98
0.272
0.284
0.46
0.328
6.856
0.744
2.792
1.22
1.132
1.916
2.364
1.58
7.808
0.784
3.484
3.38
6.948
2.836
1.1
4.92
1.788
1.1
0.212
0.312
2.292
1.484
0.468
0.52
6.472
1.324
0.52
0.508
1.836
3.436
1.656
0.952
0.376
2.872
0.664
2.596
0.872
0.752
2.916
0.44
0.304
10.116
10.696
3.856
8.812
1.868
1.98
0.904
0.776
0.908
2.944
2.448
1.452
6.216
2.82
0.636
2.06
5.132
0.236
5.36
0.552
2.016
0.788
1.06
5.544
1.216
5.096
10.48
0.456
9.348
0.464
1.648
1.492
0.664
9.436
0.292
0.372
0.648
2.596
0.98
0.588
3.74
5.42
4.796
7.888
2.704
1.42
0.996
4.408
0.32
3.928
0.208
5.74
3.392
3.844
0.224
1.312
0.68
1.188
0.44
0.536
8.04
1.152
0.432
2.644
1.484
0.3
0.308
3.512
4.688
9.912
1.128
4.436
7.336
0.952
0.42
0.776
0.332
2.064
0.744
1.2
1.2
0.404
1.776
0.864
0.664
0.236
0.376
3.056
0.696
3.208
2.896
1.82
5.632
1.552
1.676
0.352
1.264
0.812
2.744
1.372
0.404
1.296
0.38
9.504
0.748
4.46
0.444
0.744
0.3
0.196
4.92
0.604
2.972
8.764
1.604
2.456
0.628
1.544
0.952
1.488
4.536
7.688
0.984
0.948
0.404
0.88
7.064
4.852
3.876
3.36
0.508
1.164
5.68
0.204
1.672
2.116
0.88
2.248
1.2
3.78
0.336
0.348
3.28
0.8
1.152
10.18
2.364
1.796
0.208
1.54
0.404
0.552
5.668
5.556
1.496
5.912
7.764
1.068
2.02
7.728
3.812
0.324
0.788
0.284
4.28
0.44
1.696
0.476
0.28
0.904
1.456
2.916
1.96
0.944
1.588
3.344
6.984
5.536
3.168
0.968
1.352
0.64
1.736
0.944
1.624
1.148
8.016
0.212
4.724
1.64
0.576
1.408
3.928
9.74
0.732
4.4
2.504
3.432
2.312
2.452
1.28
6.712
2.628
7.776
2.356
1.956
0.508
1.016
0.536
6.092
2.832
7.584
0.444
3.684
0.332
1.304
0.968
2.048
0.648
1.244
2.712
0.912
1.808
4.728
2.296
0.332
2.188
0.376
2.64
0.868
0.52
0.98
3.376
1.036
1.996
0.688
0.484
1.04
1.66
0.788
0.776
3.364
1.468
1.524
2.544
0.932
0.404
1.812
0.728
2.068
0.472
0.936
1.08
3.776
1.612
0.244
0.632
0.568
1.084
3.568
0.712
0.472
2.832
0.192
3.04
5.008
0.676
1.316
6.64
1.644
0.316
5.84
0.576
0.408
0.708
10.568
2.716
5.324
0.352
2.484
3.82
0.392
0.204
3.076
0.88
3.5
6.0
3.136
1.336
1.504
3.212
0.68
0.28
1.648
0.776
1.052
0.44
1.248
0.564
2.024
3.9
0.68
1.656
0.856
6.776
8.276
0.808
0.488
4.068
2.64
4.12
2.228
0.236
0.216
0.804
1.076
3.44
0.584
7.568
2.78
2.268
0.82
9.76
0.52
10.364
3.308
1.152
5.98
1.908
0.684
1.38
1.244
0.26
1.368
2.816
1.504
6.848
1.32
0.624
7.912
2.552
2.032
1.164
1.728
0.448
3.876
0.34
8.5
7.052
0.428
2.9
0.976
1.516
2.464
0.872
4.02
2.412
2.036
0.904
1.156
0.564
2.008
0.496
1.396
5.764
0.68
0.748
0.236
2.388
0.54
1.196
1.148
1.436
0.98
1.368
1.168
1.328
4.408
1.168
1.352
5.18
3.016
5.172
0.756
0.852
4.528
2.288
0.656
0.944
0.872
5.272
9.004
1.296
3.728
3.312
0.98
0.456
4.408
5.888
2.82
0.428
4.116
6.76
1.84
0.596
1.052
2.684
0.376
4.276
5.512
0.728
0.348
2.496
0.352
0.204
0.432
0.756
2.088
0.892
0.572
3.864
0.272
9.364
4.588
2.436
3.364
0.756
1.064
9.596
0.532
3.84
2.06
1.34
3.036
2.248
2.412
0.644
0.324
0.272
5.3
0.976
1.032
1.464
0.756
0.224
0.72
3.656
3.544
0.856
0.528
0.212
0.404
0.84
0.212
0.348
1.224
1.472
1.46
1.344
1.76
1.224
3.068
0.956
3.68
10.832
5.968
0.816
2.712
6.356
2.576
2.176
1.192
0.256
2.18
0.844
4.096
0.608
1.744
5.316
2.048
0.768
2.812
0.664
3.124
1.296
0.728
1.076
7.316
0.796
0.264
3.74
2.776
0.228
1.104
1.696
0.8
0.296
2.212
0.728
0.332
1.224
2.404
0.24
0.868
5.26
4.24
1.848
2.116
7.184
2.268
5.796
1.24
0.696
1.384
0.528
0.596
0.776
0.308
0.868
1.652
0.536
1.188
1.348
3.152
0.668
4.24
0.26
0.24
0.848
0.844
0.664
3.128
0.412
2.156
2.772
0.208
0.58
2.156
2.16
0.54
0.196
3.9
0.836
5.056
0.276
4.612
3.072
1.368
1.724
3.868
8.044
0.476
7.368
5.64
0.528
0.924
1.336
0.616
0.832
0.34
1.492
7.48
7.272
0.272
0.664
0.888
0.62
9.432
1.824
0.764
2.572
0.944
2.188
0.396
4.776
3.124
2.644
3.056
1.26
0.26
0.996
0.74
2.72
0.94
7.044
0.888
4.052
0.78
1.884
0.748
0.196
1.012
2.468
0.264
1.7
0.208
2.972
1.068
0.556
1.828
1.248
0.448
0.912
4.76
3.844
1.004
10.536
2.604
2.12
8.408
1.112
4.98
5.852
1.912
1.04
3.604
8.852
3.976
0.628
0.208
0.64
1.476
0.912
1.332
1.728
2.22
0.708
0.364
0.78
1.656
4.752
1.8
0.432
0.812
4.968
1.24
0.564
0.68
4.332
0.888
1.88
0.988
0.724
1.732
0.712
1.112
3.768
1.492
0.424
1.384
0.652
2.812
1.604
3.156
2.72
1.812
2.144
0.612
0.304
5.744
4.968
6.964
5.756
2.048
0.732
5.816
1.736
2.74
1.092
4.22
0.204
1.864
10.32
4.18
1.184
0.62
0.968
0.888
2.236
0.984
3.216
1.376
1.124
2.704
3.436
1.464
3.628
3.796
3.86
0.34
2.82
0.784
3.9
1.508
0.612
1.672
7.412
1.088
0.272
0.236
0.204
0.98
1.328
2.404
1.032
2.528
2.708
5.652
1.016
4.292
2.016
0.224
1.548
1.648
0.732
1.44
0.812
1.42
1.532
2.588
3.76
9.072
6.74
3.444
1.828
4.396
1.104
4.264
0.316
2.256
4.784
2.492
1.132
2.952
0.56
0.448
3.368
2.048
0.4
2.884
5.324
0.2
3.188
0.244
1.072
2.624
2.012
2.544
1.48
4.392
0.408
4.076
0.74
1.996
3.112
9.204
0.424
3.36
1.468
0.224
0.304
2.028
0.208
2.688
3.14
0.272
0.204
1.78
1.796
8.14
9.192
0.676
2.656
1.076
4.44
1.172
0.304
1.6
1.488
1.216
5.656
0.228
1.172
2.744
4.204
0.724
1.616
2.576
3.696
5.096
0.54
0.728
3.064
2.532
0.28
0.468
0.656
2.704
0.24
0.216
1.232
0.868
1.18
0.324
10.956
0.54
0.876
3.76
0.24
0.308
0.58
0.364
1.172
0.56
0.336
3.264
0.74
2.36
2.164
1.36
0.872
0.524
1.916
1.372
0.532
1.156
0.628
3.4
7.964
6.192
0.236
0.42
0.852
1.428
0.472
4.02
5.848
5.572
0.52
4.064
7.068
1.92
1.844
1.16
4.228
3.412
4.644
1.86
7.128
1.672
0.292
0.276
1.036
3.22
6.216
0.32
2.6
3.916
1.772
4.616
1.148
1.9
4.796
0.792
6.576
5.252
0.58
1.06
0.248
2.648
7.388
2.216
3.532
9.968
2.164
1.192
0.944
1.944
3.508
0.832
3.612
1.628
3.796
1.668
1.128
1.336
0.496
0.832
3.264
5.02
0.192
0.672
4.172
0.244
0.296
1.152
0.28
0.628
1.648
3.34
4.936
1.656
1.164
1.56
1.212
0.6
3.98
5.74
6.052
1.484
8.472
1.596
4.124
2.28
0.412
5.468
3.952
3.012
3.888
2.612
2.816
0.62
1.792
0.592
0.844
0.264
4.924
0.316
0.504
7.536
4.22
0.392
1.372
2.992
0.596
2.304
1.328
0.232
0.74
1.252
3.204
0.272
3.632
3.256
5.792
0.592
1.28
3.764
0.54
4.372
3.44
7.2
0.848
1.696
4.268
5.668
7.008
0.396
4.336
0.432
3.776
7.192
1.712
7.36
0.5
1.324
0.224
0.908
7.872
7.004
1.148
0.348
2.508
10.448
1.556
2.288
4.876
1.256
2.404
0.252
7.668
0.216
1.652
3.268
6.46
1.804
9.304
0.272
0.764
3.28
2.312
0.236
0.24
3.5
7.016
1.072
0.492
2.26
3.064
0.94
3.868
6.4
2.66
0.872
7.74
1.06
1.436
3.504
8.4
0.66
5.328
1.864
2.532
2.952
0.368
7.976
0.784
0.784
0.64
2.22
9.688
1.824
1.6
1.012
0.564
2.288
1.032
2.392
4.364
3.572
1.7
1.8
0.932
1.016
0.692
1.716
0.556
1.7
1.196
5.22
6.912
1.12
0.36
2.06
0.38
6.524
4.668
5.684
3.332
0.78
3.948
0.58
2.264
2.692
1.236
1.28
0.204
3.704
0.852
0.648
4.736
1.576
1.356
1.016
0.376
2.636
6.204
0.508
4.18
0.388
0.676
2.688
1.016
1.052
0.944
7.928
7.06
0.252
4.812
0.408
4.856
1.428
0.448
2.456
0.688
0.772
1.176
0.94
2.9
0.832
2.86
5.684
0.344
0.232
3.512
0.372
2.548
0.776
1.092
1.684
0.224
5.172
3.34
1.32
1.624
1.308
0.356
1.956
0.384
1.896
1.196
0.368
1.38
2.776
0.9
0.312
5.684
0.52
4.108
1.3
0.256
3.176
2.04
0.48
7.816
1.548
2.036
0.74
6.26
0.748
0.272
2.592
4.888
1.428
0.864
1.136
2.908
0.32
2.928
4.048
7.092
3.892
3.412
2.26
3.032
0.888
2.708
1.188
0.204
0.836
3.204
2.316
1.336
2.084
0.72
1.572
1.108
9.436
1.304
1.016
0.436
0.452
7.804
4.76
2.784
0.864
2.56
3.444
2.124
5.148
0.616
0.32
0.544
6.672
4.132
1.08
7.076
2.308
1.632
1.2
0.8
0.4
4.052
4.784
1.32
1.576
1.444
1.22
0.22
2.316
0.52
2.424
2.884
0.46
0.252
6.924
2.184
2.148
2.216
2.468
3.36
1.376
0.332
1.28
0.204
0.504
3.052
0.576
3.528
1.164
3.916
7.168
1.716
0.524
4.864
1.056
0.852
0.532
0.952
1.92
1.844
10.936
5.952
4.204
5.236
5.956
2.676
4.776
1.712
0.256
3.736
0.748
1.268
1.184
2.084
0.876
2.824
0.196
3.052
5.22
0.304
4.204
0.38
0.224
0.74
1.316
3.268
0.216
1.124
5.052
0.244
4.864
2.632
1.304
0.896
3.3
8.992
1.26
6.208
5.288
3.64
7.268
0.764
1.94
1.624
4.432
2.384
1.028
10.308
0.368
6.384
0.292
1.444
3.976
2.076
2.36
1.992
1.316
0.844
1.604
0.232
1.24
3.78
0.548
0.764
2.32
1.268
0.316
3.168
1.12
0.7
1.156
0.204
4.404
2.012
7.74
0.872
4.66
2.628
0.66
1.92
0.404
1.292
5.588
1.58
1.38
4.64
0.26
0.888
0.568
1.08
1.664
0.284
1.744
0.376
2.084
0.872
1.512
0.62
8.68
0.992
0.276
3.46
2.528
0.728
10.732
8.672
0.2
0.428
1.932
1.1
0.248
0.232
9.528
0.244
0.352
1.844
0.244
0.26
0.396
1.052
1.52
6.6
1.676
5.396
3.704
2.872
0.624
4.72
0.376
0.204
2.176
2.86
3.468
1.544
0.756
0.368
1.564
2.332
4.648
0.324
0.36
0.792
1.96
4.252
3.652
6.012
0.664
8.86
4.796
0.208
0.2
2.616
4.084
2.172
0.3
7.784
0.784
2.536
0.528
3.932
1.316
5.452
3.808
0.4
1.452
2.312
0.196
0.576
5.216
4.064
1.5
0.904
1.492
3.48
3.572
0.432
1.016
1.492
0.2
2.892
5.492
1.312
2.104
3.584
0.364
1.104
0.748
4.7
2.228
0.32
1.22
0.404
0.544
0.584
1.788
4.04
1.396
2.94
1.296
3.104
1.584
7.624
0.228
0.812
3.8
0.676
0.216
3.72
1.892
0.936
1.132
0.624
0.76
2.34
0.912
0.196
1.292
0.596
6.524
0.752
0.604
7.216
1.64
1.504
3.696
0.236
0.5
1.496
3.388
0.836
1.972
0.956
0.248
0.96
2.12
2.976
0.7
2.036
8.688
0.772
0.696
2.144
0.612
1.48
0.324
0.672
1.124
0.896
0.368
1.236
2.036
0.74
0.216
2.444
9.46
1.756
2.208
1.54
5.548
1.064
0.876
6.836
0.404
1.78
4.564
2.404
4.576
0.328
0.512
0.208
5.272
2.496
6.488
0.6
0.872
1.84
1.652
0.656
1.4
0.956
1.968
1.384
0.944
1.724
3.392
0.88
5.164
0.276
2.12
0.64
4.816
0.28
1.064
1.412
0.26
1.532
4.712
1.664
1.208
0.24
1.324
1.984
1.396
1.4
4.872
2.688
9.352
1.688
0.516
1.2
0.7
7.2
1.02
0.296
0.476
1.256
3.82
8.448
0.54
0.38
0.652
3.068
1.668
0.296
1.136
1.784
0.392
3.432
1.0
1.06
3.244
0.916
0.3
1.248
7.68
2.144
0.452
0.484
2.624
1.276
0.88
5.408
2.224
5.048
2.048
1.064
3.512
3.516
4.148
5.556
7.844
7.996
1.2
0.204
2.04
0.54
4.688
1.624
0.796
1.872
1.36
1.96
0.74
7.496
7.216
2.376
3.26
1.368
1.468
5.06
2.12
6.212
7.604
4.728
2.556
3.484
10.348
0.324
1.284
0.576
0.632
1.044
5.644
0.668
1.312
2.752
0.804
3.268
0.936
2.996
9.976
8.448
0.904
0.564
0.208
5.64
1.7
0.68
7.096
2.304
1.284
5.912
0.284
0.216
1.7
0.352
0.864
1.596
0.444
0.572
1.348
2.96
4.98
1.748
0.416
0.516
3.808
2.68
1.132
1.964
1.92
1.492
9.268
4.796
2.84
3.432
6.672
2.552
1.66
0.324
9.44
0.216
1.408
5.944
1.028
3.02
4.252
2.672
3.5
0.648
0.888
0.448
1.724
10.808
1.476
0.208
1.136
3.804
1.616
1.42
3.844
0.32
1.18
1.64
9.228
0.472
1.188
1.084
1.196
5.136
1.112
2.9
5.88
1.316
3.676
1.432
3.976
2.204
0.452
0.38
0.224
1.008
1.288
4.448
0.34
1.864
0.22
5.092
0.24
2.216
6.196
2.484
1.536
9.772
3.276
1.372
1.22
0.408
0.2
1.74
4.904
1.708
1.556
2.272
0.488
0.26
2.192
5.504
2.372
1.524
0.5
2.16
1.024
0.756
2.744
1.336
0.208
10.176
6.148
2.072
2.08
0.536
1.072
2.768
0.208
6.284
3.508
0.216
0.596
4.644
1.84
0.912
3.024
0.876
2.76
0.572
0.668
0.296
1.948
3.74
2.6
0.256
6.46
0.848
0.98
0.508
1.256
5.872
1.12
0.92
1.816
10.476
1.584
1.128
0.204
1.128
1.212
1.392
0.248
1.076
0.64
8.012
0.368
1.908
0.288
0.652
0.42
7.54
0.436
0.516
0.376
0.472
0.524
0.884
0.76
0.424
2.82
5.752
2.032
0.38
1.98
4.048
3.392
1.076
2.672
0.268
1.132
0.452
1.344
0.392
0.276
3.336
0.212
2.384
5.476
0.636
0.348
1.472
1.268
0.792
0.852
4.416
2.26
0.408
0.552
3.36
2.212
0.78
0.212
2.816
2.292
0.468
0.708
2.148
2.256
1.32
0.58
0.608
1.024
0.236
1.232
1.864
3.728
0.348
0.272
0.208
0.26
8.612
0.544
3.1
0.744
3.512
0.32
0.396
0.596
1.944
0.504
1.14
0.824
0.412
2.584
2.252
2.404
3.888
1.196
0.768
2.088
0.212
0.448
1.076
1.244
3.752
2.116
1.216
3.76
0.452
0.916
9.12
0.792
0.488
6.524
0.612
4.452
6.82
2.92
8.144
2.528
0.204
0.252
3.524
3.24
0.488
4.4
0.216
1.024
1.54
1.824
0.256
1.176
7.992
3.636
1.064
1.264
0.892
1.016
1.024
1.612
1.588
4.188
1.396
0.448
3.344
0.204
6.928
2.448
1.428
0.46
8.08
1.216
0.204
5.72
0.732
0.92
3.188
1.04
1.16
0.208
2.14
0.412
0.912
3.92
0.88
2.468
1.468
3.192
2.476
2.488
1.344
8.352
0.352
4.248
1.524
0.476
0.396
1.976
1.82
2.476
1.592
3.732
1.032
1.192
0.316
1.472
1.472
0.892
0.244
0.316
3.356
3.58
2.964
1.18
10.832
3.244
4.1
1.064
0.704
3.94
1.176
7.424
0.664
3.756
9.312
1.736
7.996
1.652
0.616
0.968
0.3
3.868
1.18
0.26
0.432
1.204
0.212
1.968
2.072
2.344
0.356
0.304
5.368
2.716
0.788
0.8
0.58
3.244
3.548
6.724
0.584
6.172
1.2
1.588
0.68
5.632
0.372
0.616
0.576
7.716
0.232
5.36
0.332
0.44
2.552
1.54
6.144
2.128
1.452
1.848
4.948
6.312
2.572
1.396
3.948
0.392
2.872
0.216
0.612
1.748
2.392
1.556
0.732
3.012
0.6
0.204
0.612
1.82
1.92
0.66
6.38
2.132
6.336
0.548
6.044
2.668
3.92
2.24
3.052
0.78
2.104
3.528
0.792
9.956
5.688
1.436
2.9
2.332
2.876
0.656
2.464
4.276
2.444
2.128
1.152
7.408
4.028
1.34
0.696
1.204
0.9
2.928
0.504
0.328
0.268
2.08
0.284
1.628
0.376
1.136
2.172
4.604
1.228
0.736
0.32
1.984
1.536
1.56
1.136
0.56
4.24
2.076
6.512
0.396
3.152
0.248
1.928
0.236
7.92
0.672
1.644
6.236
1.488
1.12
2.68
0.908
0.932
3.948
7.696
1.584
1.504
1.908
1.656
2.696
6.34
0.244
0.46
0.52
0.964
2.408
0.34
1.52
2.348
4.392
3.8
1.024
3.332
5.232
1.612
1.844
4.172
1.556
6.656
1.568
2.652
1.132
0.248
0.568
3.504
0.792
6.98
0.192
2.216
7.412
7.504
1.2
0.816
0.704
1.92
1.016
0.548
2.732
1.064
3.428
1.592
1.104
0.344
0.648
0.836
7.212
6.804
4.552
0.296
0.98
1.692
0.628
2.312
1.528
0.948
1.236
0.548
2.756
0.576
1.296
0.808
2.308
0.588
0.432
1.128
2.576
0.356
5.752
3.48
1.904
0.364
1.236
2.508
4.796
0.452
1.796
2.576
3.86
1.38
3.192
3.08
0.592
1.016
4.284
2.436
1.1
0.94
0.44
1.46
4.536
7.292
0.292
1.268
2.744
1.22
1.56
3.04
0.204
9.02
3.228
6.572
0.212
1.552
3.608
1.66
6.132
3.6
0.588
2.02
0.744
2.116
6.152
0.44
3.156
1.008
0.232
10.56
2.312
3.928
7.6
1.388
0.256
4.88
0.324
0.584
0.28
1.396
0.72
0.38
0.236
2.904
3.576
1.188
1.344
2.272
0.528
0.896
0.3
1.676
4.768
3.528
0.212
1.532
2.664
0.684
5.432
0.876
3.224
1.476
0.824
1.256
0.308
0.616
0.692
3.732
0.264
2.724
1.536
2.672
6.24
0.692
2.06
3.024
0.808
0.504
0.276
4.468
1.264
1.208
0.26
0.216
0.384
1.7
4.436
1.088
0.836
0.6
1.932
7.16
0.392
4.896
3.416
4.908
0.28
4.996
0.648
5.928
1.292
1.104
1.624
0.26
1.592
4.404
2.32
0.256
2.12
0.308
1.14
1.052
0.292
0.528
0.336
0.936
0.668
0.396
2.38
0.832
0.948
1.028
1.608
0.452
0.808
7.648
2.196
0.728
8.156
0.52
2.688
0.336
2.004
8.212
9.048
3.056
0.356
0.428
0.456
0.688
0.268
1.76
2.608
6.272
1.464
2.316
0.236
2.492
1.248
5.392
1.06
8.316
2.76
0.204
0.408
1.564
1.74
1.952
0.204
6.284
2.204
0.572
0.576
0.628
0.388
0.664
0.836
1.216
2.168
1.276
3.32
3.848
2.008
3.76
2.736
2.9
2.964
2.176
2.736
4.1
0.812
0.676
0.896
2.756
1.736
4.064
0.652
2.724
1.472
2.608
4.676
2.44
0.596
4.0
0.484
0.204
6.712
7.348
6.004
1.192
3.756
2.216
1.628
3.396
0.96
0.456
0.752
0.912
1.464
2.892
3.308
3.692
9.04
2.704
0.968
0.796
0.684
1.092
0.748
0.24
2.268
2.916
0.516
3.48
0.264
2.904
1.464
1.696
1.964
1.3
0.672
1.176
0.924
0.368
0.956
0.552
2.768
0.96
1.04
2.86
3.148
1.74
1.04
2.18
0.268
3.68
1.488
0.576
8.812
0.976
1.312
1.024
5.232
2.236
0.264
2.032
3.552
0.228
3.412
3.96
3.48
1.4
1.944
2.988
1.524
1.464
0.94
0.592
0.976
2.472
6.548
0.74
2.476
1.848
1.048
3.976
2.224
8.736
0.292
4.64
2.116
2.076
3.232
1.728
0.9
1.168
0.988
0.244
4.22
3.148
2.24
1.784
1.688
0.68
1.92
3.212
4.524
11.0
1.472
0.392
3.844
4.656
0.516
0.832
2.252
0.928
1.18
1.468
0.572
0.396
2.024
0.276
3.724
1.296
2.648
1.232
0.32
3.816
4.088
3.308
7.092
6.588
1.584
0.272
0.532
0.784
0.28
1.176
1.568
1.876
3.24
10.54
0.44
0.28
10.14
1.116
0.996
3.328
9.848
1.1
6.816
0.996
2.272
2.092
9.88
3.292
1.26
0.892
2.992
2.444
4.78
1.728
4.516
0.84
0.352
1.204
0.452
0.348
0.76
4.456
1.384
4.696
1.436
1.1
1.76
1.108
2.648
9.38
10.28
1.344
7.44
0.388
5.184
0.588
8.876
0.616
4.856
3.068
10.8
4.476
0.392
2.64
1.428
1.768
1.44
3.964
0.668
0.484
1.744
1.444
1.436
1.82
2.512
0.884
0.708
1.168
10.104
6.308
3.7
2.184
1.268
8.024
1.292
1.348
1.464
0.68
1.884
4.38
8.24
1.268
5.964
0.28
1.32
0.376
9.408
0.744
0.772
1.436
3.212
6.008
0.864
1.092
3.492
4.536
1.712
1.724
2.876
0.74
1.776
0.388
1.324
1.032
1.44
1.444
0.628
6.328
1.856
3.196
0.328
0.688
1.256
0.836
1.796
0.244
4.832
2.836
0.44
2.152
1.592
1.82
3.68
0.232
1.684
0.228
0.828
1.052
0.252
5.26
0.624
3.616
1.04
0.208
1.18
0.78
0.432
0.964
9.044
1.504
0.876
6.908
0.684
1.544
4.988
1.228
0.54
0.592
1.008
2.428
1.284
2.156
1.428
1.208
3.696
3.244
1.176
1.204
3.82
0.62
9.544
1.6
4.968
1.156
2.716
0.42
2.304
0.952
3.032
3.08
1.248
1.496
2.088
2.656
1.8
0.96
2.308
3.648
1.528
6.86
2.756
0.508
0.484
10.432
4.86
0.944
0.364
2.268
0.212
0.208
0.772
6.28
0.444
0.648
2.436
1.436
3.808
0.7
1.568
1.268
1.64
3.668
0.452
2.112
2.252
3.772
1.02
3.332
0.948
2.716
1.612
1.556
2.168
2.704
2.164
7.076
0.232
2.956
1.744
0.48
0.784
3.024
1.064
0.232
0.792
2.488
0.808
0.284
0.732
0.924
0.232
3.856
7.248
0.752
0.34
0.256
0.556
0.792
0.204
1.392
1.024
0.288
2.12
4.012
4.584
1.068
0.204
0.684
1.184
0.492
4.96
2.104
1.668
0.312
1.66
0.644
1.32
0.588
6.384
0.46
2.096
2.572
3.208
0.436
0.38
5.088
2.972
0.684
9.796
5.016
0.304
1.548
4.86
0.804
0.204
0.94
4.384
0.928
2.164
5.008
2.548
0.752
10.208
0.708
0.98
1.612
1.764
0.62
5.688
2.456
5.4
0.692
1.364
2.036
1.144
1.468
2.028
0.624
1.132
0.364
6.928
0.944
0.24
0.716
9.188
2.656
0.664
1.54
0.984
0.736
1.612
2.6
2.124
0.3
1.704
0.252
1.084
8.452
1.184
6.192
3.712
5.504
6.184
0.284
4.48
0.532
2.568
2.732
1.292
0.208
0.452
4.648
1.716
1.34
1.008
0.632
1.368
1.224
0.76
0.628
2.136
0.884
5.296
5.416
0.448
0.74
1.46
0.312
5.52
1.84
1.44
2.064
2.888
1.888
0.888
6.94
1.044
8.208
0.596
0.828
1.612
1.096
0.196
0.212
1.152
2.12
1.716
5.648
0.796
1.86
3.644
0.62
2.332
1.656
0.2
5.152
0.424
2.456
0.24
0.376
0.836
4.868
1.368
0.868
0.784
0.236
5.136
3.16
0.772
3.272
5.184
0.192
1.756
2.752
3.396
1.768
4.436
0.376
8.196
5.028
0.232
0.284
6.228
0.788
0.592
0.392
4.824
0.196
3.284
0.388
0.604
1.164
2.248
3.744
1.1
1.316
2.112
0.332
1.06
0.268
3.908
1.412
0.632
1.648
4.668
3.836
2.472
8.26
1.468
0.628
3.44
8.968
5.696
4.164
3.048
6.636
0.764
1.212
0.664
0.212
0.508
4.716
1.912
0.224
0.8
2.892
1.272
0.492
3.26
0.256
0.432
6.092
1.056
6.996
9.62
11.032
2.34
0.24
0.636
0.38
7.104
0.848
0.688
1.26
2.728
0.988
3.752
1.616
0.428
7.836
0.56
7.064
1.264
3.868
1.16
0.34
2.072
1.268
0.2
2.732
0.504
2.656
6.328
2.072
3.496
1.056
1.372
0.368
0.892
0.788
0.468
1.764
5.468
1.048
0.232
4.44
0.204
1.664
1.3
0.52
0.696
2.148
1.704
0.384
0.656
6.344
2.96
0.228
0.344
1.056
1.272
1.66
1.924
2.324
2.92
2.984
2.84
1.26
2.396
0.824
0.772
1.072
5.924
4.628
0.588
0.756
0.732
1.48
0.648
1.908
1.656
1.996
3.512
4.572
2.636
1.624
0.94
0.444
0.212
2.448
1.512
1.46
0.564
1.228
0.292
0.296
2.552
0.264
1.716
0.38
1.516
2.856
6.324
6.292
6.076
0.852
1.656
1.668
0.38
0.352
1.464
0.876
11.032
3.704
0.884
2.128
5.288
0.376
3.18
0.648
2.008
0.456
3.192
9.4
5.736
0.58
2.116
3.928
3.016
1.46
2.036
1.284
5.6
6.728
0.312
0.808
0.608
5.604
6.352
0.412
7.936
2.3
2.468
3.984
6.652
1.692
2.056
0.992
3.08
5.68
2.988
1.868
1.756
7.444
0.432
2.6
0.464
0.192
3.372
2.3
1.016
4.956
2.744
0.38
3.288
3.08
0.476
3.228
1.14
1.768
2.092
1.236
1.864
0.264
1.564
3.236
1.56
0.476
1.008
0.272
5.816
2.36
4.308
1.148
5.568
3.532
3.028
2.292
0.784
2.436
1.668
4.48
1.688
6.928
4.0
3.104
0.884
5.428
1.68
0.356
1.264
0.304
0.428
5.792
0.428
0.888
6.716
2.02
1.548
0.68
3.224
0.948
1.796
1.348
0.988
3.972
0.812
0.208
0.452
3.408
2.276
0.2
0.828
1.044
2.352
3.236
0.38
10.908
5.792
3.116
2.048
1.876
0.648
2.444
0.876
1.004
1.192
1.576
2.02
0.944
0.588
0.872
0.208
0.768
1.812
1.084
5.052
0.244
1.004
1.252
5.772
0.384
2.504
9.012
1.964
0.448
1.636
0.644
0.576
1.328
3.0
6.0
4.828
2.924
0.34
3.796
3.104
1.1
1.008
1.468
0.204
1.268
0.864
0.336
4.46
2.6
0.52
0.888
5.5
2.268
5.24
4.232
1.36
2.856
4.764
3.06
0.896
2.488
2.808
0.364
0.516
3.748
0.384
0.28
0.376
1.808
2.48
2.096
0.804
0.212
1.956
1.012
2.656
7.392
5.336
1.18
1.66
3.64
0.3
3.308
4.236
2.424
1.112
0.608
0.216
0.488
2.368
1.34
0.464
0.296
2.912
0.808
2.58
2.528
1.844
2.168
0.196
1.728
1.04
0.376
5.244
0.396
0.452
0.204
0.344
0.664
0.968
0.924
5.128
5.192
1.792
0.752
0.708
0.404
0.408
0.816
0.212
2.5
2.396
1.264
2.96
0.528
3.224
3.02
0.276
5.208
1.628
0.376
0.652
1.328
0.236
3.004
1.04
1.028
0.208
2.096
9.296
0.376
3.052
0.5
4.048
10.772
0.676
1.304
2.052
1.52
3.156
3.56
0.756
1.688
1.352
3.548
0.48
0.216
0.432
1.26
1.108
0.404
0.452
4.54
2.796
0.844
4.532
0.98
7.308
1.884
0.64
0.564
1.908
0.336
6.444
2.276
4.048
0.96
2.8
1.36
4.076
0.764
7.568
1.348
0.672
0.74
8.504
1.484
0.476
3.668
3.468
1.632
4.828
1.292
4.8
0.272
1.452
6.444
10.48
0.856
0.336
0.956
1.332
2.46
2.7
0.38
0.336
10.316
0.212
10.116
3.964
2.576
6.796
2.276
2.18
0.308
2.308
0.612
0.712
0.272
2.964
1.252
4.896
1.984
0.844
0.192
1.268
6.368
0.272
3.708
1.952
0.428
0.648
2.048
5.2
0.36
0.828
2.116
1.216
4.364
2.184
2.34
4.232
1.376
0.612
1.108
1.828
0.46
2.932
2.648
0.872
0.328
1.496
2.492
2.676
1.452
2.596
2.296
1.188
1.028
0.54
6.108
1.912
0.268
0.968
5.964
6.636
7.0
6.748
0.828
3.552
1.452
9.856
5.612
1.04
0.82
0.468
0.288
0.42
5.196
2.228
1.828
3.492
0.796
2.84
1.304
1.94
2.252
2.844
1.272
10.436
2.312
0.48
2.932
2.896
2.94
1.372
1.376
0.832
2.208
2.116
2.748
2.948
1.676
1.584
1.184
5.088
2.056
2.632
2.404
0.724
1.076
0.656
0.452
1.104
1.436
3.256
2.656
2.752
5.596
1.584
0.92
0.396
0.856
1.576
1.916
3.348
8.076
1.536
1.344
2.32
0.264
2.356
2.584
7.408
1.836
0.284
0.648
3.94
3.284
0.228
0.48
2.356
1.488
0.972
0.308
0.9
7.668
0.44
0.876
1.104
2.228
0.292
2.624
0.212
1.136
1.44
3.38
1.184
1.504
2.768
1.468
0.784
0.556
2.524
1.548
4.852
0.448
1.576
3.428
0.372
6.816
0.268
2.232
1.136
3.688
2.8
1.276
0.944
0.484
2.344
0.804
4.648
3.876
0.432
0.356
0.92
2.504
10.928
3.984
1.0
2.62
1.34
1.868
5.32
1.72
2.86
0.492
1.252
0.508
0.288
3.536
0.684
1.572
0.8
2.224
5.028
2.084
6.596
0.288
1.076
1.104
2.244
1.732
1.776
6.088
0.84
3.844
2.84
1.808
3.82
0.496
0.608
2.384
5.532
2.716
0.9
1.44
0.376
3.296
0.644
1.928
0.972
0.344
1.168
3.468
4.384
1.028
0.732
0.632
3.1
0.444
0.776
3.792
1.684
0.756
6.56
0.348
0.704
1.712
0.664
2.088
0.456
2.3
10.012
0.744
0.484
0.624
0.924
2.04
0.42
4.792
0.252
0.556
2.472
0.852
3.756
1.644
10.5
1.392
0.736
8.996
3.464
3.604
0.58
3.3
3.224
0.24
2.096
1.912
3.908
1.516
0.74
0.648
2.268
0.3
6.704
3.392
5.4
2.444
0.544
1.632
0.712
2.496
7.844
4.34
0.272
0.788
2.872
2.124
7.372
0.548
0.264
1.744
0.324
2.02
8.456
1.08
0.232
5.056
0.196
0.996
2.368
0.344
0.432
4.976
1.624
5.732
0.792
0.684
2.664
3.824
1.128
9.976
4.856
0.752
2.16
8.912
0.656
0.3
1.108
0.432
4.448
0.612
0.56
5.468
0.812
4.104
0.324
1.14
0.528
0.368
0.956
1.92
9.64
1.036
0.44
0.332
0.2
9.36
5.876
2.564
0.572
0.88
0.876
0.488
0.892
1.708
0.864
1.04
0.892
1.248
3.408
1.484
1.42
0.324
1.148
8.64
1.044
3.068
0.892
3.464
4.976
0.86
2.124
0.984
0.844
2.16
0.224
0.272
1.92
1.5
4.728
0.888
2.776
3.7
0.764
1.78
1.448
3.808
0.64
1.196
4.316
4.856
0.964
1.288
1.108
0.208
3.044
3.216
0.652
0.204
0.288
2.688
2.036
2.672
7.092
1.112
2.688
1.444
3.456
0.548
1.332
5.812
0.62
1.268
0.404
0.24
0.32
1.344
1.924
7.532
1.04
3.74
6.14
3.112
0.764
2.18
2.62
0.868
4.048
3.356
3.352
4.828
0.596
2.812
1.944
0.268
0.212
2.072
6.328
2.668
1.08
3.248
0.548
0.252
4.612
2.312
1.316
0.328
2.064
2.32
6.008
0.764
7.264
1.464
3.164
0.636
7.588
1.752
3.0
0.724
1.6
0.544
2.78
1.136
1.396
2.328
1.648
1.292
0.644
3.54
6.156
2.784
0.708
4.0
5.228
0.796
6.972
0.2
4.52
0.552
1.772
1.336
3.096
0.588
7.196
2.948
1.68
0.868
0.58
1.168
3.336
2.86
1.92
0.836
1.04
4.38
0.284
2.204
1.312
0.9
3.6
2.876
0.32
4.4
3.292
3.056
1.308
5.932
2.728
0.428
0.236
0.444
4.304
6.984
0.828
0.616
1.7
1.544
0.808
0.788
5.996
0.912
0.488
1.424
1.836
2.052
2.88
2.796
0.532
0.608
1.812
5.008
0.252
1.116
1.488
4.448
1.028
0.192
2.508
1.312
0.508
1.28
0.424
0.252
2.176
0.464
4.476
1.94
2.452
0.692
3.62
5.192
0.236
0.372
0.412
5.668
3.772
0.756
6.156
0.376
1.2
2.404
1.24
0.716
9.028
1.404
2.016
2.648
4.292
6.48
1.564
0.524
0.528
0.884
1.408
0.28
3.084
3.556
1.12
0.592
6.18
0.916
4.656
0.904
4.992
0.504
3.856
1.544
1.988
1.94
3.156
7.128
1.564
2.144
1.236
2.86
0.348
0.5
4.22
2.116
10.376
0.524
0.22
3.9
0.58
1.624
0.244
1.236
0.796
0.808
1.428
1.988
1.624
1.708
1.804
0.2
6.36
2.64
6.584
0.648
2.008
1.084
6.6
0.82
2.608
1.052
1.436
3.704
1.22
4.98
0.54
0.62
5.916
5.856
0.208
1.176
3.408
4.844
5.152
0.44
0.576
0.264
2.568
10.3
0.436
3.656
2.344
0.372
2.084
0.596
0.34
0.676
3.072
2.164
2.496
1.984
0.364
3.808
2.884
0.572
5.244
9.588
2.032
4.108
6.332
5.42
0.804
0.616
4.508
0.604
6.508
3.812
1.336
0.208
0.984
0.932
0.248
1.58
6.696
5.164
4.312
0.316
1.212
0.712
3.724
2.428
2.88
0.82
1.04
1.244
1.428
4.056
2.488
2.104
1.16
1.116
2.612
3.4
1.468
1.164
0.208
0.204
0.212
0.868
0.316
0.524
0.296
1.224
1.564
1.736
0.788
3.492
5.992
0.412
1.46
0.392
0.808
0.768
4.6
1.052
2.128
0.676
3.032
0.708
0.952
8.12
0.42
0.564
6.78
1.624
1.288
4.036
7.3
3.452
0.536
0.292
2.484
1.22
0.96
6.8
0.516
2.32
0.732
4.58
9.636
4.484
0.512
6.648
0.404
1.588
0.372
0.652
4.332
1.808
0.424
0.876
1.48
0.376
0.468
0.696
0.528
1.824
0.392
1.712
1.424
0.916
1.064
1.696
1.008
0.676
0.392
3.784
3.508
0.26
1.104
0.416
3.716
0.324
4.116
0.636
3.104
0.948
3.78
6.68
0.908
0.76
3.192
1.08
1.332
0.208
2.9
0.244
9.464
7.48
0.672
0.676
0.196
0.224
1.788
1.608
0.52
1.984
6.324
0.204
0.924
0.212
3.388
3.428
2.88
0.504
8.628
5.684
3.188
0.408
10.668
1.128
0.464
0.328
0.592
9.108
0.524
0.292
10.688
0.236
5.432
0.752
3.712
0.324
4.584
0.516
3.924
0.324
0.244
1.196
0.2
1.232
1.684
2.328
0.528
7.736
7.852
9.392
7.436
4.36
0.852
1.152
0.872
0.64
9.332
4.36
0.24
1.572
0.2
1.748
0.996
0.456
2.1
0.836
3.656
3.312
1.2
3.68
9.928
0.616
2.188
6.912
1.828
0.476
2.02
3.18
1.616
1.84
4.784
1.4
0.668
2.256
0.956
0.772
0.384
1.112
0.712
10.632
0.916
2.92
0.252
4.436
4.804
0.852
2.068
1.156
2.088
0.208
1.996
1.676
0.56
1.856
2.296
1.696
1.464
1.996
4.816
4.428
2.816
3.416
0.844
1.204
0.92
0.416
0.876
7.284
3.72
2.888
5.916
1.056
0.376
7.544
7.66
4.356
2.044
0.824
5.852
0.448
0.44
5.164
1.604
3.044
0.408
0.864
0.332
1.416
0.4
0.756
0.804
0.208
5.904
9.304
5.312
1.896
0.796
0.748
0.224
0.944
2.62
3.088
0.84
0.456
1.912
0.816
2.236
0.952
4.564
10.444
0.752
1.42
0.98
0.672
1.108
0.524
