1.584
2.568
0.452
1.128
2.188
0.804
3.416
1.052
0.336
2.284
2.832
2.984
5.104
2.024
8.412
3.264
0.844
3.288
0.78
3.384
1.196
1.152
1.78
7.864
0.78
8.208
4.06
0.748
1.572
0.26
0.884
6.092
0.436
0.244
1.292
4.184
0.74
1.456
1.812
0.924
2.46
0.656
1.888
1.652
2.712
1.616
0.304
2.412
1.74
0.912
4.792
0.436
4.02
1.404
1.148
2.756
2.82
5.364
0.24
3.988
5.312
2.488
1.604
1.948
2.788
0.764
2.84
1.196
4.38
1.592
0.984
9.764
3.116
0.24
1.744
1.156
1.288
0.628
1.252
4.344
5.932
1.636
2.008
2.068
0.62
4.924
0.368
1.872
8.388
2.504
3.256
1.736
1.02
0.552
7.3
0.888
1.94
0.864
1.588
1.312
1.688
0.588
1.928
0.624
0.932
0.3
3.56
1.244
2.432
8.572
4.592
0.196
0.388
1.016
6.772
0.224
2.088
1.096
1.844
1.376
2.36
1.184
1.472
1.56
0.936
0.32
0.616
0.748
0.42
0.352
2.708
3.236
0.924
3.32
1.508
4.38
1.648
3.276
2.912
0.728
0.628
0.772
0.748
2.308
0.8
3.804
6.988
0.264
0.212
0.276
8.444
7.112
0.208
6.98
3.9
1.368
1.48
0.668
0.2
2.116
1.024
1.972
0.916
1.716
1.508
2.404
0.232
7.056
3.192
7.528
4.396
2.332
0.4
2.496
1.776
1.152
0.192
2.868
0.456
1.412
1.592
0.416
0.888
0.8
2.044
1.648
6.516
2.788
1.128
0.24
2.852
1.976
1.892
3.272
9.388
4.988
1.076
4.804
8.604
1.824
0.72
3.132
0.232
5.88
1.96
3.912
3.692
1.572
3.124
0.696
1.96
2.668
4.732
1.452
1.636
0.496
4.504
1.784
0.484
5.184
1.332
0.556
2.264
0.26
0.436
0.892
1.716
0.36
0.876
1.936
0.796
1.276
0.976
0.86
1.304
0.412
0.296
0.328
0.24
3.18
6.364
3.392
5.016
4.968
9.988
0.356
0.78
5.452
1.876
0.524
0.908
3.18
4.236
2.652
0.952
1.284
2.436
0.436
1.372
0.204
1.144
7.08
9.996
1.356
1.04
2.628
2.172
1.252
3.376
3.044
0.236
1.276
2.164
8.572
0.468
6.244
2.248
0.3
6.692
8.344
2.104
0.736
2.824
6.74
3.552
3.196
0.7
1.46
2.204
1.488
0.972
0.372
2.384
4.42
8.272
1.128
2.924
0.436
0.604
0.64
2.896
0.504
5.684
0.356
6.48
3.088
1.308
6.56
1.876
4.9
3.656
0.208
0.208
1.092
2.624
10.856
2.968
0.62
0.184
2.956
0.24
1.628
2.252
0.412
1.872
0.288
1.204
1.08
4.624
1.812
4.716
0.452
2.216
0.596
1.46
1.5
4.164
3.048
0.256
0.428
0.564
0.448
6.072
0.572
3.028
2.132
1.108
4.88
2.524
5.86
8.244
0.732
3.228
2.408
0.292
5.908
2.096
0.304
4.116
0.208
1.116
4.392
2.484
1.164
1.736
0.536
2.184
4.436
0.36
4.244
0.764
0.924
0.624
3.108
2.248
1.344
3.348
3.828
2.684
0.584
5.192
2.352
10.256
0.5
1.956
2.216
0.548
3.544
2.372
0.472
2.332
3.28
5.66
0.996
6.58
0.816
5.56
0.892
6.028
0.204
5.676
0.78
1.008
5.208
1.568
0.56
2.64
0.704
0.564
2.576
2.672
2.82
0.676
4.956
3.264
0.492
2.08
4.344
2.32
0.472
6.284
6.3
0.2
2.028
3.988
2.8
2.084
1.96
0.548
1.472
7.32
1.472
0.224
1.804
0.572
2.548
0.432
2.468
0.98
0.92
2.06
0.212
0.704
3.852
2.632
2.976
0.516
3.464
2.776
5.792
1.656
1.356
5.468
2.064
0.252
0.288
0.308
10.22
7.036
1.26
1.956
5.432
0.452
1.236
0.224
3.916
2.12
0.588
1.572
4.084
1.716
2.712
4.612
4.132
3.364
2.552
0.848
4.764
4.308
0.948
3.2
3.58
2.24
0.372
3.248
2.124
2.888
2.164
0.48
3.332
0.476
4.064
2.756
1.628
1.512
7.828
1.548
1.544
2.3
0.996
0.688
2.448
0.64
2.852
0.64
2.736
0.364
2.588
0.38
0.736
0.248
3.388
4.936
0.244
0.296
2.572
9.832
2.98
4.148
2.368
1.952
0.232
4.936
1.308
1.332
2.96
2.14
11.048
3.46
1.264
3.544
0.236
5.928
0.328
1.536
0.376
4.456
2.956
1.924
3.456
0.824
0.74
0.94
4.396
2.02
3.68
5.012
9.092
0.268
1.536
3.94
3.432
1.568
6.076
1.008
0.952
2.988
5.804
0.9
0.956
3.828
2.444
0.648
3.2
5.492
1.688
0.536
1.124
0.268
0.964
1.848
0.208
1.192
1.476
3.84
1.068
0.74
4.872
0.26
0.732
4.456
2.04
0.22
3.08
1.008
1.312
2.984
3.924
3.896
1.008
0.66
5.264
2.688
10.324
1.672
0.776
0.44
0.808
4.496
2.884
1.5
0.36
0.932
2.624
0.74
1.752
3.572
1.716
5.348
3.464
1.804
1.86
0.428
2.46
4.848
1.888
2.268
0.676
1.72
0.908
0.276
0.436
0.604
0.724
0.248
0.788
1.848
4.92
5.08
1.196
1.28
4.364
9.152
3.444
7.716
1.816
1.568
0.836
1.808
2.612
0.5
0.324
1.604
1.432
1.348
0.496
3.584
0.764
0.308
1.144
0.272
0.388
1.704
1.26
2.676
1.988
0.792
4.02
1.22
1.048
1.972
1.88
0.88
0.624
0.348
2.64
0.204
0.68
1.06
1.608
0.2
6.768
1.604
2.548
0.872
0.764
0.392
0.24
0.36
0.408
8.524
4.856
1.18
0.464
2.676
1.448
0.2
2.036
1.324
1.6
6.896
1.004
3.924
8.952
2.42
1.544
0.208
10.496
0.436
0.892
1.992
0.22
2.028
0.524
8.484
0.332
0.216
1.344
5.004
1.456
0.588
3.704
0.356
0.516
2.38
7.904
0.296
5.816
0.456
0.856
0.2
0.484
1.72
2.056
1.468
2.756
0.572
0.884
1.708
2.088
1.816
4.092
1.816
2.424
4.244
0.808
1.04
0.704
1.28
5.564
3.128
1.18
5.98
0.544
3.588
1.656
4.516
7.38
0.704
1.084
0.732
0.684
2.948
2.376
6.448
7.576
2.644
1.628
0.684
0.316
0.836
2.484
0.304
1.976
2.772
1.176
1.104
1.664
0.812
2.276
4.384
1.116
1.232
0.208
7.348
0.776
1.092
1.124
6.476
0.42
0.288
2.968
1.964
0.868
0.732
1.912
10.94
1.74
0.74
2.4
0.872
0.716
2.544
0.268
0.5
5.34
2.972
1.228
1.2
1.008
0.496
8.964
0.9
1.14
0.976
0.32
2.84
4.204
1.636
1.744
0.536
1.076
1.072
2.548
4.08
1.756
1.116
0.54
1.364
0.788
5.756
3.176
4.464
0.208
0.688
3.344
0.216
2.38
10.316
1.316
3.348
2.016
1.188
0.368
2.024
6.432
1.192
0.372
0.328
7.66
0.368
5.776
0.908
3.644
0.328
0.568
2.304
7.82
2.536
0.256
1.136
6.056
0.492
0.432
2.972
2.54
5.688
2.12
1.568
2.508
0.268
0.24
1.968
3.956
1.292
0.4
3.604
3.676
0.46
1.216
1.5
1.056
0.776
1.048
0.812
0.208
1.96
4.252
1.676
5.04
0.528
4.636
3.652
6.576
1.424
10.148
5.316
3.376
0.228
4.368
2.812
1.276
0.46
0.66
0.484
1.408
0.216
0.576
1.76
3.876
1.58
0.24
2.712
0.252
6.18
7.984
3.288
2.464
2.8
1.436
0.584
2.572
1.984
1.184
5.348
0.204
2.436
0.38
9.712
0.208
1.532
0.828
1.724
8.368
2.516
6.576
0.76
1.324
1.06
0.208
1.196
0.688
0.232
5.396
0.816
0.54
2.072
5.572
2.904
1.228
1.344
3.004
1.284
2.0
1.128
0.932
1.616
1.268
0.424
0.308
1.54
7.004
1.86
1.496
9.04
1.264
0.764
0.368
2.684
0.892
9.616
2.244
0.52
1.664
0.596
2.368
2.172
2.92
5.776
1.092
0.868
7.524
0.68
7.312
0.824
1.444
1.224
0.232
0.592
1.944
3.228
1.544
4.456
0.688
0.984
0.496
0.388
0.26
0.916
7.74
2.576
9.464
0.204
0.792
6.096
1.108
0.624
2.176
1.868
4.624
2.328
2.928
1.596
1.328
1.428
4.536
1.004
1.996
0.368
1.256
2.82
5.84
0.86
1.876
3.552
1.988
0.272
2.356
0.976
3.784
0.544
3.148
0.584
5.172
0.656
1.996
0.676
1.376
0.208
0.776
7.76
6.008
0.332
2.112
0.26
0.216
0.36
3.08
2.152
0.268
2.904
1.828
0.852
5.764
1.0
0.232
2.192
0.584
1.46
2.332
0.644
0.516
5.056
0.844
4.716
0.772
3.736
0.212
0.228
0.592
0.584
0.46
3.312
6.36
1.836
1.5
2.116
4.392
0.236
5.724
1.452
0.44
0.668
1.788
3.412
4.416
0.324
1.296
1.436
0.232
2.828
2.872
0.88
2.644
0.956
1.364
3.7
4.552
4.048
0.308
5.748
0.336
1.756
0.664
3.236
0.208
1.184
0.256
0.82
0.304
0.576
1.924
1.56
0.444
1.8
2.048
4.352
3.852
0.256
1.488
5.392
0.472
5.224
3.292
1.576
2.16
2.084
10.112
0.888
2.3
1.416
0.432
1.404
3.0
4.048
0.204
1.0
1.736
0.572
0.68
1.444
1.364
1.352
0.788
2.308
1.956
0.388
6.7
1.992
0.208
0.672
0.54
0.308
0.584
1.744
0.38
2.612
3.304
5.18
4.16
2.696
0.836
0.472
0.208
3.528
5.988
1.736
4.044
1.012
1.264
1.232
3.54
1.088
0.304
1.072
2.488
0.456
2.912
1.968
2.132
1.252
0.652
2.848
1.328
0.996
3.384
3.184
0.216
2.252
0.796
0.88
8.004
4.84
1.0
1.008
3.04
2.2
3.996
0.288
1.184
6.0
0.556
2.204
0.588
2.024
4.78
1.196
1.712
1.624
1.82
0.544
1.692
3.628
0.316
3.628
0.2
0.432
2.612
0.248
1.684
3.036
0.652
1.924
0.88
0.372
1.236
1.528
1.288
1.14
5.676
9.36
1.228
2.552
3.084
0.984
7.364
0.46
1.112
0.368
0.216
1.8
1.916
2.032
0.908
1.924
3.604
1.648
2.816
2.996
3.6
1.032
3.804
6.168
0.396
0.228
0.628
4.092
4.004
2.72
3.636
1.428
6.692
0.812
0.776
0.456
1.372
0.244
2.764
2.404
1.132
1.524
1.292
0.936
1.264
5.128
0.728
1.092
1.54
1.508
1.052
1.772
6.516
4.732
2.224
4.3
2.248
3.692
0.964
0.636
1.428
5.356
4.784
0.56
1.02
0.544
1.28
1.92
1.32
1.06
0.928
10.52
1.708
0.288
2.76
0.708
0.64
1.752
4.284
0.58
0.62
1.184
5.576
4.028
3.692
4.896
1.092
0.448
0.42
10.372
5.056
0.336
1.772
0.216
1.532
4.904
1.492
0.196
0.492
0.208
7.508
1.428
2.372
2.4
1.704
0.208
0.636
0.48
1.192
0.452
5.488
0.56
4.02
0.236
4.24
0.76
0.352
1.008
4.616
3.308
4.064
0.872
1.352
0.864
3.956
1.508
1.108
6.744
5.024
1.244
2.664
1.732
1.108
2.972
3.324
3.052
1.148
1.692
1.24
1.04
0.212
0.2
2.292
2.76
2.632
3.704
7.588
0.52
1.836
1.56
2.656
0.836
1.876
3.9
8.148
1.476
0.564
0.596
5.98
3.28
1.852
6.092
0.608
4.204
0.644
9.356
3.912
1.428
0.572
1.98
0.484
1.992
7.688
0.928
1.696
2.2
1.776
2.932
2.736
0.992
2.14
3.388
0.368
3.552
10.012
4.888
2.136
1.836
0.528
0.796
1.412
2.5
0.208
0.212
3.608
1.704
2.116
4.548
0.448
2.356
1.32
0.3
1.04
0.376
4.74
2.404
1.096
0.804
7.252
1.1
0.652
1.812
0.976
0.284
8.524
0.956
3.064
3.096
0.724
0.428
4.484
5.4
2.52
1.212
1.116
0.672
3.36
3.128
3.912
6.092
1.072
0.284
1.748
0.532
4.584
4.268
0.204
0.408
1.044
3.0
1.908
0.864
2.136
0.236
2.072
2.728
4.496
0.908
0.48
0.568
9.572
0.456
0.648
4.036
0.556
1.088
2.392
0.964
3.612
0.608
1.368
2.7
4.196
0.392
2.492
3.416
0.428
2.268
0.368
2.26
0.56
1.452
0.54
0.932
0.324
1.752
2.652
0.544
0.324
9.892
2.364
0.712
5.704
1.248
0.432
2.84
0.52
5.264
0.784
0.724
6.148
0.98
3.404
3.94
0.268
1.26
2.16
1.512
0.556
6.524
10.676
1.648
0.256
1.332
3.408
0.54
1.392
2.448
1.288
0.436
0.968
2.132
0.344
2.62
1.272
10.26
2.052
8.54
0.212
0.216
0.728
0.404
0.352
2.112
0.24
3.32
0.944
3.124
1.436
0.696
1.356
2.292
0.328
3.128
0.308
0.296
1.44
1.172
1.728
0.512
4.16
1.452
1.444
0.596
9.912
1.652
0.788
0.388
0.232
0.552
1.236
1.864
2.056
6.22
0.716
0.292
7.984
1.512
0.2
8.98
1.06
2.324
0.756
4.752
1.556
3.052
3.108
0.34
3.08
0.448
0.744
0.436
1.664
2.084
0.472
1.664
2.064
4.86
5.968
0.884
2.596
0.908
1.368
4.112
0.928
0.884
10.38
4.252
0.24
0.768
2.188
0.596
0.24
2.088
3.136
1.18
5.044
1.48
1.256
0.512
2.212
5.772
2.152
5.6
8.204
2.284
2.412
0.412
0.9
1.58
10.624
0.764
9.096
0.352
0.544
3.304
3.892
0.9
0.452
0.196
0.808
1.328
1.548
1.184
2.444
7.716
1.388
1.436
1.404
1.052
0.784
1.504
3.176
2.412
1.128
2.02
0.872
0.288
5.8
0.64
2.58
6.012
2.076
6.176
4.524
2.256
0.336
0.736
0.564
0.496
1.384
1.452
1.98
0.36
2.444
0.296
2.544
8.928
0.928
4.1
0.528
0.684
0.468
1.812
1.096
1.172
0.764
2.024
7.824
0.816
3.312
0.948
1.4
1.892
0.948
1.204
0.8
2.756
0.388
0.752
0.276
1.644
2.576
0.236
0.204
4.128
0.768
2.84
1.124
10.048
2.004
0.272
0.944
2.796
1.132
3.112
0.236
2.112
5.052
4.912
0.328
2.916
1.024
0.196
0.788
2.392
1.476
0.212
0.248
8.696
1.176
0.728
1.112
1.44
0.22
0.288
1.284
1.692
7.148
11.024
1.4
0.504
3.904
2.144
0.812
10.268
1.352
0.4
4.108
1.8
3.8
0.868
0.308
0.54
3.068
6.824
2.044
0.528
2.94
1.568
0.588
2.98
1.816
10.1
0.22
6.196
0.656
0.628
0.716
8.772
1.936
5.456
6.62
1.508
1.836
10.528
6.068
1.552
1.548
1.048
2.536
1.364
1.24
3.708
7.036
3.62
1.052
2.964
7.012
4.056
2.992
1.412
1.488
1.268
2.648
0.456
1.768
3.364
0.448
1.112
0.44
3.024
1.288
0.236
4.256
5.548
0.212
3.644
1.448
2.704
3.436
1.824
5.696
1.996
3.16
2.44
0.796
2.22
0.58
0.52
4.764
0.348
3.248
2.476
0.732
0.264
6.5
0.208
2.552
0.64
0.292
0.556
1.176
1.204
2.368
4.564
2.74
1.856
1.58
0.192
5.672
3.168
0.764
1.488
0.256
0.424
1.664
1.728
2.048
0.536
1.392
0.204
2.28
0.536
3.612
0.688
0.376
6.084
2.72
4.624
0.272
0.792
0.652
0.204
0.552
2.32
3.356
1.276
1.004
0.22
0.592
1.2
2.096
9.08
2.5
0.836
0.38
0.632
1.196
0.588
1.124
2.384
1.436
0.784
0.636
3.248
0.736
2.096
0.692
4.896
9.724
0.968
0.728
1.776
2.104
8.2
1.632
3.22
0.472
1.668
2.488
0.464
2.676
10.116
2.332
1.492
1.096
0.26
4.256
3.516
1.648
0.732
0.932
0.864
1.168
0.252
0.492
10.584
1.464
5.58
1.156
2.18
0.636
0.9
1.936
2.92
0.392
2.896
0.576
2.604
8.656
0.656
10.144
0.588
1.568
2.308
1.212
1.344
1.292
0.952
6.648
0.252
8.488
0.484
9.84
0.208
1.208
2.504
8.748
10.92
3.04
0.5
1.016
2.352
7.368
0.564
8.084
8.36
3.316
0.22
5.692
0.432
2.68
1.12
1.26
1.948
1.104
3.112
2.776
1.144
1.032
1.836
3.24
1.58
4.328
1.44
4.116
1.268
5.98
2.824
1.844
0.232
2.272
0.58
4.044
1.46
0.852
3.76
0.608
0.592
1.34
4.076
0.648
0.964
0.296
4.572
6.688
0.252
1.52
0.212
0.34
1.012
1.356
1.568
9.776
3.836
0.368
2.704
1.672
3.928
0.328
3.46
1.7
1.892
3.436
8.696
1.752
1.9
1.432
0.256
0.356
0.68
0.3
3.688
0.352
3.776
0.216
0.372
2.84
5.676
0.88
6.544
1.832
8.744
0.976
2.132
6.708
3.084
2.128
2.456
1.388
0.584
1.9
0.212
0.22
0.56
0.992
2.148
3.452
1.596
1.168
0.632
5.832
7.68
0.508
2.22
1.172
3.196
9.728
0.928
1.448
1.48
0.836
6.504
3.872
0.656
3.296
7.02
1.26
2.772
7.208
1.288
0.816
0.616
1.736
3.252
4.2
0.212
0.648
8.024
4.216
7.104
2.324
2.98
3.892
0.528
2.548
0.552
0.32
0.504
0.204
0.9
4.276
1.696
1.716
2.236
0.376
0.416
2.948
0.28
2.472
2.048
3.72
2.156
0.332
1.504
2.26
4.232
0.636
1.964
6.936
1.692
2.464
5.22
3.668
3.624
0.264
1.02
6.132
0.252
0.448
0.464
0.288
1.772
5.796
8.792
2.028
0.46
1.944
1.376
1.168
0.508
1.024
0.456
8.36
5.852
9.964
0.536
6.796
3.952
1.296
8.888
1.388
3.124
0.26
3.24
3.444
3.064
1.276
2.284
1.224
0.356
1.472
0.48
1.908
4.32
3.368
1.612
2.432
3.536
0.256
1.08
6.224
3.94
2.376
2.128
1.124
0.924
0.32
0.572
4.644
3.14
2.52
8.256
0.916
0.736
1.688
1.204
1.452
1.216
3.556
1.472
0.656
1.556
0.916
2.804
7.656
0.432
4.344
1.24
0.308
0.364
0.712
1.848
0.84
0.584
0.272
0.928
1.392
3.9
0.476
0.72
1.276
0.46
0.292
0.72
0.796
0.428
0.804
9.88
1.912
0.672
0.88
1.624
8.296
8.132
5.112
0.936
8.36
0.316
0.256
2.224
0.916
0.808
6.756
0.996
2.056
5.088
0.668
6.468
5.156
8.16
0.928
0.264
0.264
1.564
0.908
2.604
2.524
1.32
2.532
2.456
3.2
0.356
0.492
0.496
0.2
1.468
1.584
0.424
0.196
1.864
4.792
2.204
0.408
4.248
10.908
0.232
1.236
0.984
1.764
0.448
12.028
0.412
3.66
2.868
1.7
0.884
0.264
0.548
0.212
0.976
0.34
0.3
1.856
4.672
6.732
1.028
1.932
1.972
3.508
1.164
3.86
1.412
2.396
2.116
0.232
3.232
0.976
1.944
4.172
0.28
3.068
2.924
0.764
3.136
6.652
5.36
2.184
0.484
1.036
1.78
1.26
0.38
1.736
0.344
0.656
1.188
0.196
3.468
1.064
0.548
0.376
0.204
1.268
0.32
1.008
0.44
5.776
5.528
3.616
0.596
4.328
4.82
4.132
6.3
1.812
0.62
1.808
2.072
0.8
6.352
2.772
3.724
1.9
0.76
1.068
1.312
1.424
10.152
0.816
2.416
0.224
2.488
0.792
0.572
5.14
0.452
5.408
0.684
1.416
2.776
1.748
1.224
1.12
1.564
8.168
0.94
0.468
1.076
0.8
0.68
0.94
0.412
0.628
2.556
2.328
1.5
0.392
0.744
2.424
0.26
0.616
3.044
4.592
1.524
4.04
0.252
6.6
0.452
0.852
0.708
1.752
7.852
3.036
1.692
1.744
2.724
3.408
0.204
0.208
0.82
2.76
4.456
2.244
8.22
2.94
1.348
2.976
3.012
2.972
0.992
0.376
1.736
5.808
0.728
0.24
2.644
1.172
0.7
0.34
0.228
2.656
0.816
10.448
5.152
1.392
0.26
1.992
3.444
1.584
0.496
0.668
2.936
2.228
0.332
0.488
0.572
2.776
2.568
0.348
1.992
2.512
0.196
2.288
0.344
4.884
2.264
1.132
2.764
1.432
1.956
0.496
0.44
3.596
1.192
4.788
9.5
6.608
2.864
1.668
2.584
0.444
0.26
2.392
0.204
1.056
2.936
0.552
4.016
1.32
3.332
5.008
0.78
0.34
4.04
0.3
0.828
2.064
1.832
1.436
1.092
0.22
0.696
3.916
2.6
5.064
2.496
2.236
2.28
0.356
0.688
1.004
5.56
3.716
1.152
0.592
0.412
0.352
2.352
3.436
3.236
0.24
7.036
0.884
4.128
1.272
1.016
3.528
2.256
0.764
0.556
4.252
0.592
0.92
0.904
2.664
4.46
0.708
0.664
0.196
3.068
5.84
7.272
0.688
0.916
0.824
0.388
2.968
0.34
1.276
0.836
2.172
0.7
3.52
1.488
3.792
7.98
2.396
0.7
2.812
9.552
0.944
0.776
10.72
4.056
3.472
3.836
3.268
2.708
1.956
1.74
2.692
0.444
3.468
9.488
4.624
3.892
9.368
2.144
0.416
1.752
3.576
1.2
1.836
3.268
0.204
0.684
1.044
5.94
0.412
0.832
1.796
0.504
10.68
0.596
0.36
1.048
5.508
2.464
2.8
0.804
2.764
4.344
2.152
6.548
4.94
0.724
2.108
7.004
3.808
0.676
3.276
1.112
0.408
4.908
6.048
4.956
2.772
0.268
2.324
1.804
0.808
2.132
1.068
1.852
1.348
0.716
0.772
0.52
3.8
0.664
2.408
2.216
0.48
0.264
6.816
1.36
2.468
1.072
0.52
0.208
1.072
1.0
0.22
0.916
3.892
0.4
2.16
1.316
7.916
5.72
10.72
1.792
1.364
6.516
0.956
0.616
7.92
4.42
5.9
0.732
3.556
6.52
2.296
1.204
0.552
0.392
3.364
0.796
3.748
1.58
4.844
6.616
0.832
3.788
0.796
1.02
0.268
1.604
0.672
5.224
0.924
4.316
0.54
0.74
4.544
3.188
0.58
0.936
3.136
1.268
0.984
0.372
0.46
1.568
0.756
0.26
0.268
3.96
2.884
1.036
0.996
2.468
0.44
4.256
2.468
0.556
0.752
0.212
4.912
0.744
2.784
0.224
0.276
8.068
1.524
6.744
2.812
1.704
2.056
1.344
0.48
0.604
0.808
2.588
0.716
1.516
0.8
6.684
1.572
0.396
6.856
3.732
7.656
0.444
0.256
0.436
0.596
7.488
5.256
6.796
0.448
3.28
4.364
3.408
0.388
0.236
0.652
7.064
1.604
2.868
0.652
0.548
2.66
6.756
6.292
1.584
2.696
1.456
1.188
2.272
3.8
0.312
0.308
2.224
2.892
0.876
0.348
3.46
0.856
0.776
0.348
0.46
0.232
2.776
0.472
2.176
1.048
4.58
4.984
0.372
1.748
2.708
0.26
0.728
0.252
0.456
2.048
2.34
0.48
0.596
0.416
0.4
6.572
1.24
8.548
0.552
5.096
1.916
0.36
0.552
0.848
0.196
3.912
0.828
0.652
4.072
0.772
1.412
9.112
3.476
2.056
3.292
0.876
1.164
0.38
10.136
3.42
2.924
0.932
4.276
0.392
5.148
1.06
4.184
8.02
0.836
0.508
0.632
0.708
1.896
3.888
1.48
3.88
0.348
1.88
0.308
0.3
4.484
0.648
0.804
1.18
2.728
1.68
0.596
0.304
6.512
0.848
0.68
6.156
0.492
1.308
1.08
1.808
0.776
0.62
1.488
1.644
3.888
3.604
0.256
1.732
3.568
7.844
0.968
0.764
0.876
1.4
0.284
7.856
1.412
2.944
4.328
0.596
0.26
8.54
0.94
0.248
1.856
9.164
2.452
1.908
6.504
0.34
3.672
2.82
3.248
2.076
1.104
1.716
0.424
3.44
3.788
0.372
0.568
1.2
5.984
0.328
5.032
2.868
0.332
2.008
1.112
1.96
0.24
3.288
0.704
1.552
0.788
1.248
1.828
0.692
0.304
1.604
0.972
5.38
1.1
2.836
6.08
1.948
0.944
0.976
2.948
1.932
3.156
5.784
3.104
0.416
1.94
3.356
1.728
0.292
6.924
5.42
0.292
1.02
2.756
1.188
2.404
7.2
0.792
3.86
1.064
0.228
1.184
2.792
6.444
0.324
2.904
2.14
1.64
2.0
1.144
0.192
0.412
1.628
0.78
2.784
3.216
0.62
1.856
3.224
1.032
0.396
1.748
0.292
1.324
0.228
1.896
0.34
2.648
4.228
0.364
0.872
5.144
1.668
3.284
2.628
2.852
2.676
0.7
3.228
3.388
4.864
1.5
0.336
0.264
0.816
3.028
0.236
10.596
7.06
2.588
0.808
3.048
1.368
0.236
1.144
1.852
1.144
7.152
5.696
3.032
0.964
4.804
1.784
1.48
0.288
1.356
1.932
3.308
2.472
0.488
2.788
2.364
1.384
0.668
0.212
1.116
7.832
0.392
0.684
1.108
0.752
0.688
0.632
1.32
0.548
0.5
3.888
0.264
1.156
0.208
0.508
5.052
0.2
9.716
0.652
0.624
1.38
0.488
0.32
8.904
4.216
2.552
0.812
0.524
0.796
3.388
0.832
0.204
0.372
0.472
4.8
1.004
1.644
0.38
0.42
1.136
3.116
0.904
8.04
0.896
5.056
1.968
0.376
1.236
1.968
0.956
2.956
0.348
0.204
0.636
3.852
8.904
1.736
3.8
0.244
0.42
2.192
4.444
0.36
1.416
6.792
3.072
0.712
2.644
0.304
8.096
0.888
1.56
1.26
0.496
4.636
5.924
1.144
6.128
2.236
1.68
2.632
1.052
1.304
1.948
2.22
0.672
4.092
2.32
0.984
1.32
2.176
0.74
4.644
4.644
1.852
1.304
0.632
1.776
2.236
0.248
1.492
0.2
0.696
1.82
4.856
1.628
4.348
3.236
6.776
0.728
0.272
1.112
0.776
3.904
1.188
2.02
2.168
6.72
0.824
0.66
4.004
0.284
3.452
2.444
0.372
4.636
2.168
1.736
5.56
0.264
0.612
5.016
0.492
3.728
0.996
2.392
0.516
2.152
0.328
0.328
0.728
2.264
3.432
4.04
1.016
0.672
1.424
1.396
0.224
2.024
3.056
7.496
3.308
0.772
6.12
4.404
0.428
1.228
3.136
0.82
0.252
2.752
3.2
3.536
1.244
5.704
1.768
0.9
1.404
5.312
0.396
10.016
1.94
2.964
0.724
0.88
2.076
0.208
2.152
0.384
0.328
1.988
2.576
2.488
2.952
0.44
1.712
1.128
1.844
2.116
7.14
0.528
0.336
4.22
0.296
10.104
2.912
2.54
0.328
0.748
0.54
2.552
5.748
1.748
4.588
8.772
1.32
3.036
2.408
2.176
2.4
1.5
0.308
4.356
2.6
0.932
1.584
1.18
3.544
4.252
3.848
1.572
2.24
0.196
2.224
1.172
0.208
0.704
1.48
1.228
1.212
3.5
0.78
0.704
0.432
3.804
0.46
3.408
0.828
1.088
2.212
1.12
2.74
7.412
10.96
2.316
1.812
0.392
0.68
1.788
0.752
1.376
0.792
0.432
8.66
0.652
0.252
0.36
6.316
1.608
0.552
0.46
0.304
1.216
0.748
2.576
1.124
5.204
1.7
5.06
0.8
4.98
2.032
9.52
6.32
1.336
2.072
0.784
0.28
2.18
1.376
0.356
5.504
1.188
3.576
1.104
1.768
5.652
0.268
1.94
2.312
0.456
0.336
0.808
0.472
1.804
5.58
2.596
0.964
10.248
0.56
3.476
1.736
4.116
6.032
3.428
2.484
0.572
1.388
4.288
0.36
0.956
3.536
1.692
5.484
0.86
1.312
3.632
2.296
0.46
1.0
5.78
3.668
0.284
1.06
11.004
3.44
0.736
1.984
5.86
0.496
2.836
3.56
1.536
0.82
0.928
2.868
0.264
4.5
3.664
9.504
0.62
0.532
1.9
1.892
1.716
1.728
9.316
1.264
0.404
5.436
5.108
0.56
1.052
1.972
0.44
1.916
2.12
0.932
0.228
2.6
5.668
2.492
2.06
10.0
6.404
0.904
3.152
0.748
0.556
0.192
0.56
7.668
0.788
2.272
1.42
1.092
1.116
2.512
0.716
2.92
0.5
0.58
8.372
7.664
1.464
5.396
3.116
4.496
4.06
1.664
1.432
0.492
0.904
6.896
0.624
0.32
0.476
2.572
4.66
0.436
2.28
3.032
0.264
0.264
3.884
3.916
10.532
0.452
0.892
0.928
7.108
2.552
1.692
1.72
0.224
0.32
9.264
1.196
1.276
2.4
1.444
0.384
3.284
5.372
9.896
7.732
1.076
3.66
4.096
3.256
2.296
3.092
1.456
0.536
2.456
8.644
0.408
2.204
1.22
1.532
4.892
6.708
0.776
3.2
1.168
0.856
6.624
0.84
1.016
7.248
1.648
0.316
8.24
0.208
0.236
9.296
2.712
3.568
0.668
1.164
0.2
1.184
0.78
0.868
8.388
2.052
0.624
8.2
3.516
2.264
2.708
0.676
0.412
2.592
4.616
1.968
4.364
1.252
5.36
0.348
1.592
2.556
3.676
5.56
0.448
0.36
1.952
0.212
0.704
0.524
1.24
2.412
0.332
0.344
6.588
3.388
0.276
0.248
9.68
1.804
0.244
0.212
0.804
0.912
2.072
1.492
1.1
7.396
1.7
5.46
0.516
0.244
1.4
8.812
2.396
1.528
2.272
2.34
3.564
2.956
0.508
1.092
5.588
2.244
0.24
5.336
1.676
1.04
1.436
1.616
0.884
0.292
1.452
6.152
5.272
1.624
5.96
8.44
2.004
0.248
0.432
8.176
1.616
0.656
1.42
1.436
0.48
2.444
0.232
0.736
1.26
2.796
0.552
0.648
2.904
7.072
1.78
0.644
0.268
1.404
0.48
0.208
6.164
2.236
3.368
5.104
2.8
3.18
0.664
2.152
9.628
4.356
0.652
1.976
3.976
1.38
1.776
0.208
5.768
2.132
8.6
1.768
0.28
2.076
5.668
0.864
1.312
9.596
3.92
0.52
3.132
0.264
3.084
0.28
2.252
4.532
1.5
0.816
3.352
1.164
2.556
5.976
4.264
6.188
1.264
3.132
0.92
3.256
1.052
5.676
0.336
4.564
1.584
0.48
3.576
1.924
4.16
6.548
0.464
6.804
0.576
2.796
0.208
4.072
4.42
0.624
2.18
3.112
1.216
3.076
2.108
0.376
0.584
4.544
2.212
0.548
4.932
2.4
2.468
1.72
6.032
1.884
2.144
1.344
1.004
4.716
6.496
4.716
1.204
1.836
0.6
6.192
1.86
0.24
1.068
0.224
0.208
3.752
0.752
2.148
0.576
0.524
0.6
1.936
1.928
3.464
0.332
1.396
2.396
2.344
3.98
1.564
1.62
0.248
1.248
1.096
0.22
0.74
0.492
0.236
1.26
0.196
3.148
0.252
0.776
0.868
1.84
0.464
4.58
0.524
1.1
6.404
0.748
0.372
0.656
0.424
0.548
0.924
0.704
0.528
0.488
3.824
8.032
4.78
5.996
1.28
0.928
7.272
1.044
2.44
0.476
0.508
4.3
0.896
0.324
2.62
4.94
0.572
3.788
0.208
2.556
1.672
3.676
1.912
0.644
0.472
0.856
3.588
4.628
1.596
2.34
1.036
2.252
2.004
0.884
2.248
0.908
3.128
0.468
1.216
0.324
0.196
0.816
2.488
1.716
5.864
0.648
1.84
7.88
5.812
4.1
0.22
1.728
1.616
1.056
4.74
0.5
0.908
3.436
3.872
1.36
0.94
1.036
4.724
0.32
0.424
0.464
1.16
0.484
0.412
2.272
2.028
0.728
2.808
0.232
0.764
6.276
0.944
0.332
4.44
4.228
8.096
0.312
0.452
1.62
1.088
0.416
1.568
0.444
4.512
5.26
2.404
2.704
1.28
0.404
0.292
0.868
2.096
0.868
5.072
0.636
4.18
0.88
4.148
0.996
2.5
2.74
0.208
3.5
0.34
6.776
2.36
0.704
2.904
1.264
1.456
2.764
4.968
10.8
0.396
0.596
10.512
0.98
6.192
4.9
0.616
0.94
2.268
0.472
0.32
0.664
0.26
2.396
1.132
0.608
1.3
4.124
2.48
0.428
3.176
2.752
2.996
2.212
5.3
7.088
1.472
0.452
1.364
1.688
0.34
0.4
0.54
3.768
2.408
1.34
4.408
3.1
0.464
0.54
0.212
5.496
2.696
2.648
1.48
3.972
1.176
0.54
1.152
0.608
0.4
1.224
0.688
5.508
0.536
6.54
3.408
0.608
0.604
1.44
1.128
1.148
2.264
2.616
0.26
1.912
4.64
4.74
0.32
0.32
1.428
3.732
4.332
3.06
0.736
0.244
1.064
3.324
1.812
0.684
6.212
4.416
7.016
3.812
0.932
2.212
3.576
0.336
3.192
0.232
0.212
0.892
2.464
2.052
0.692
0.3
6.976
0.564
2.132
2.916
3.572
0.228
0.84
1.424
0.444
3.26
4.144
0.492
9.28
5.304
0.264
3.316
0.3
4.192
0.2
2.26
1.244
4.048
0.34
1.432
5.14
0.456
1.86
6.32
3.38
0.744
1.476
0.9
1.752
10.644
1.2
2.232
3.216
1.188
1.436
0.828
0.744
0.424
0.232
0.26
0.76
4.58
1.668
0.604
0.836
4.392
0.708
5.832
1.756
2.368
0.524
1.508
0.212
1.356
0.772
1.64
1.912
4.656
4.48
1.952
0.196
3.692
0.352
0.428
0.264
2.224
2.384
1.324
0.736
3.916
3.408
1.096
3.028
4.32
1.088
4.144
4.38
2.16
1.404
5.38
3.432
2.784
1.02
0.408
6.412
1.12
3.232
0.196
1.3
1.508
3.888
1.828
2.676
2.052
1.364
1.16
3.06
1.828
2.16
0.608
4.18
0.408
0.624
0.436
0.436
1.08
2.996
3.248
4.96
3.204
1.552
0.696
1.836
2.412
0.208
1.276
2.144
1.976
6.2
3.328
4.832
1.208
2.212
0.668
1.592
1.748
1.664
2.02
0.736
1.236
0.32
0.236
0.108
0.976
3.32
2.292
1.504
0.968
5.612
6.76
1.928
0.396
0.5
5.224
1.952
2.42
1.104
2.248
3.4
5.144
10.128
0.964
0.64
0.368
4.348
0.42
4.216
0.624
0.732
10.856
2.44
2.38
0.504
2.436
4.18
0.212
0.112
3.748
0.452
0.168
0.1
4.496
0.208
2.56
8.48
2.364
2.084
5.936
7.604
1.404
0.392
4.496
0.54
5.804
0.848
0.92
2.392
9.144
0.2
3.664
3.676
1.348
1.932
6.14
1.744
0.496
2.576
2.0
0.208
2.196
2.216
1.88
0.708
1.06
0.456
2.9
1.864
2.8
1.164
1.648
0.78
7.484
0.664
0.696
0.912
10.984
0.18
3.248
4.268
8.132
4.156
1.204
2.884
0.592
1.372
1.828
0.172
2.256
0.168
1.368
1.652
5.564
1.076
3.48
0.4
2.792
2.412
2.152
2.228
6.268
0.748
3.56
4.212
2.876
4.688
3.132
0.24
0.34
0.624
7.156
1.5
0.168
3.844
1.124
2.58
0.58
2.496
1.52
0.688
2.136
4.42
3.168
2.272
3.48
0.696
1.896
0.376
5.348
10.908
8.288
5.288
1.888
0.64
8.296
3.232
1.184
3.432
0.62
1.128
7.268
2.14
0.348
5.844
3.536
1.116
2.792
4.576
2.988
1.952
2.608
0.068
1.74
0.288
3.168
2.908
1.904
3.904
0.248
0.924
2.356
2.344
0.74
0.196
1.62
0.456
2.472
0.752
1.652
0.972
1.684
4.86
2.756
10.228
2.576
0.172
0.416
0.56
1.46
1.048
4.236
5.176
0.744
0.264
7.08
0.264
5.656
0.328
0.168
1.18
0.744
0.552
0.984
4.92
1.348
1.512
0.476
0.956
2.008
8.596
1.908
1.732
1.612
0.344
3.012
0.58
6.164
3.944
0.352
3.556
1.768
3.012
0.796
6.84
1.304
2.272
0.34
0.088
1.896
0.108
4.956
4.956
0.64
1.408
0.184
3.236
4.004
3.88
0.892
4.068
0.492
2.68
1.344
1.948
1.684
4.868
6.132
0.72
4.428
2.028
0.204
4.636
1.12
0.508
0.644
0.808
1.52
0.792
0.512
6.88
2.54
2.592
0.612
3.24
2.244
3.6
2.904
2.92
2.492
0.496
1.04
1.52
1.084
1.516
0.876
3.404
0.552
0.244
3.228
0.168
0.612
7.84
5.108
1.476
3.096
3.112
5.704
4.252
2.236
1.44
2.108
1.516
2.196
6.268
9.452
4.048
6.52
0.68
1.992
0.452
3.388
4.152
0.24
0.248
3.76
1.464
1.176
9.944
0.248
0.6
5.484
0.524
1.636
0.172
2.16
9.176
2.04
0.396
0.228
0.448
2.896
1.816
0.728
0.764
2.752
0.092
2.668
0.588
7.26
0.276
6.94
4.224
7.728
2.304
0.32
1.096
0.24
1.368
0.652
8.448
0.264
4.072
0.572
0.808
8.804
1.984
4.504
8.516
0.236
0.252
0.824
2.62
1.74
0.468
3.792
0.192
1.092
2.86
0.192
1.56
7.096
1.032
0.38
2.344
0.648
0.384
0.404
6.516
2.68
1.84
0.956
1.2
4.336
5.516
1.992
6.128
5.324
0.496
0.704
5.324
1.62
3.744
1.144
1.228
4.852
0.1
0.364
0.396
0.188
1.292
2.024
0.844
5.448
1.052
1.236
1.472
1.968
0.752
5.332
0.192
0.4
1.232
2.312
0.876
3.372
2.848
0.456
1.824
1.42
0.404
5.632
3.888
1.34
0.2
0.704
0.22
2.388
3.28
4.024
0.168
8.556
1.864
2.336
1.348
0.132
7.096
1.756
1.296
0.252
0.676
1.92
3.316
2.852
9.724
1.028
0.58
1.036
2.624
1.396
9.664
4.248
1.532
1.94
7.96
8.816
0.196
0.824
0.344
3.652
0.74
4.748
0.368
1.228
5.512
0.184
0.976
0.156
8.672
4.272
1.56
6.884
6.212
4.0
2.884
2.548
1.572
0.416
0.184
0.144
0.404
2.18
6.148
0.244
1.2
1.348
10.656
1.244
1.252
0.896
4.032
0.096
0.24
2.004
1.472
1.032
8.576
3.268
0.124
0.292
0.08
4.272
1.836
2.236
2.628
7.696
7.116
2.232
2.224
2.836
2.36
3.028
3.228
1.456
2.88
0.832
0.456
1.04
1.504
7.74
1.964
0.512
1.44
2.004
0.216
2.688
9.552
3.004
2.104
0.796
3.58
0.076
1.436
3.16
2.52
3.06
6.684
1.056
2.712
0.164
2.208
0.528
0.376
1.616
0.932
6.156
1.832
3.128
8.044
0.632
2.548
0.244
2.344
9.168
2.324
1.188
2.42
2.672
3.836
0.476
0.956
3.624
1.82
0.12
0.22
1.316
10.556
1.228
2.228
3.06
1.264
0.884
8.068
3.312
0.404
6.404
2.964
4.74
0.52
7.368
1.744
3.864
2.712
5.552
1.216
0.96
0.456
1.112
5.656
4.22
0.212
1.388
1.712
8.64
3.044
4.068
0.32
1.508
3.672
0.856
1.836
3.224
2.228
1.592
0.236
4.7
0.88
1.34
0.508
1.256
7.252
2.44
8.116
0.808
1.872
5.372
0.144
0.664
9.816
0.552
3.492
0.6
7.624
2.14
6.336
0.212
3.472
2.212
1.816
0.208
1.84
3.544
0.576
1.016
0.844
1.04
3.768
0.176
1.964
0.096
8.644
2.212
0.152
2.344
6.552
0.716
1.736
0.64
4.088
2.584
0.428
5.184
0.6
1.096
3.064
0.46
5.128
0.156
3.364
1.524
0.208
0.628
0.84
0.504
0.224
0.684
2.18
0.08
0.464
0.324
0.692
0.864
0.572
0.476
0.728
6.016
1.488
5.976
4.064
4.988
5.58
0.86
3.08
3.504
6.344
0.82
4.308
0.684
0.472
1.92
2.324
1.22
0.424
0.772
4.492
2.364
0.68
0.556
1.568
0.536
5.444
4.52
0.34
0.42
2.476
3.26
3.468
2.136
9.748
3.312
0.14
0.536
1.52
3.796
0.236
4.112
4.516
3.212
1.556
0.084
0.328
3.476
1.016
2.204
3.46
10.032
0.404
0.58
0.528
4.18
0.136
0.54
3.348
4.62
5.492
3.168
1.048
0.788
3.428
1.564
0.328
0.088
5.364
1.624
1.516
1.04
0.588
2.36
0.756
7.58
2.7
3.976
4.508
1.652
4.104
0.544
0.244
6.684
1.684
2.784
0.344
0.648
0.12
5.272
0.732
2.436
1.692
0.312
5.296
0.812
1.252
0.976
0.976
4.04
0.22
0.672
0.196
1.012
1.86
2.588
0.856
2.32
2.392
1.828
10.772
0.46
0.12
1.492
1.816
4.552
8.856
3.848
1.704
0.74
0.2
2.264
6.376
6.272
0.428
5.94
1.472
4.136
0.86
2.444
1.204
0.888
0.592
1.2
2.804
8.536
0.856
2.644
6.064
1.116
5.656
1.176
1.9
1.608
0.896
2.992
4.848
0.512
1.028
0.556
0.712
0.812
0.344
4.636
2.628
2.368
9.556
1.852
1.788
0.992
7.008
3.208
5.216
8.14
2.436
5.168
1.136
0.26
0.092
3.38
3.66
1.084
4.968
3.484
2.884
1.624
2.68
1.336
0.1
1.456
0.624
1.496
7.948
0.596
0.116
0.268
2.628
9.74
0.44
0.392
1.24
0.092
2.044
6.348
1.096
0.456
3.06
2.792
1.536
1.452
3.36
9.988
1.268
1.544
1.16
0.22
0.408
0.98
5.008
7.116
1.888
0.908
0.288
4.092
0.9
7.088
0.824
1.764
3.628
2.576
0.112
0.168
0.968
0.384
3.256
1.192
7.688
0.788
0.58
7.676
1.08
4.184
4.288
0.792
1.28
3.4
0.736
1.4
1.14
2.656
6.276
7.008
4.864
0.172
6.144
1.624
2.328
2.828
0.144
0.332
2.032
1.316
1.272
0.972
8.804
0.376
1.276
0.54
1.368
0.256
0.408
1.384
0.512
5.672
2.608
1.836
8.624
1.968
5.112
0.284
3.232
2.8
0.232
0.236
0.896
0.816
0.1
1.34
0.536
2.84
3.14
2.612
0.932
0.252
9.768
1.524
3.1
2.532
1.108
0.324
3.58
1.244
0.768
0.24
2.908
1.316
2.516
0.696
4.512
2.332
0.196
0.988
2.376
1.532
0.112
1.412
2.1
5.464
4.096
1.372
1.084
2.376
0.3
1.368
0.352
5.556
0.788
5.708
2.284
2.376
4.828
0.164
4.62
0.456
0.812
1.296
0.08
0.564
4.94
0.24
0.416
2.052
3.144
2.444
3.652
1.044
7.936
0.108
2.78
0.664
2.364
3.096
2.432
2.924
1.176
0.188
1.58
1.34
2.176
3.512
0.568
0.096
0.384
1.908
4.224
0.652
1.712
2.324
0.884
0.876
3.552
0.068
0.944
0.24
0.188
0.404
2.144
0.636
0.716
0.104
1.64
0.096
0.344
4.74
0.216
1.66
0.424
4.248
7.456
0.708
0.1
1.632
3.636
2.052
0.208
1.636
1.384
1.684
0.332
1.536
0.388
0.604
3.26
1.28
2.684
0.396
1.504
0.132
1.04
1.512
2.968
0.132
2.02
0.512
1.96
1.964
4.936
3.956
2.1
0.124
5.476
0.768
0.172
1.86
3.016
4.28
6.384
3.416
1.436
8.808
1.668
2.556
0.748
1.856
3.072
1.876
0.124
0.3
4.612
4.684
0.904
4.752
3.852
2.484
2.34
0.824
0.564
1.432
0.072
0.296
0.656
6.14
5.728
10.476
3.608
0.16
0.44
2.984
6.48
2.096
8.492
0.684
10.24
4.056
1.764
0.82
1.244
0.616
7.536
3.888
1.104
8.444
3.2
1.892
0.916
3.768
2.192
0.548
0.708
1.332
7.532
1.104
2.228
0.364
2.576
2.924
1.852
2.612
1.988
2.772
1.268
0.236
0.804
0.416
0.208
2.888
0.6
4.924
5.208
0.284
0.444
1.724
3.128
6.2
2.004
8.732
4.888
0.444
0.784
0.424
0.304
7.828
0.56
0.356
0.732
0.88
7.168
0.64
1.352
2.572
0.76
10.116
1.348
2.38
1.944
0.204
0.692
1.164
1.208
4.176
0.176
7.584
1.372
0.48
4.4
0.828
2.624
0.992
0.948
2.352
3.34
1.564
0.968
1.12
0.064
1.632
0.176
1.412
0.2
9.68
2.96
5.62
1.928
2.244
1.02
2.36
0.988
8.992
1.76
1.096
0.152
1.704
6.308
9.108
0.18
1.076
4.44
0.616
1.308
3.564
8.584
5.448
2.092
2.12
0.572
0.284
1.292
1.832
2.5
0.132
10.568
4.06
1.288
9.776
2.268
0.32
1.04
0.912
7.232
2.904
0.232
0.908
0.8
0.844
2.456
2.104
1.104
0.716
2.252
1.596
1.416
3.276
0.076
0.936
1.724
1.064
2.02
0.172
1.66
0.436
0.56
0.676
0.248
1.772
0.628
3.516
2.528
1.46
0.296
8.296
0.148
1.872
3.84
1.968
1.112
0.208
0.328
1.404
0.396
1.348
0.976
2.04
8.244
0.18
1.56
1.24
0.224
0.08
2.2
0.816
3.352
8.58
0.932
0.74
3.772
0.828
1.524
4.952
0.184
2.688
0.712
0.9
1.192
1.316
0.076
1.252
6.468
0.148
3.104
0.532
3.768
0.82
1.36
5.252
4.116
0.428
0.804
1.64
0.292
2.212
1.192
0.94
0.096
11.028
2.664
0.192
1.832
0.3
0.108
2.18
0.54
0.92
0.164
2.452
1.924
0.496
4.2
1.712
2.012
0.304
2.048
2.0
0.324
0.904
1.844
0.404
2.54
0.92
1.296
8.396
2.892
0.548
0.088
0.464
3.52
4.876
4.724
0.1
0.712
3.056
2.48
2.652
2.68
1.228
0.092
1.384
1.972
0.844
0.996
6.088
3.8
5.008
2.304
1.776
4.524
1.772
10.932
2.592
1.18
1.028
1.296
1.748
0.176
4.584
1.496
0.436
1.584
2.652
0.248
4.408
3.58
1.408
0.128
0.08
5.22
0.48
1.076
2.06
1.892
1.652
1.756
5.292
0.208
1.752
2.94
2.928
3.58
8.104
0.312
0.764
0.352
0.852
1.436
0.704
0.548
1.116
2.3
3.296
1.78
0.712
2.304
1.76
0.184
0.276
1.136
0.248
0.456
4.736
3.12
0.92
5.016
1.184
0.132
2.828
6.396
9.748
1.032
2.048
1.948
1.592
0.12
3.1
0.552
4.18
0.152
0.168
0.076
0.496
2.224
7.312
2.812
1.672
0.724
0.568
0.788
1.0
0.392
0.584
3.176
1.032
1.68
0.596
4.36
7.58
0.748
2.096
0.544
1.332
2.92
0.832
0.356
5.96
0.52
0.216
0.708
0.828
0.644
0.596
2.428
7.828
3.5
1.828
2.316
4.756
0.164
0.704
9.232
0.944
0.764
1.168
4.66
1.688
0.864
1.716
3.596
3.208
1.056
0.208
5.184
1.436
1.136
0.664
1.336
0.596
2.616
2.364
0.96
8.48
3.612
0.664
0.208
0.58
0.936
6.508
8.108
1.668
0.312
0.808
2.6
0.584
2.012
2.748
6.284
0.332
1.64
4.384
1.516
1.172
3.604
0.58
3.464
1.528
1.756
2.884
4.556
9.216
1.156
1.58
3.116
3.328
0.952
0.148
0.452
0.096
0.932
2.844
1.288
3.04
2.148
2.996
0.444
2.464
0.22
4.732
0.064
3.772
0.396
2.28
6.788
0.496
3.564
1.572
0.6
1.02
0.3
0.672
3.128
1.392
0.792
1.528
1.86
2.808
4.872
0.256
4.308
5.6
0.088
1.136
1.056
0.712
3.28
1.464
1.028
0.616
0.98
2.552
4.192
0.136
7.648
4.496
6.356
2.172
2.724
1.712
2.56
0.588
1.308
4.424
1.344
2.94
0.364
2.264
5.088
9.14
4.568
2.56
2.224
3.536
10.828
1.432
0.364
6.92
2.14
1.152
6.068
2.292
0.164
9.9
0.304
1.132
0.196
2.82
2.956
2.612
2.236
1.372
1.252
0.984
0.116
9.712
1.176
5.056
3.188
0.18
1.52
0.588
1.5
3.232
0.68
0.808
0.304
2.984
2.648
2.388
2.004
7.28
0.28
0.632
0.156
0.264
6.708
5.192
0.536
3.024
0.856
0.328
0.284
1.864
3.188
2.016
0.224
4.52
0.98
1.216
2.936
2.756
0.104
0.42
1.22
10.944
3.828
0.924
5.58
1.7
9.476
0.188
3.384
0.84
1.152
0.748
5.6
2.176
3.6
0.32
0.5
0.1
0.844
10.008
3.964
1.188
3.08
1.832
0.604
0.288
1.728
1.172
6.888
2.512
2.688
4.66
3.928
2.684
0.284
3.228
3.636
2.724
2.516
7.68
1.704
1.992
1.092
10.408
1.82
0.38
0.644
8.364
3.436
9.84
5.256
0.224
0.228
3.756
0.392
0.108
0.264
7.804
3.664
2.396
0.16
10.424
0.976
9.488
1.856
10.396
4.976
0.096
0.752
8.004
1.752
1.72
1.752
9.136
0.784
2.864
1.128
1.5
0.072
1.944
6.44
5.416
1.196
0.6
0.616
0.696
6.424
1.624
3.168
0.796
1.468
0.756
1.768
3.092
0.232
6.8
2.344
0.272
7.376
4.484
0.4
0.652
1.68
0.084
1.172
2.38
5.268
2.028
2.184
1.236
2.532
0.228
6.072
2.972
0.12
5.412
2.432
1.644
2.532
1.704
6.768
2.012
1.796
2.336
0.476
7.48
0.652
1.22
2.084
0.348
1.308
4.348
5.476
1.772
2.252
8.356
0.684
4.68
1.008
9.272
5.736
1.82
0.524
2.648
1.684
2.1
0.468
0.56
0.592
1.04
0.512
1.988
0.484
6.652
1.244
0.16
2.444
3.708
0.748
1.452
1.092
5.432
1.14
0.368
0.188
1.232
1.376
2.016
1.064
0.22
0.192
2.988
0.992
0.468
0.832
0.624
3.712
1.188
0.592
2.472
7.592
4.964
0.404
0.78
0.452
0.404
1.256
4.472
0.332
0.484
1.148
5.288
0.088
3.864
0.42
5.94
4.372
0.164
1.012
7.192
4.6
0.076
0.096
3.832
1.744
1.24
6.86
0.212
0.86
7.072
1.508
3.58
0.224
1.2
0.456
1.796
0.86
0.324
6.668
1.228
1.32
2.576
1.168
3.0
1.324
0.692
4.24
9.76
4.196
4.208
2.468
1.28
0.1
1.272
1.148
6.352
0.72
0.328
3.3
2.516
0.624
2.068
4.912
8.144
3.64
4.164
0.576
0.348
4.424
2.696
7.42
0.372
1.504
3.548
0.392
1.916
9.492
6.624
1.712
0.204
0.676
7.152
0.536
0.524
7.408
2.42
1.436
0.428
0.3
1.94
2.792
0.788
2.248
2.736
5.632
1.82
2.176
0.572
3.064
0.924
3.192
0.612
0.944
6.008
2.044
1.092
10.816
1.456
1.992
0.168
0.456
0.076
3.6
0.604
1.516
2.22
0.648
0.496
1.324
2.136
9.552
8.26
0.972
6.112
0.672
0.976
0.74
3.992
0.28
1.096
0.992
0.26
2.528
3.416
1.096
2.736
0.432
0.192
0.528
3.68
1.144
0.184
3.836
5.372
6.912
1.36
6.504
2.004
0.404
2.576
0.108
0.8
0.804
0.16
3.528
8.36
3.936
2.924
2.464
0.68
0.708
1.072
0.46
2.904
0.308
0.472
1.7
6.14
9.088
0.756
1.564
2.412
3.356
0.8
0.208
1.436
5.38
0.076
1.832
3.328
2.4
6.208
2.94
1.768
4.1
0.716
0.432
4.58
0.288
0.128
2.156
3.8
0.52
1.576
7.24
2.696
1.952
0.908
1.372
0.88
0.86
3.324
7.944
0.156
0.884
2.048
4.948
1.528
2.64
0.976
4.872
2.232
0.168
0.088
0.148
1.668
0.524
0.076
2.736
0.216
6.212
9.008
2.62
1.236
4.512
0.696
5.908
2.54
0.496
1.368
3.024
0.732
0.524
0.312
2.912
8.652
1.612
4.188
6.716
0.272
6.868
0.58
0.18
10.424
8.024
1.092
0.62
0.332
2.524
0.084
0.36
0.948
1.668
4.232
2.888
0.076
0.652
0.528
5.748
2.492
3.612
1.752
2.66
1.6
0.14
6.844
0.296
1.624
0.444
0.192
10.948
0.276
2.224
2.496
1.96
7.448
0.352
1.412
3.528
0.284
2.104
4.772
10.176
0.308
0.356
0.92
2.348
0.852
3.144
0.224
3.024
0.624
0.164
1.368
4.424
0.732
3.84
6.584
3.3
2.22
1.608
0.292
2.06
9.104
0.264
2.432
1.196
2.604
1.052
1.296
0.72
3.208
5.4
0.42
0.192
0.976
6.376
6.16
6.256
1.576
0.604
0.62
3.468
5.612
1.176
3.9
0.5
0.548
0.292
1.1
4.552
3.444
0.868
1.124
0.396
5.424
9.636
3.816
0.176
5.068
5.952
0.652
2.504
2.904
0.192
9.388
1.852
1.204
3.752
3.272
0.288
2.172
6.26
0.08
1.768
1.616
2.552
3.432
0.352
1.308
3.96
1.38
0.396
1.012
0.544
0.244
0.448
1.712
2.36
3.184
0.852
2.704
3.456
1.108
2.036
6.824
0.584
0.116
3.856
0.384
9.248
0.156
1.904
1.552
7.744
9.052
10.512
1.632
4.412
0.068
4.252
0.568
0.856
3.396
1.948
0.396
0.216
2.576
0.596
2.572
0.344
1.1
2.352
1.236
3.456
0.556
4.924
2.264
3.072
3.368
2.116
6.76
3.024
2.056
0.812
0.868
1.396
7.98
1.088
1.804
1.26
5.928
1.12
1.52
1.232
4.136
0.08
4.684
11.064
1.54
0.304
1.224
0.084
2.816
3.872
7.952
1.288
10.488
0.684
1.156
0.164
0.48
1.612
0.452
2.168
0.968
1.416
0.656
1.92
3.268
0.264
9.412
0.336
1.556
6.908
1.204
0.68
1.564
5.8
2.2
6.972
2.212
1.536
1.54
3.512
0.292
3.636
1.784
3.436
7.188
2.224
2.248
2.476
3.404
0.532
1.992
0.916
0.984
0.708
8.952
3.036
1.2
5.484
1.036
5.848
0.12
5.42
0.536
1.172
3.576
5.464
3.784
0.136
0.136
0.188
2.7
4.764
0.9
4.94
6.076
0.472
1.352
0.916
4.268
7.616
2.576
0.416
1.156
3.852
1.46
0.252
1.78
0.672
8.748
4.988
3.328
4.012
4.432
1.132
4.324
3.62
1.892
0.592
4.232
5.0
0.516
0.308
0.276
1.16
8.404
2.116
0.204
6.212
0.716
0.688
0.676
3.28
0.496
1.412
2.556
3.456
1.796
2.024
0.352
1.416
9.744
1.52
0.18
3.26
1.316
0.412
0.872
5.812
7.124
0.552
4.676
5.236
0.388
0.132
1.564
3.74
0.98
0.532
1.22
7.348
1.452
2.408
4.18
1.112
2.98
9.4
1.252
1.052
1.072
6.444
0.64
3.648
2.924
4.124
6.412
1.372
2.976
4.908
1.54
0.656
7.992
2.436
1.208
1.1
2.612
8.632
1.168
2.66
0.204
0.144
1.808
0.092
2.936
2.992
2.092
5.42
0.896
5.024
6.38
0.736
4.008
5.636
6.904
0.632
1.392
1.852
0.776
3.724
1.42
3.736
9.992
0.34
3.544
1.008
1.352
2.456
2.636
9.348
2.144
2.232
2.068
6.504
3.128
2.412
7.12
3.056
0.804
0.356
2.188
2.804
1.372
3.5
0.944
1.464
2.812
2.536
1.22
0.932
6.312
0.476
3.776
0.596
0.388
0.436
1.36
0.268
0.408
0.764
0.88
9.628
0.564
1.656
0.176
5.144
2.2
0.384
2.316
0.88
0.54
1.564
0.428
2.472
8.2
0.608
2.668
9.344
2.08
4.912
0.372
1.148
1.856
9.264
1.232
0.464
1.484
0.428
2.172
2.064
8.448
1.08
2.392
0.6
1.16
1.356
0.224
0.684
0.776
3.184
0.808
0.068
0.564
1.016
4.884
0.548
0.468
6.32
1.736
0.944
0.36
4.232
1.216
0.548
11.076
1.412
0.512
1.444
3.992
0.82
2.928
0.304
1.176
3.04
0.98
0.984
1.164
0.348
2.396
1.544
1.508
5.736
0.128
0.112
3.788
0.376
2.048
9.844
2.256
1.056
2.468
0.944
4.808
5.248
3.468
2.92
6.832
3.032
0.576
0.832
2.876
0.752
0.656
1.736
4.152
1.028
3.636
0.396
2.98
1.56
1.148
1.616
0.82
1.86
0.2
1.188
2.488
0.18
5.612
0.604
4.612
1.248
6.584
0.984
0.296
1.028
4.984
0.104
0.824
0.24
1.896
1.516
0.52
2.744
0.572
0.548
0.488
5.848
3.076
4.096
2.208
2.024
1.264
4.16
10.436
0.544
1.988
2.94
0.14
6.672
2.048
1.62
2.384
0.5
5.88
0.428
1.412
1.212
1.792
2.496
3.172
0.572
1.712
4.352
1.136
0.736
0.916
0.368
0.84
0.18
2.024
7.116
7.26
0.984
0.696
0.84
7.824
2.904
3.344
0.108
3.14
4.312
0.964
2.064
0.18
0.168
0.292
0.836
2.86
0.136
1.096
0.764
2.316
3.0
0.244
1.356
0.388
1.124
2.756
2.38
0.252
0.616
0.32
4.608
3.228
8.184
1.788
4.164
4.04
2.372
1.184
8.248
0.32
0.636
0.44
1.3
9.544
5.348
6.304
1.424
0.156
0.656
7.932
4.944
2.508
3.488
3.096
0.516
5.02
1.032
7.5
6.128
6.472
0.508
2.224
7.464
0.38
2.744
3.56
0.124
3.716
0.148
0.328
0.624
0.16
0.088
0.824
3.94
0.824
1.016
0.456
2.312
4.124
0.144
0.1
0.516
3.28
3.408
4.672
1.588
8.072
0.548
0.952
0.756
2.64
0.44
1.512
3.056
1.748
0.224
6.884
10.804
0.08
2.896
4.048
0.184
0.68
3.168
0.436
0.592
0.676
0.188
1.232
5.1
1.352
0.668
1.064
3.136
2.188
2.832
7.3
2.956
7.98
2.956
1.696
0.704
1.184
10.092
0.156
6.488
0.076
6.816
0.14
0.56
0.076
2.296
2.604
1.48
1.988
5.2
2.384
4.252
3.092
1.144
3.58
0.428
8.556
6.22
2.776
6.516
1.864
4.216
1.372
0.228
1.688
2.46
6.86
2.464
1.148
0.452
0.428
0.588
0.896
0.744
0.944
0.916
0.764
0.496
0.312
4.748
2.168
2.788
5.032
2.236
1.352
0.364
2.54
3.86
1.624
3.78
0.336
0.448
0.616
0.344
8.392
5.744
0.376
3.516
1.436
4.0
1.44
0.152
8.22
0.144
0.328
5.316
1.956
1.932
0.584
2.92
1.7
0.212
0.804
4.136
0.356
4.548
0.44
1.584
0.212
0.132
0.188
0.656
0.28
1.332
4.052
5.656
5.972
3.964
3.184
5.18
1.836
1.768
0.476
8.668
0.5
3.828
1.904
0.14
0.212
0.976
1.164
4.736
8.8
1.556
0.772
4.312
0.08
1.532
2.628
2.684
1.196
0.904
1.38
5.184
2.888
3.148
2.016
3.508
1.4
1.464
4.82
0.236
0.14
3.564
6.308
0.44
4.212
3.72
10.396
0.172
2.124
2.668
3.116
0.076
1.232
0.404
2.3
1.104
0.34
0.764
0.964
0.532
0.82
0.708
0.372
2.452
0.196
2.168
0.236
0.668
0.292
3.796
0.228
2.54
3.208
0.632
6.38
0.092
4.472
2.52
1.312
10.716
2.42
1.872
5.276
1.552
3.016
4.5
0.904
1.328
0.428
1.668
5.208
2.336
0.484
5.156
0.208
1.108
0.364
0.756
2.1
0.32
3.056
5.056
4.992
0.244
0.132
0.496
1.9
0.608
1.368
3.452
2.576
0.236
2.412
0.196
0.512
1.532
8.408
0.432
2.16
3.308
9.932
4.88
1.736
4.136
0.376
5.396
0.632
2.92
2.692
1.444
0.12
1.0
5.892
0.604
1.1
1.68
0.312
0.6
2.328
3.9
0.076
0.432
1.232
0.516
10.012
4.364
0.408
2.064
0.232
3.7
1.2
0.576
1.624
7.092
2.564
2.432
0.724
1.804
0.676
2.348
4.688
2.164
1.656
1.712
0.328
8.332
0.748
0.08
0.544
2.552
4.68
6.384
1.072
1.848
0.436
7.016
0.916
2.156
2.256
0.076
3.264
8.132
10.296
0.076
2.012
0.2
2.308
1.976
3.872
1.156
1.684
5.1
1.716
0.576
4.644
1.368
1.256
1.372
4.796
0.728
2.14
0.456
8.44
1.508
1.14
2.408
2.296
2.532
5.552
0.568
1.428
0.364
3.004
0.58
1.616
3.456
5.132
4.768
6.468
5.592
0.94
0.532
1.712
0.62
0.372
9.024
1.968
0.54
4.54
1.252
3.468
0.068
2.628
2.348
2.788
2.256
0.46
0.776
0.088
1.816
4.42
0.972
7.348
0.864
0.532
7.616
3.572
0.764
0.12
0.82
0.92
0.432
2.232
5.74
9.556
0.648
1.42
1.42
1.048
4.136
1.296
2.012
2.66
1.676
0.536
0.9
3.188
1.296
0.16
3.68
0.256
7.64
2.464
0.664
5.18
0.092
0.404
2.432
1.86
0.548
2.188
5.164
0.896
4.26
2.08
2.012
4.088
0.364
0.616
4.352
7.664
0.248
1.324
0.2
1.812
1.644
4.308
1.832
1.16
0.588
3.636
2.188
0.076
2.692
7.912
4.54
1.116
1.464
3.516
0.24
0.084
2.26
0.58
4.404
0.184
2.204
3.764
2.16
2.92
0.384
3.256
2.724
1.932
0.352
2.076
3.892
1.072
0.592
1.356
3.66
0.328
3.828
0.324
2.716
2.632
9.704
2.52
0.356
5.0
1.84
0.64
1.916
0.908
0.608
2.056
0.304
0.352
10.232
1.304
0.192
2.452
5.596
1.244
2.096
2.268
1.208
1.044
3.532
1.88
2.188
7.128
0.096
9.172
0.752
0.728
1.552
0.288
3.364
5.904
0.88
1.844
1.204
1.336
2.696
1.76
2.096
3.164
0.832
1.252
0.32
3.596
0.908
1.088
0.348
0.068
0.124
1.116
1.78
3.924
0.704
5.336
4.548
2.836
6.692
0.768
0.712
7.692
5.36
8.484
3.44
4.612
1.084
0.332
3.236
0.196
4.2
1.132
0.24
10.68
2.432
0.992
2.512
0.476
3.036
0.108
3.512
4.496
0.728
1.368
2.648
1.152
0.284
1.972
0.268
1.392
1.212
0.604
1.004
2.424
3.04
2.236
0.62
0.828
4.292
0.604
0.192
1.88
3.756
1.26
2.332
1.664
0.092
10.076
0.828
1.028
4.728
1.788
2.22
0.468
1.26
0.648
2.288
0.14
1.852
0.656
2.664
4.328
1.772
0.736
1.992
1.26
1.468
0.572
1.58
5.748
0.356
1.16
0.892
1.128
1.544
1.824
0.272
0.66
2.028
1.948
0.3
2.384
2.892
5.392
4.628
2.856
1.924
0.412
0.16
0.86
0.068
0.188
1.892
6.636
0.14
5.136
1.328
5.056
4.756
0.476
1.448
0.524
1.84
10.672
5.02
1.18
0.356
9.412
1.568
0.076
0.32
0.3
1.524
0.74
2.492
1.76
2.472
2.816
2.924
5.852
5.636
0.704
3.58
2.612
4.544
5.9
0.7
0.16
0.412
1.308
2.648
0.984
8.884
2.168
0.34
6.724
0.936
7.612
4.332
2.408
5.204
3.772
1.028
1.764
2.868
1.272
0.708
0.168
0.14
0.592
0.524
0.948
1.74
0.536
0.212
1.044
1.288
3.74
2.088
0.092
6.06
4.46
2.008
0.664
0.616
6.056
3.484
2.392
0.692
0.152
0.968
0.768
0.568
2.12
2.144
6.856
3.984
0.844
0.112
6.648
2.948
1.58
2.26
1.28
1.636
0.636
6.004
1.616
2.284
0.104
0.924
1.536
3.604
5.368
2.236
1.832
6.008
2.512
1.756
1.388
1.792
4.14
0.452
6.092
3.012
4.672
0.14
2.996
2.964
0.844
0.304
0.24
2.796
2.992
0.536
0.68
1.312
1.484
3.804
1.704
3.408
0.968
1.144
6.108
3.868
7.272
2.688
1.44
2.576
1.816
0.136
3.144
0.104
1.2
4.644
0.692
0.436
4.28
0.904
3.728
0.68
2.488
6.428
0.204
4.944
0.104
0.108
1.336
1.424
2.908
1.732
3.12
2.3
0.224
0.96
3.584
4.832
0.348
0.804
6.524
1.288
0.492
0.264
6.928
1.94
1.74
1.608
1.48
0.844
2.364
0.392
10.824
4.992
0.176
1.524
0.864
5.408
0.74
0.976
1.98
1.792
0.336
0.708
3.36
0.996
3.936
2.672
2.024
4.112
0.52
6.364
3.6
1.812
0.704
1.612
0.624
2.896
7.424
8.188
6.456
1.964
0.32
3.02
0.784
8.204
0.184
0.224
0.096
2.416
3.26
8.224
1.916
0.312
0.132
2.58
1.384
5.348
1.936
2.352
2.576
0.208
1.032
5.3
7.976
2.356
5.3
4.224
1.684
1.172
0.46
9.376
8.696
0.384
0.544
0.272
2.764
1.532
4.264
0.548
1.48
5.016
1.424
10.388
2.356
2.796
1.124
4.616
2.208
0.132
1.448
1.644
3.032
2.476
0.844
2.008
5.648
1.332
0.276
3.228
0.592
2.896
5.588
0.184
9.088
0.428
0.78
3.68
2.42
4.312
2.364
2.468
1.892
0.364
6.556
5.364
1.696
0.144
1.54
1.912
0.232
3.644
3.56
0.596
7.472
10.224
2.588
1.476
0.372
7.54
3.656
3.776
2.788
0.24
0.1
0.656
1.664
2.512
1.708
1.256
0.384
0.2
0.116
0.776
3.084
0.872
0.224
1.664
4.468
2.412
2.072
9.212
2.464
0.892
3.092
2.524
1.024
2.376
0.56
1.036
1.912
6.012
0.172
2.616
0.76
1.332
1.864
0.428
7.852
2.888
8.404
3.484
3.392
1.908
1.316
5.888
0.844
0.764
0.448
1.896
1.836
0.428
0.076
0.524
2.228
1.608
3.072
0.852
0.16
0.968
1.748
9.36
0.284
0.94
0.408
0.156
0.9
0.704
1.636
2.068
0.528
0.204
0.76
0.648
0.404
0.336
2.432
1.144
3.572
0.988
1.236
1.52
5.148
0.204
5.704
2.04
1.392
1.06
0.324
1.54
0.832
0.324
8.936
5.944
0.256
0.068
3.828
0.984
1.812
2.996
3.552
3.58
2.764
1.128
4.436
3.144
1.8
0.272
0.588
0.536
0.996
3.096
0.884
1.52
0.5
0.396
4.084
0.492
0.316
2.58
1.48
0.976
0.98
1.104
2.408
0.944
1.512
1.98
1.6
0.848
0.524
3.348
2.232
0.076
0.268
1.948
1.688
1.256
6.472
3.652
0.668
0.408
1.556
3.656
0.336
0.484
0.872
1.112
5.324
0.584
0.068
0.968
1.72
3.46
2.036
0.984
2.476
2.14
1.692
0.172
1.624
0.828
2.144
0.124
2.308
2.46
1.888
1.132
1.332
6.288
2.616
1.536
1.356
0.276
4.904
6.344
2.368
0.66
0.94
1.444
2.544
0.176
3.536
1.224
5.12
0.632
1.556
4.732
4.976
0.964
1.308
4.692
1.444
1.144
0.572
0.724
0.892
0.456
0.948
1.452
0.088
0.72
3.96
0.528
7.324
0.152
0.584
9.372
4.24
1.048
8.064
1.512
1.76
0.944
5.984
5.296
1.264
6.628
0.84
7.324
2.736
0.34
2.984
0.384
4.864
1.296
10.204
0.9
2.472
0.28
4.328
2.348
0.708
0.856
1.328
2.8
5.176
3.396
1.004
3.04
0.864
1.668
2.332
0.212
1.16
0.232
3.548
1.176
0.372
0.104
0.34
0.748
1.292
1.756
1.312
1.66
1.928
0.772
1.556
5.476
3.724
0.144
1.492
9.472
0.576
0.104
2.808
0.94
0.088
2.444
1.516
3.276
9.036
0.46
2.06
0.708
1.428
0.78
0.148
0.836
3.612
1.136
1.256
1.94
1.48
5.632
8.3
4.52
2.984
1.116
0.128
7.064
0.144
7.028
1.74
2.316
3.508
1.56
0.552
0.568
1.724
2.16
1.4
3.468
1.18
1.916
1.58
0.076
0.548
4.24
0.876
2.912
5.98
2.064
2.18
0.564
4.916
0.16
4.604
3.408
0.208
1.16
0.196
0.616
0.916
3.272
1.724
0.52
5.432
1.68
2.696
1.432
1.024
5.104
0.124
7.54
8.616
6.556
0.412
3.168
1.968
1.32
1.896
1.272
0.96
0.808
1.468
0.296
0.064
3.536
1.348
1.604
1.856
1.384
0.3
4.152
0.232
4.556
0.264
1.896
3.652
1.856
0.92
0.08
0.388
2.076
0.268
2.276
0.828
1.468
0.08
9.948
2.872
3.576
7.076
4.968
8.0
1.54
7.12
0.336
1.184
1.928
0.812
0.912
0.304
1.336
0.98
0.4
0.512
0.96
2.44
1.372
0.644
0.364
0.704
0.924
1.772
0.4
0.716
0.748
1.468
1.996
5.236
2.004
7.32
4.0
6.068
3.188
2.332
0.384
1.28
0.136
4.396
0.876
0.344
2.936
1.332
3.516
1.276
1.356
3.7
3.692
0.092
3.832
0.52
0.788
4.4
0.196
1.436
4.252
2.008
4.616
0.592
1.908
3.58
6.12
1.824
7.776
2.388
2.244
9.452
0.076
3.84
0.252
2.272
2.172
0.54
6.7
3.66
3.284
2.812
0.42
0.736
0.124
0.82
4.684
2.376
0.504
1.688
2.564
0.068
3.456
5.732
1.492
1.728
5.752
0.168
0.828
0.256
3.504
1.328
7.864
1.932
0.796
1.708
0.824
1.544
3.092
0.124
2.256
0.112
1.04
1.028
0.124
1.172
0.148
0.124
0.328
0.072
8.068
7.516
2.648
5.74
2.948
0.5
0.42
1.448
5.924
0.132
2.188
0.22
4.764
1.032
1.008
0.392
0.48
0.592
1.24
0.364
0.456
0.96
0.072
1.468
4.192
0.26
0.884
8.2
1.0
0.88
8.688
0.66
0.7
0.228
0.08
4.58
1.14
5.488
0.756
0.836
6.208
3.264
1.924
6.684
0.228
7.532
3.444
0.236
1.012
1.328
1.192
0.48
2.572
4.088
3.552
10.704
2.388
2.188
0.576
0.216
3.344
5.756
0.208
0.288
1.256
0.944
1.852
0.76
0.672
1.292
0.84
1.056
2.104
0.728
0.144
5.42
2.452
0.364
0.216
2.04
1.524
7.348
1.468
1.472
0.32
1.06
0.52
0.716
8.308
1.008
3.356
0.728
3.908
4.62
2.124
5.516
0.22
0.808
3.16
1.876
2.176
7.408
0.08
0.756
1.32
0.104
5.892
4.476
1.46
0.976
1.52
0.724
0.496
4.492
7.416
0.792
4.396
0.628
2.356
4.876
6.716
4.668
0.868
1.8
1.584
6.124
4.888
2.316
0.18
1.1
1.6
0.112
2.416
0.992
0.98
1.42
0.804
4.364
0.176
0.188
8.012
4.904
0.368
0.532
3.684
1.024
1.556
7.344
4.656
0.424
2.848
0.128
2.904
0.16
8.108
1.028
2.896
0.908
3.524
1.108
5.132
1.064
0.216
1.656
0.46
5.336
3.376
2.628
1.312
5.9
0.212
0.372
1.168
0.372
1.504
0.22
8.836
5.78
4.224
0.092
2.384
2.812
2.896
0.392
7.392
4.128
1.968
0.132
0.268
0.176
2.608
8.668
1.208
4.504
0.22
1.82
5.436
6.616
1.476
1.616
0.964
0.22
1.608
1.032
11.068
2.884
4.828
1.488
2.128
5.564
2.772
1.016
7.884
8.96
9.088
5.248
0.424
1.9
7.864
1.764
0.416
1.324
0.864
2.152
0.988
3.324
0.396
0.464
1.744
0.764
1.144
2.8
0.828
1.048
6.804
1.336
1.164
0.628
1.064
1.34
0.196
0.468
1.496
2.736
0.412
0.696
1.564
1.756
2.076
7.308
1.812
0.656
0.132
2.612
1.136
7.296
3.124
0.452
3.928
0.208
9.34
1.316
1.964
0.412
3.62
2.024
0.236
3.772
4.96
3.036
0.26
1.532
0.168
2.108
0.612
0.144
1.944
0.976
6.272
1.488
3.704
6.068
0.464
0.752
7.252
8.844
1.116
3.296
0.156
0.384
3.18
0.668
1.56
1.652
2.616
2.856
1.06
1.18
4.752
5.712
1.736
3.496
1.012
0.812
1.208
0.26
7.292
3.216
0.408
0.068
0.664
1.216
0.204
2.516
0.14
1.584
7.652
5.344
1.252
0.188
1.096
3.832
4.9
0.908
0.316
3.616
4.956
5.812
3.608
8.588
1.56
1.2
1.5
7.356
4.9
1.08
5.908
1.212
4.176
3.644
0.156
0.612
2.824
4.456
0.16
1.612
1.544
4.812
10.256
2.44
1.156
0.188
6.088
3.052
2.624
0.088
4.64
0.388
4.036
2.256
9.524
2.376
1.228
0.844
3.744
1.604
1.008
3.352
1.74
1.348
4.336
1.264
0.74
0.744
0.72
0.172
2.008
0.324
3.372
1.088
9.972
2.664
8.08
2.32
0.92
0.816
0.224
0.784
1.5
4.148
3.24
0.456
1.46
0.184
0.676
0.8
0.252
0.98
0.828
0.676
1.468
1.456
5.0
0.144
0.308
2.408
0.784
0.648
1.244
1.98
0.28
1.972
5.024
1.328
1.412
2.22
1.544
9.772
3.304
0.404
1.184
1.08
5.556
2.124
0.764
2.796
3.308
1.528
1.148
1.372
1.396
2.448
4.716
2.904
1.592
0.62
3.612
2.264
5.164
0.136
4.78
0.732
1.3
1.996
3.692
1.5
2.568
10.132
5.016
1.1
3.332
8.688
3.912
0.4
2.452
1.12
0.544
1.5
4.804
1.068
1.948
5.044
0.916
0.288
4.636
4.552
1.24
1.464
2.124
1.004
3.104
1.252
1.704
1.036
0.516
1.42
2.908
5.088
0.772
1.212
1.092
1.044
9.412
1.212
5.22
6.756
8.276
2.348
0.264
1.152
1.544
5.104
3.9
1.164
1.572
7.316
4.596
0.34
8.632
6.312
1.496
4.752
1.972
5.12
4.376
0.276
1.408
0.352
1.5
0.792
1.832
0.352
2.9
0.588
4.004
7.848
0.872
1.94
3.02
1.616
1.24
0.296
2.696
0.192
2.564
3.184
0.664
1.308
2.132
1.4
0.884
3.804
2.56
5.64
4.26
3.68
2.104
1.216
0.792
0.964
2.552
1.752
0.628
3.076
0.352
0.336
3.964
0.916
0.248
1.004
0.6
3.296
1.128
0.86
0.424
2.064
10.812
3.284
2.088
4.696
0.216
1.24
3.996
3.484
7.596
2.452
0.96
3.872
0.128
10.844
1.276
1.22
10.204
0.232
3.88
1.724
0.164
2.056
1.508
0.132
0.92
3.016
5.096
0.32
4.444
0.468
1.26
0.208
8.588
5.78
0.432
0.932
6.076
0.196
4.72
8.736
0.292
0.648
2.04
1.796
0.184
2.884
0.9
1.044
1.792
1.656
0.136
0.112
5.748
1.952
1.028
1.272
0.356
3.024
0.176
10.992
0.068
0.496
0.572
4.12
1.668
7.58
7.252
2.28
2.624
0.104
1.12
0.192
1.62
2.16
1.968
0.3
1.712
0.176
2.38
1.12
3.264
4.036
2.032
1.276
2.256
7.156
1.964
2.368
0.2
1.268
0.268
1.568
7.896
3.232
0.116
1.712
2.212
2.928
0.12
2.884
1.224
0.416
0.54
1.728
1.708
4.876
1.188
2.228
0.616
0.468
1.172
2.12
0.796
1.72
1.108
2.352
0.1
6.68
1.592
0.224
0.388
0.352
5.188
0.8
0.188
0.948
1.44
1.732
5.144
5.224
6.804
5.692
0.644
0.276
0.252
0.66
4.216
10.076
0.92
1.236
10.072
1.328
0.316
0.84
6.94
9.58
1.636
0.34
0.068
0.164
3.64
5.204
1.22
0.516
0.888
0.208
5.492
0.584
1.032
1.9
2.048
0.272
0.884
2.236
0.86
0.22
2.648
1.452
3.316
0.444
6.236
2.824
8.7
4.512
2.284
4.804
0.2
0.14
0.124
6.036
4.428
4.78
1.532
3.576
1.372
1.664
1.616
2.008
1.536
2.076
0.252
0.22
5.976
2.596
1.148
2.244
0.804
2.344
1.552
3.384
4.012
11.02
9.804
1.388
0.72
5.284
4.296
3.036
0.596
3.892
2.2
1.34
3.324
1.084
2.232
3.944
2.408
3.984
1.8
2.64
0.592
5.148
0.18
1.172
6.908
0.948
2.448
3.012
1.148
0.28
0.22
1.976
0.232
3.432
0.616
2.276
8.632
4.084
0.308
0.36
4.916
1.368
1.22
2.036
3.544
1.588
0.668
0.432
7.224
1.536
1.74
0.376
0.788
1.016
4.132
2.912
1.844
3.796
1.864
2.152
0.464
0.1
1.392
3.256
0.508
0.104
0.852
0.196
3.22
11.084
3.468
2.644
3.556
0.956
0.128
2.896
4.812
0.208
7.156
0.488
6.376
0.804
5.964
4.696
5.536
2.436
0.228
3.156
1.04
5.152
0.164
5.428
1.916
0.752
4.452
8.324
3.792
1.644
3.78
2.544
0.336
4.332
0.28
5.312
0.312
2.084
2.732
1.708
0.96
0.684
5.132
6.648
1.82
5.312
5.228
2.112
2.316
2.7
1.604
3.808
2.04
4.092
0.852
1.836
9.368
1.756
0.24
5.076
2.12
0.16
3.416
5.708
5.172
2.376
1.156
1.396
3.212
1.28
0.664
0.516
0.336
0.668
3.664
2.18
0.928
1.472
0.408
1.336
1.108
1.792
3.052
1.784
1.064
0.388
1.06
3.176
5.712
1.996
1.024
0.608
0.724
7.336
3.132
0.552
0.932
5.904
2.344
0.1
1.72
0.46
0.132
2.908
0.188
1.468
2.332
0.516
3.692
10.04
0.272
0.26
0.276
2.896
3.32
4.04
6.252
4.54
0.556
0.324
1.452
2.028
3.42
0.936
5.724
3.096
4.432
3.328
2.508
0.684
2.596
5.32
1.112
10.44
3.32
8.396
0.52
1.652
2.068
3.416
0.78
3.14
2.448
1.188
0.16
3.336
0.76
0.708
6.296
1.212
0.296
2.428
1.028
0.132
3.24
0.508
0.316
1.148
2.604
2.468
1.928
2.352
6.272
5.628
2.628
5.32
3.924
1.352
0.284
0.12
4.348
2.036
10.796
0.46
2.2
1.812
1.6
2.584
1.504
2.748
5.664
0.348
0.828
1.312
5.932
0.988
0.328
0.352
0.276
6.656
0.216
1.22
0.8
1.904
1.34
4.856
2.932
0.148
1.804
1.76
2.164
2.836
0.172
0.848
0.28
5.008
1.376
0.28
1.416
0.36
8.488
1.364
0.26
1.468
0.096
0.132
0.72
2.036
4.28
0.248
9.276
1.96
1.184
4.0
0.956
1.06
4.316
0.592
0.172
5.26
0.772
0.184
0.084
0.088
0.54
1.968
2.52
2.768
10.884
0.172
3.492
1.928
0.248
0.716
1.464
0.22
0.3
0.36
4.592
0.156
4.012
6.132
0.088
2.96
0.732
3.98
1.028
2.88
2.524
3.404
0.9
0.6
2.24
0.292
0.892
0.264
0.252
3.428
0.768
2.568
7.108
0.224
0.356
1.516
2.048
4.98
0.956
6.84
0.868
0.9
1.592
1.016
2.136
2.528
3.136
7.648
3.78
0.676
5.544
0.824
9.548
1.26
0.268
1.476
1.54
2.728
1.18
8.556
0.492
1.468
1.272
0.992
0.632
7.916
5.512
4.2
0.788
1.948
4.724
2.988
4.452
0.652
0.24
0.184
3.028
3.604
2.584
1.044
0.44
1.212
7.944
2.304
0.776
0.82
1.964
0.256
0.1
2.872
2.356
3.148
4.504
1.64
0.66
1.144
0.7
0.756
0.52
7.76
10.988
1.556
2.012
2.2
1.656
0.676
0.428
3.288
1.16
2.984
2.972
2.576
1.332
0.252
3.376
0.088
2.624
7.248
0.364
1.584
6.58
0.42
2.26
0.068
2.38
0.52
0.1
0.768
0.976
0.08
4.256
5.372
7.284
1.888
1.42
6.6
0.776
0.328
1.212
4.752
2.508
1.124
0.68
4.088
1.508
3.16
4.24
8.584
8.432
2.712
1.712
1.124
1.828
0.744
2.964
3.936
4.844
4.452
6.376
0.656
1.824
1.76
1.896
0.204
2.648
2.612
1.724
1.564
4.728
5.224
1.52
2.548
6.708
3.22
0.876
4.972
2.352
0.168
4.964
0.192
3.988
0.876
0.684
11.056
4.504
1.96
1.388
2.652
5.436
2.452
1.94
2.008
0.112
2.308
0.44
1.128
5.624
5.036
1.744
0.228
0.204
5.78
2.728
1.356
0.492
2.748
0.796
8.628
1.476
5.188
4.736
6.828
1.888
1.336
4.008
2.556
0.592
1.264
3.728
0.7
0.84
0.408
0.912
3.868
3.892
2.08
4.556
7.108
7.58
0.1
0.52
3.024
5.948
5.692
4.524
1.188
1.208
2.588
7.708
0.26
1.392
2.148
1.528
3.964
6.672
2.232
0.26
0.236
1.636
0.096
0.312
0.936
0.088
0.152
0.632
9.116
0.448
1.104
2.764
0.408
0.312
0.92
0.46
8.876
7.248
1.712
0.804
4.248
0.452
5.036
0.256
3.056
0.568
1.896
2.104
4.496
7.088
2.228
0.428
1.836
0.26
1.648
1.46
0.944
2.064
8.44
0.844
2.456
0.136
0.828
1.608
1.16
3.14
3.056
5.972
3.18
1.04
0.756
1.02
2.248
0.232
3.996
0.284
0.484
2.448
1.368
1.216
0.532
0.408
0.144
9.072
1.868
1.676
4.26
5.14
0.072
5.932
2.528
0.76
0.664
0.62
1.696
10.532
0.928
2.848
4.7
0.292
5.26
0.084
4.86
5.268
1.924
0.212
1.468
2.836
0.54
1.7
8.64
8.316
0.888
3.872
1.444
0.964
4.952
7.448
2.824
2.752
0.48
5.9
0.52
1.312
0.508
0.86
2.884
7.692
2.364
0.964
0.776
10.528
1.872
1.16
0.948
0.784
5.684
4.156
6.528
3.108
2.02
2.476
5.376
0.384
2.084
0.636
2.424
7.648
4.44
1.968
0.268
0.176
2.504
0.896
3.62
1.888
0.092
1.864
1.564
1.316
3.488
0.552
1.944
0.208
2.472
8.88
0.396
2.344
0.28
1.396
5.196
1.628
2.4
8.1
4.432
3.172
0.144
0.424
11.004
0.652
4.148
1.644
2.124
4.612
0.832
1.508
0.088
0.6
3.588
4.136
1.216
0.328
0.728
0.284
0.848
8.172
1.352
2.34
1.712
0.26
1.448
0.464
0.492
8.452
3.692
7.944
0.372
3.752
0.456
0.52
2.204
0.076
1.0
2.472
2.396
1.512
1.188
2.456
4.68
3.344
3.312
5.792
3.92
1.148
0.228
6.412
10.096
1.044
4.42
0.332
3.844
0.232
0.16
0.732
2.74
3.628
2.568
6.808
1.148
0.5
2.392
0.98
2.088
1.432
1.056
6.428
0.232
0.376
3.132
1.74
3.672
1.684
6.508
0.164
8.06
0.948
0.764
1.532
3.796
0.636
1.18
5.464
1.296
3.212
1.388
0.624
8.592
2.04
1.476
3.068
0.524
0.908
0.292
0.752
7.988
0.304
6.812
3.028
2.756
0.392
0.836
0.132
2.016
0.792
0.276
5.8
0.084
0.484
0.412
5.648
0.792
0.5
2.972
2.232
2.396
2.62
3.084
0.156
1.092
1.24
4.28
0.252
1.44
2.364
0.3
3.18
0.728
0.296
0.196
1.096
0.492
0.876
0.648
2.244
0.804
0.912
0.2
8.344
5.724
3.664
3.22
1.412
3.392
2.736
2.112
1.056
0.512
2.852
3.004
0.136
5.384
2.312
4.844
5.224
6.256
2.032
0.6
0.524
3.04
3.8
2.148
2.748
2.66
2.984
1.268
2.536
8.06
0.668
0.164
3.304
2.864
8.364
1.236
1.092
0.452
0.164
1.06
2.18
0.116
1.448
3.576
6.864
0.46
1.32
3.788
0.52
1.636
1.564
2.956
0.148
2.184
1.96
1.296
0.48
1.948
1.98
0.184
1.32
0.196
0.196
1.44
0.44
1.036
3.064
2.496
3.676
2.792
0.076
1.02
0.832
7.828
0.776
1.548
2.112
0.368
2.256
0.836
2.432
10.412
4.852
0.74
3.836
4.28
0.876
7.584
0.068
0.748
3.332
0.712
0.752
2.684
0.996
6.384
0.328
1.852
1.444
1.396
0.708
3.888
0.768
0.188
6.488
4.044
8.588
6.556
6.476
0.232
1.6
6.704
1.876
0.8
1.964
0.76
6.524
0.504
2.82
0.64
2.224
6.264
0.912
3.02
5.424
1.212
5.192
5.32
5.08
1.688
0.088
3.028
2.508
1.584
0.976
0.068
0.104
1.756
1.764
1.636
1.304
6.84
2.268
9.516
5.56
4.652
2.136
0.608
0.588
7.024
2.316
2.2
2.444
1.412
2.656
0.956
3.08
3.84
1.548
2.256
9.212
3.276
0.852
1.524
3.696
4.568
3.62
1.004
2.048
1.352
7.076
2.484
6.384
2.616
0.344
9.324
0.66
5.708
0.68
5.26
7.752
4.892
4.292
1.412
1.412
0.26
1.296
1.448
8.452
1.68
1.388
3.448
1.42
0.944
0.68
1.82
5.996
7.248
0.372
2.648
1.844
0.372
2.696
0.116
1.648
0.264
2.468
4.46
0.252
0.812
0.772
3.232
1.064
1.24
0.32
1.448
0.852
2.508
3.312
0.716
0.236
1.724
2.452
4.684
1.364
0.212
0.144
5.156
2.284
3.408
5.6
2.704
2.208
3.376
0.208
10.46
0.42
8.068
5.404
2.74
0.732
2.832
1.48
5.032
2.596
3.616
2.436
3.348
1.036
3.652
4.132
1.216
4.068
4.58
0.452
0.656
0.548
1.964
7.224
0.916
0.44
6.236
3.816
0.224
3.652
3.6
0.584
8.044
5.444
0.364
2.592
2.988
0.144
0.496
0.38
0.38
4.032
8.14
7.452
1.34
0.724
1.528
0.608
1.328
1.072
0.84
4.516
1.008
0.156
0.348
0.388
1.44
4.196
0.892
4.904
0.1
1.404
2.848
0.14
1.548
1.176
2.56
1.028
3.6
0.084
2.52
0.18
0.676
10.52
4.388
7.484
9.928
0.9
0.492
1.096
1.096
1.872
0.356
3.256
1.076
1.712
0.772
0.916
2.308
1.38
4.456
1.748
6.944
4.848
3.516
1.132
3.04
2.264
1.124
4.992
1.084
1.352
0.18
0.276
2.868
2.64
0.1
2.796
1.06
0.312
4.192
0.148
6.988
0.548
4.132
2.6
4.256
1.12
2.016
2.216
3.86
7.8
2.28
1.404
0.828
1.04
0.176
3.924
3.744
0.14
1.988
0.184
9.536
8.428
3.036
4.228
0.512
1.684
0.78
0.328
9.496
7.604
1.896
1.48
1.392
2.74
3.444
0.988
0.264
1.148
2.952
3.42
0.488
0.38
1.248
8.02
2.312
0.704
4.908
0.712
0.604
4.308
0.992
0.812
0.14
0.596
1.164
2.668
0.536
3.268
0.344
7.736
5.564
0.356
5.26
2.784
4.556
1.444
4.504
1.648
4.272
6.392
0.712
2.256
0.416
1.424
2.4
0.764
8.58
0.976
1.88
6.612
0.376
1.58
5.076
3.972
0.196
10.652
2.904
1.484
2.248
7.128
3.428
1.668
0.416
0.084
4.812
0.5
1.988
10.816
1.608
5.46
0.304
5.916
0.472
0.16
0.56
0.084
2.212
0.508
1.452
1.264
1.236
0.2
0.22
0.384
4.16
7.852
0.188
0.952
0.328
0.336
4.22
1.204
2.032
1.412
0.532
1.068
4.52
1.08
0.228
0.5
5.664
0.068
1.228
1.316
4.612
2.408
0.968
2.288
1.868
0.572
5.752
1.0
4.692
1.796
3.6
2.628
0.892
0.5
1.052
0.584
0.276
0.812
2.152
3.444
1.372
8.116
2.248
4.628
0.192
2.844
1.6
0.836
2.364
0.372
1.008
0.708
1.204
1.872
4.896
0.2
0.528
0.828
2.972
4.148
1.848
1.152
0.78
6.796
1.212
0.4
10.164
7.24
8.156
0.808
2.6
0.304
2.24
1.872
0.26
1.764
3.228
5.784
1.592
2.44
1.752
0.412
0.316
1.892
0.528
3.372
0.548
3.912
0.828
2.284
0.388
5.9
3.964
0.876
2.352
0.764
2.392
4.448
0.132
1.888
2.1
6.776
3.604
1.176
1.312
4.628
2.552
0.78
1.88
3.024
3.076
0.68
1.068
0.104
0.08
4.32
4.8
3.416
0.572
0.228
3.304
2.236
3.18
0.12
1.336
9.416
1.56
2.46
3.228
0.804
0.164
1.84
3.04
1.228
1.588
4.824
0.304
0.576
3.256
5.044
5.96
8.512
0.36
5.424
2.176
1.404
1.796
0.48
0.56
1.208
0.504
0.964
1.632
0.608
1.336
0.524
2.716
1.084
2.592
1.824
0.56
1.844
0.416
1.772
1.856
0.444
4.02
0.096
0.52
4.24
1.788
2.92
0.412
2.74
0.264
3.264
8.788
0.212
2.88
1.98
6.324
1.132
3.22
0.612
3.18
1.876
1.312
7.184
2.42
0.612
0.26
3.024
5.7
0.176
0.532
6.352
5.132
4.952
2.56
0.896
4.776
1.388
4.108
0.184
0.936
3.896
2.152
5.4
0.86
0.948
0.388
11.032
0.688
0.44
1.4
0.852
1.872
3.34
0.212
1.392
1.248
1.772
2.256
0.128
1.308
0.116
5.14
10.68
0.912
1.396
0.292
0.884
1.988
1.004
6.7
3.224
1.208
7.488
3.592
2.032
2.484
0.072
0.152
9.112
2.312
4.456
0.324
1.348
0.704
1.184
3.504
8.704
0.792
3.02
4.06
0.124
0.644
2.54
1.28
0.292
1.388
6.208
0.396
0.54
0.656
0.292
4.984
1.972
1.28
10.764
0.468
0.752
0.748
0.3
1.984
0.552
0.524
3.536
6.152
5.612
3.48
5.316
1.256
1.344
7.656
0.708
0.528
1.172
0.896
0.224
0.136
2.048
0.936
0.072
1.336
0.576
0.264
0.384
10.952
2.904
3.636
0.308
0.988
2.744
0.272
0.988
2.072
3.892
8.628
1.564
2.444
0.792
8.344
2.236
2.656
0.82
0.708
3.252
0.412
8.132
1.276
0.24
4.44
3.576
1.82
0.232
1.484
1.824
1.308
1.644
0.1
0.232
0.248
2.076
2.84
2.24
0.392
3.216
4.952
1.328
0.368
5.64
1.02
1.128
1.548
1.184
5.756
1.1
0.76
0.552
2.44
0.984
2.112
3.168
1.316
0.452
0.876
4.9
1.772
5.972
0.628
1.856
0.868
0.588
0.276
1.004
0.54
2.092
0.34
1.076
1.552
0.788
2.916
2.5
2.6
0.532
9.656
2.024
0.296
1.364
2.016
3.852
1.892
7.964
1.412
1.764
0.612
1.916
2.284
1.572
1.784
1.296
4.108
0.88
6.868
1.268
1.324
0.608
0.62
5.292
0.516
0.696
1.256
0.528
10.58
4.388
4.376
2.244
5.496
4.228
1.264
3.86
4.2
10.28
2.28
1.016
1.368
1.396
0.216
4.852
2.424
7.3
8.008
2.048
0.392
0.356
1.24
1.236
0.32
0.552
4.52
2.304
1.784
1.424
2.064
0.412
0.112
0.468
3.984
1.276
1.976
0.26
3.672
3.16
5.216
1.056
5.404
3.016
1.672
0.764
4.344
0.5
4.608
0.244
5.632
3.964
2.772
1.104
1.34
2.492
1.108
1.272
2.964
6.536
1.888
0.936
2.172
1.248
9.44
3.364
0.964
0.468
3.02
0.856
11.136
0.916
2.0
1.096
2.76
1.484
2.912
1.208
5.368
0.412
6.968
6.008
1.548
0.864
0.728
1.72
1.636
3.028
1.924
1.792
3.844
1.94
4.028
1.16
0.844
0.236
3.728
5.176
3.804
2.24
1.308
2.628
0.932
0.348
1.752
4.512
2.436
0.172
0.8
5.34
1.748
2.792
0.216
2.248
0.156
0.452
3.46
1.688
1.06
0.82
0.96
2.536
3.016
1.812
0.38
10.384
1.144
6.6
5.364
0.508
0.94
3.048
1.996
0.824
0.548
0.516
2.392
0.092
5.016
1.564
4.872
2.58
1.232
0.716
1.248
0.384
0.14
8.364
6.14
0.536
1.424
3.584
0.084
4.236
3.592
0.904
1.856
4.384
1.104
0.176
3.984
1.868
0.34
0.928
0.872
1.792
0.2
2.192
1.636
2.516
1.428
0.892
1.868
3.804
8.488
0.628
1.36
1.208
5.08
1.944
1.428
3.864
1.684
0.076
1.428
0.968
4.004
0.636
0.308
2.844
3.308
5.572
2.092
0.4
0.588
1.9
1.848
1.752
0.564
7.944
0.568
1.524
10.62
0.176
1.324
2.496
2.928
3.476
2.068
0.192
1.92
0.664
1.716
4.136
1.4
0.932
1.992
1.044
6.864
5.508
1.212
6.66
1.828
0.184
1.116
0.708
1.216
2.468
0.628
4.684
0.248
2.448
0.856
0.72
9.3
0.584
1.72
1.488
5.968
1.3
0.516
2.28
4.584
3.18
1.108
0.656
6.352
0.864
1.696
0.896
4.104
10.012
3.996
0.096
0.16
1.132
7.568
2.904
3.58
2.596
1.44
2.568
0.504
3.688
0.324
1.128
3.372
0.372
0.728
2.264
8.7
0.092
1.924
1.524
0.9
0.536
1.048
1.136
1.616
1.268
0.716
1.004
0.82
0.112
5.388
1.308
1.528
1.032
4.464
1.244
5.088
0.196
2.504
0.528
0.68
8.076
0.252
0.572
3.028
1.972
2.076
0.68
0.528
0.912
5.472
0.608
1.444
3.008
3.24
0.992
4.664
4.708
0.592
1.656
0.256
2.2
0.156
2.996
0.392
1.664
9.664
1.68
0.684
5.156
0.388
0.092
0.472
0.916
1.368
0.32
1.344
0.648
6.988
1.94
1.128
6.316
0.644
5.256
5.848
0.74
2.064
2.412
0.684
2.288
1.668
7.384
1.216
6.004
3.2
0.34
0.924
6.516
0.248
4.292
3.228
6.252
0.148
7.14
0.144
2.344
6.224
1.056
0.4
2.588
0.568
2.0
1.544
1.864
0.12
2.652
1.08
0.408
1.284
1.36
1.584
7.124
2.852
7.412
3.256
1.748
10.768
4.66
2.704
2.536
1.188
2.208
0.88
2.308
2.8
8.028
0.312
2.592
1.58
1.016
1.656
7.992
1.016
2.968
8.836
0.828
0.316
1.192
4.292
0.448
4.012
4.832
1.496
10.044
2.72
1.608
0.544
0.48
2.332
0.74
4.764
0.42
1.164
1.22
0.968
1.436
1.16
1.08
8.172
0.204
2.388
3.728
0.068
3.108
0.744
5.3
7.56
0.112
0.388
3.044
0.424
2.008
1.896
0.196
1.204
0.94
5.212
1.132
1.228
0.164
0.264
3.452
6.312
2.364
2.04
0.948
0.972
7.212
1.28
0.148
1.768
10.192
2.336
0.276
0.54
1.052
0.528
0.552
0.74
0.9
3.428
2.908
0.792
0.536
2.82
0.212
7.0
0.16
0.884
2.784
0.992
2.804
3.728
4.12
0.36
0.248
1.576
2.068
2.004
5.668
1.616
0.396
2.804
0.988
0.992
2.812
0.848
0.384
0.136
0.292
0.832
0.348
1.404
0.264
4.108
1.276
10.96
4.94
0.84
0.92
0.136
1.256
1.04
0.976
1.804
0.66
2.0
0.924
8.092
0.648
2.252
3.832
0.672
3.34
1.416
1.484
0.4
0.132
1.152
1.452
4.84
8.14
0.208
0.332
7.788
0.5
2.396
5.016
0.188
1.192
0.72
1.944
1.288
1.196
0.82
1.72
2.864
1.444
1.624
3.764
1.08
0.956
0.468
0.552
0.412
6.48
0.228
1.132
0.528
6.232
0.428
1.408
0.112
0.936
1.576
0.296
0.312
0.516
0.584
2.592
1.808
7.024
4.752
0.644
3.208
3.14
4.888
8.48
1.768
2.036
3.972
1.644
1.052
2.956
1.016
0.392
0.6
8.38
2.912
1.54
1.412
2.28
2.536
5.352
1.256
0.156
4.088
0.596
1.024
10.568
1.16
2.42
3.924
1.96
0.972
10.696
1.232
0.272
0.92
1.06
1.604
2.384
1.464
2.412
5.18
1.288
3.912
4.5
1.212
0.328
0.696
1.42
2.108
0.688
0.108
0.212
0.208
10.868
2.124
10.296
0.784
1.108
1.788
2.092
3.22
2.332
0.1
2.416
0.208
0.204
0.828
0.088
0.092
1.316
1.476
0.392
10.3
1.6
1.732
4.456
1.148
0.74
1.74
0.1
1.072
2.24
3.068
0.616
0.14
0.672
0.34
0.316
5.824
1.616
0.832
0.96
3.088
1.716
0.064
0.532
1.02
1.564
0.368
2.992
0.392
0.368
1.396
1.288
1.14
0.884
2.0
0.964
1.152
0.448
4.248
4.136
1.332
8.22
0.904
2.836
0.72
0.24
0.176
0.76
0.208
0.26
4.192
4.168
0.084
8.276
1.092
2.5
0.528
1.56
2.776
1.256
1.44
6.732
0.604
7.208
1.196
1.348
5.82
1.6
0.324
0.504
2.572
0.8
3.5
0.564
3.68
0.872
1.94
9.112
0.112
7.132
1.124
0.84
1.7
0.592
3.632
1.684
3.392
2.928
1.496
0.324
0.14
1.66
1.14
0.68
2.464
5.4
0.732
7.24
1.044
0.964
3.156
0.22
2.14
5.036
1.088
2.056
1.184
0.628
1.388
0.464
6.712
2.164
0.168
1.26
0.708
4.016
1.928
1.312
5.916
0.904
3.26
0.812
0.308
4.376
0.904
4.352
3.084
1.912
1.46
4.776
3.588
0.5
0.224
8.56
0.868
1.132
0.84
2.128
2.348
2.444
1.604
6.552
2.9
0.072
0.768
2.6
8.032
0.584
0.848
2.048
0.144
0.732
1.924
0.668
0.372
0.796
1.064
0.488
0.372
3.008
3.176
0.92
0.144
1.676
1.996
4.556
4.092
1.376
3.232
0.988
0.176
0.292
1.588
5.08
1.732
1.756
0.648
1.864
0.608
5.404
0.496
2.988
0.964
0.808
0.888
0.276
1.752
1.636
3.796
1.008
2.28
1.02
5.028
0.12
3.796
2.424
2.8
1.66
2.356
2.036
1.408
1.38
1.42
1.144
5.588
0.144
0.704
8.94
1.028
0.128
1.272
0.084
6.036
2.424
1.036
1.584
2.588
0.404
4.296
2.172
1.672
2.3
1.028
1.684
1.304
0.796
0.22
1.876
0.26
0.364
5.612
0.652
4.452
9.708
2.024
2.392
1.652
0.372
1.972
0.252
0.412
0.228
0.828
1.092
1.704
3.12
1.776
1.608
1.172
0.08
0.592
0.82
4.124
2.24
0.28
3.784
2.48
0.636
2.292
0.484
0.664
4.324
10.668
1.876
0.192
0.184
1.104
0.58
0.624
0.864
0.844
0.312
0.872
4.488
1.428
0.38
1.644
6.088
2.208
4.632
1.436
2.392
3.76
1.124
9.368
1.528
10.408
1.744
0.544
9.648
4.28
8.552
3.184
5.552
2.536
2.128
2.444
2.156
0.592
1.32
0.56
2.788
1.176
1.232
0.28
1.928
0.092
0.364
2.968
0.768
5.932
1.08
1.012
1.452
1.02
4.68
1.308
1.444
4.756
4.484
3.688
0.224
1.652
3.608
0.216
0.084
0.708
2.764
1.128
1.536
2.728
1.388
3.596
2.956
0.74
10.164
4.372
0.68
1.928
0.3
1.74
2.912
1.304
0.712
1.548
1.636
0.988
4.096
0.6
5.732
6.388
2.24
3.82
1.284
0.364
7.152
3.436
1.364
2.044
0.656
0.932
3.152
0.08
2.18
2.796
0.22
1.8
5.516
1.04
0.264
2.34
3.184
2.484
1.272
0.356
5.596
3.464
0.316
1.668
1.304
0.232
1.376
2.096
0.732
0.216
1.88
0.712
0.444
0.252
6.34
1.052
1.832
3.256
0.356
1.712
1.16
2.572
0.432
4.368
3.096
4.428
0.312
9.076
0.48
1.34
0.292
0.088
3.432
1.944
0.124
6.572
4.796
4.076
3.452
1.84
0.848
3.68
3.108
0.092
5.42
1.912
0.344
2.372
4.612
1.128
1.096
2.988
7.512
1.524
3.204
0.42
2.12
2.828
1.548
0.82
2.248
6.608
3.752
9.248
0.16
4.06
1.068
1.688
4.648
1.344
4.908
3.068
11.012
5.18
0.24
1.064
3.336
1.628
1.168
1.1
1.152
2.956
0.912
1.904
2.24
0.468
3.344
3.608
9.064
1.016
0.088
0.184
0.496
3.58
3.92
3.028
1.008
0.216
2.7
3.272
4.3
1.884
1.104
4.744
0.344
1.184
0.884
6.404
4.792
1.956
4.572
1.424
8.328
3.728
5.268
0.944
0.444
0.088
5.132
0.904
0.068
3.74
7.34
1.912
11.032
3.98
2.764
0.6
1.168
0.084
3.16
0.616
4.252
4.732
2.716
5.716
0.084
2.184
3.364
0.116
1.536
0.568
1.492
8.28
7.068
0.372
8.652
1.28
0.804
1.18
1.32
0.384
0.22
1.764
0.624
7.308
2.084
2.272
3.16
3.992
1.836
1.584
2.34
4.552
0.828
3.836
1.168
0.132
0.156
1.612
1.22
0.936
6.04
1.336
2.016
0.632
2.744
0.124
0.228
1.732
0.82
0.936
0.656
2.28
4.292
0.524
0.32
5.52
1.884
0.268
4.304
8.76
1.452
6.364
0.628
0.496
1.652
0.236
0.644
1.5
1.764
3.988
2.692
1.204
3.432
2.296
0.24
0.424
0.92
2.204
0.1
3.26
5.824
0.356
6.944
7.552
4.784
0.136
4.08
0.532
1.048
5.772
6.34
6.544
3.032
0.152
2.66
7.492
0.78
0.632
0.84
0.236
0.84
6.424
1.58
2.54
1.628
2.052
6.684
2.38
1.504
2.688
9.164
2.252
1.06
4.852
4.644
2.852
2.88
1.868
0.384
0.228
0.32
3.448
0.16
4.212
3.38
4.732
0.236
0.788
1.148
0.908
4.356
2.48
0.192
2.312
0.248
0.828
1.28
0.248
2.148
4.64
1.928
2.1
1.028
0.568
3.224
2.076
3.276
7.092
1.332
2.912
0.548
4.12
2.128
0.3
0.1
1.124
1.56
1.332
2.812
1.432
2.424
5.336
8.96
0.64
5.876
3.436
7.576
1.532
1.396
1.092
0.372
2.812
0.208
3.124
0.2
0.52
0.24
0.348
7.08
7.956
0.212
0.712
0.268
0.4
3.404
3.108
1.552
0.304
8.624
0.78
3.216
10.9
2.9
1.3
1.196
8.344
0.484
0.428
5.884
5.504
0.812
4.632
0.112
0.364
0.308
0.316
5.112
0.436
0.256
6.996
0.516
2.168
0.716
1.076
1.292
4.232
1.676
4.676
3.528
1.98
1.892
1.628
0.6
3.064
1.968
8.38
0.4
1.384
1.012
0.356
3.5
8.368
1.436
0.4
1.828
10.54
0.648
2.704
1.216
3.12
0.164
1.932
1.176
1.564
1.9
0.972
0.576
2.364
0.32
0.184
0.164
1.36
5.496
2.376
1.396
0.756
1.064
2.136
1.596
0.332
3.184
0.8
0.976
5.776
0.996
1.536
2.576
0.704
1.8
2.564
0.072
2.156
0.74
1.064
2.176
0.824
0.796
0.204
7.236
6.928
4.82
1.416
0.14
2.628
5.772
0.148
1.66
0.988
0.164
0.464
0.252
9.324
4.216
4.612
0.776
1.524
0.092
0.524
0.668
1.664
8.98
2.084
4.964
0.196
2.016
3.22
9.684
2.056
5.776
1.216
4.292
0.72
2.396
0.216
4.808
2.12
0.4
4.32
0.316
0.704
2.084
0.296
9.076
3.12
0.524
2.168
4.324
1.128
2.94
2.168
3.588
0.4
7.64
0.796
0.148
1.976
1.56
0.7
0.3
0.42
0.672
0.864
0.064
1.944
0.636
9.704
7.86
5.532
0.46
2.324
1.32
2.192
0.112
3.884
3.072
9.048
0.836
8.784
4.7
0.86
6.616
3.076
0.392
3.488
0.548
2.116
6.596
3.46
0.76
4.4
1.108
1.564
0.248
1.852
6.592
0.748
1.284
1.204
5.196
2.588
2.672
1.092
1.392
0.852
3.244
2.788
2.1
0.644
6.352
5.608
1.7
0.928
4.676
3.276
2.408
3.004
0.22
0.416
4.384
1.984
1.94
0.948
0.28
9.676
1.088
0.96
4.02
1.116
1.544
0.332
0.564
0.48
8.88
7.184
0.548
2.256
9.352
0.808
3.28
1.108
4.408
0.516
0.444
2.356
0.892
5.512
0.616
2.752
0.116
0.788
1.4
1.32
0.228
1.208
1.136
0.94
1.412
4.28
0.204
0.312
1.384
4.7
3.08
6.2
0.516
3.176
0.736
0.316
1.64
6.432
1.42
9.472
1.42
0.612
4.528
0.968
7.12
4.472
2.056
0.12
1.272
2.916
1.556
2.356
0.16
3.256
0.68
0.652
0.236
0.34
1.428
1.44
7.084
1.58
2.94
3.932
2.08
10.416
0.248
2.132
0.356
2.096
2.78
1.696
5.584
0.136
1.408
7.588
1.54
1.656
0.704
1.1
4.768
0.532
0.532
4.0
5.956
1.656
0.732
0.236
5.052
0.364
0.888
6.432
0.328
2.448
0.088
1.616
4.668
5.028
2.5
1.112
1.076
1.312
5.78
0.084
0.548
4.628
0.156
7.264
6.6
0.432
0.464
2.2
4.624
3.608
2.588
5.776
1.78
5.208
0.416
0.284
0.58
0.496
1.692
2.388
0.728
1.388
4.236
2.508
2.744
4.936
0.124
3.036
0.44
2.164
0.196
2.144
7.156
0.568
0.656
0.268
3.74
0.92
6.504
0.232
1.296
0.552
2.308
1.168
0.112
0.496
1.32
0.276
2.032
3.232
2.088
0.148
1.164
3.852
1.776
1.304
0.58
3.968
1.388
2.924
1.748
0.56
1.76
0.38
1.152
0.844
1.924
0.732
0.136
1.32
0.324
7.868
1.432
5.788
1.856
8.028
1.528
0.988
2.656
0.536
0.26
7.72
2.524
0.14
2.2
0.676
4.768
0.324
5.768
9.432
0.692
3.58
0.592
1.536
0.972
0.148
3.72
4.776
0.86
1.748
0.26
7.54
2.92
6.72
2.2
2.448
9.236
3.736
1.12
0.164
1.436
3.848
2.476
0.88
0.824
0.364
0.76
3.564
3.268
2.036
0.816
5.484
3.056
6.532
0.276
7.08
3.484
0.824
0.608
0.508
10.94
4.228
2.048
2.852
0.46
2.056
1.324
0.22
0.656
1.224
2.4
7.904
0.756
3.332
5.704
4.228
0.304
4.068
0.424
10.172
7.248
4.816
10.892
3.828
0.616
4.252
0.084
1.656
0.292
5.66
2.88
1.432
0.528
1.932
3.436
9.312
0.98
0.612
1.08
0.976
0.284
4.464
0.768
3.128
3.22
7.048
2.232
0.088
2.024
8.984
2.252
0.148
0.196
1.42
1.944
0.984
4.832
5.876
1.952
0.38
0.616
3.124
1.004
1.296
6.948
1.008
0.128
0.348
0.792
3.368
0.12
0.156
3.64
0.484
2.46
1.848
0.912
1.028
2.572
2.216
2.34
1.32
0.5
2.628
1.708
3.724
0.792
0.084
1.36
3.484
0.472
1.324
0.228
1.268
0.16
0.372
1.012
10.02
0.888
2.564
2.568
3.208
0.124
0.264
0.24
1.308
0.072
0.844
1.108
9.024
0.14
4.324
0.684
1.72
4.476
3.8
1.668
1.276
0.152
2.968
2.424
1.752
0.316
10.456
5.776
1.356
0.576
1.036
0.34
0.344
1.652
1.284
0.248
1.74
0.248
0.34
10.728
5.408
0.936
0.168
6.484
1.412
2.708
1.736
5.26
0.192
3.448
0.84
0.748
1.276
1.748
6.916
4.352
0.908
2.884
0.14
1.624
3.38
0.644
0.668
0.772
5.888
0.52
0.272
0.252
0.912
5.58
1.056
2.252
2.612
0.616
1.048
2.412
3.232
1.496
1.72
2.028
0.192
2.376
0.36
5.82
2.42
4.508
1.532
0.244
0.152
0.568
1.924
1.16
0.344
0.576
6.892
1.56
0.08
0.5
0.432
2.788
2.46
2.02
2.204
3.212
3.312
0.228
1.4
2.06
5.776
3.808
4.78
0.848
0.512
5.164
2.112
4.968
9.476
1.32
0.808
1.364
4.072
2.896
3.696
6.432
0.196
0.144
0.6
2.516
2.26
0.736
