1.584
2.568
0.196
1.128
0.176
0.452
0.116
2.832
2.024
2.188
3.416
0.804
1.052
0.336
2.284
3.288
0.108
2.984
5.104
8.412
0.78
1.152
1.196
3.264
0.844
0.748
0.144
3.384
0.192
1.78
1.572
0.148
7.864
6.092
0.092
0.78
4.06
8.208
0.164
0.148
0.26
0.436
0.884
0.244
1.292
0.16
0.1
0.124
0.108
0.092
0.092
0.12
0.924
1.456
4.184
0.656
1.812
0.74
2.712
2.46
1.652
1.888
2.412
0.18
1.616
0.108
0.096
4.792
1.74
0.304
0.912
0.436
0.132
4.02
1.404
2.82
0.148
0.096
1.148
0.188
2.756
1.604
5.364
2.488
0.24
4.38
5.312
3.988
0.092
1.196
1.948
2.788
2.84
9.764
0.764
0.628
0.984
1.592
1.744
3.116
0.24
0.1
1.288
1.156
1.252
5.932
2.068
0.1
1.636
2.008
4.344
4.924
0.62
0.368
1.872
0.136
0.552
2.504
8.388
0.888
0.864
1.736
1.312
1.588
0.148
3.256
1.02
0.152
0.124
1.94
7.3
1.688
0.132
0.3
0.588
0.624
0.092
1.928
0.144
0.136
0.932
3.56
4.592
1.016
6.772
0.224
8.572
0.108
0.196
1.244
1.096
2.432
0.144
0.1
1.472
0.388
1.844
2.088
1.184
0.116
0.936
1.376
2.36
0.116
1.56
0.14
0.32
0.42
0.616
0.352
0.748
2.708
1.648
0.144
3.236
4.38
0.924
3.32
1.508
3.276
0.728
0.628
0.092
0.772
0.152
0.184
2.912
0.748
0.264
2.308
0.212
3.804
0.096
0.8
0.276
1.48
7.112
6.988
0.916
6.98
1.368
0.208
2.404
8.444
0.668
2.116
1.972
1.024
3.9
1.508
1.716
4.396
0.232
0.2
7.056
7.528
3.192
2.496
0.148
0.092
2.332
1.152
0.4
1.776
0.456
0.192
2.868
1.592
0.144
0.888
0.416
1.648
1.412
2.788
6.516
2.044
2.852
0.8
1.892
9.388
1.976
1.076
0.12
0.092
0.24
1.128
8.604
1.824
4.804
3.132
3.272
4.988
0.72
5.88
1.96
0.232
1.96
0.196
0.092
3.124
3.692
0.696
0.096
2.668
1.452
0.496
4.504
3.912
1.572
0.176
0.484
0.184
4.732
1.332
5.184
1.636
0.26
0.556
1.784
0.176
0.436
2.264
1.716
0.156
1.936
0.892
0.976
0.796
0.296
0.412
0.188
0.124
0.86
0.36
0.876
0.188
0.24
1.276
0.124
0.112
0.172
6.364
1.304
0.328
4.968
3.392
0.1
3.18
0.356
0.152
9.988
0.152
1.876
5.452
0.144
5.016
0.144
0.524
0.78
0.092
2.652
4.236
3.18
0.18
2.436
1.372
0.908
1.144
1.284
0.092
0.436
0.204
9.996
0.952
2.628
1.356
0.14
3.044
0.1
1.04
3.376
2.164
7.08
1.252
1.276
0.236
2.248
0.468
2.172
6.244
0.172
2.104
6.692
8.572
8.344
0.3
0.736
2.824
1.46
3.196
6.74
2.204
0.7
0.144
0.124
0.124
3.552
2.384
1.488
0.188
0.372
4.42
0.604
0.972
8.272
2.924
0.156
0.504
2.896
0.64
0.356
0.128
1.308
1.128
0.124
4.9
0.436
0.108
0.208
6.48
6.56
0.132
0.1
1.092
0.208
5.684
0.104
3.088
2.624
1.876
0.092
3.656
10.856
2.968
0.62
0.184
0.136
0.128
0.24
2.252
0.412
0.12
0.288
1.204
2.956
1.628
0.188
1.812
1.872
0.196
2.216
1.08
4.716
0.452
0.096
0.1
4.624
0.596
0.564
0.256
1.46
3.048
0.1
0.144
4.164
0.144
6.072
0.572
0.428
0.152
1.5
0.132
0.104
4.88
8.244
2.524
5.86
3.028
0.448
0.292
0.732
2.132
2.408
1.108
3.228
2.096
0.136
1.164
0.208
0.148
0.14
0.136
0.304
2.484
1.736
5.908
0.536
3.108
4.116
4.244
0.36
3.348
1.116
4.392
0.924
0.14
0.156
0.1
0.764
2.184
4.436
3.828
0.092
2.248
2.684
0.624
0.548
0.112
2.352
0.5
5.192
1.344
3.544
0.1
0.188
2.372
0.584
5.66
0.092
1.956
10.256
2.332
3.28
2.216
0.892
6.58
0.996
0.816
0.472
0.204
5.56
1.568
5.208
0.14
0.78
0.56
0.704
6.028
5.676
2.64
0.124
2.576
1.008
0.676
4.956
2.08
2.672
0.492
2.82
0.564
4.344
6.284
3.264
0.472
2.32
6.3
0.136
1.96
2.028
0.2
2.8
0.548
2.084
3.988
0.152
0.432
0.224
1.804
1.472
2.468
0.572
0.144
0.132
0.148
1.472
7.32
0.212
0.136
0.98
2.06
0.92
0.1
2.548
3.852
0.704
3.464
2.976
0.516
0.152
2.064
2.632
1.656
5.792
0.12
2.776
0.092
1.356
0.252
0.452
10.22
0.124
5.468
1.956
0.104
1.572
7.036
0.224
1.26
0.308
2.12
0.288
0.588
4.084
0.156
1.236
5.432
2.712
4.132
3.364
0.172
0.104
3.916
0.092
4.612
0.156
0.132
1.716
4.308
3.248
0.948
2.888
0.848
2.24
0.144
3.58
0.476
2.552
0.372
0.48
3.2
4.764
0.128
2.124
2.164
1.628
0.1
3.332
0.18
0.176
0.14
4.064
7.828
2.3
1.548
1.544
2.756
1.512
2.852
0.688
2.448
0.152
0.64
0.164
0.1
0.64
3.388
0.364
0.156
2.588
0.244
2.736
0.996
0.248
2.368
0.38
2.98
0.152
0.136
0.148
4.936
2.572
4.148
1.332
0.156
0.736
0.188
0.232
1.264
3.46
1.952
2.96
0.236
1.308
9.832
0.328
2.14
1.536
4.456
4.936
3.456
3.544
11.048
1.924
0.824
5.928
0.156
4.396
0.104
0.74
0.1
9.092
0.376
5.012
2.956
0.128
2.02
0.1
3.68
0.152
1.536
0.94
3.94
0.144
1.568
2.988
3.432
0.268
0.084
0.152
0.952
1.008
0.956
0.9
3.828
3.2
0.112
0.092
6.076
0.172
5.804
0.092
1.848
0.536
5.492
0.648
0.964
1.124
1.476
2.444
0.164
1.068
0.132
0.152
0.096
0.104
0.732
1.688
3.84
0.26
0.1
0.1
0.268
0.12
4.872
0.22
0.096
0.136
0.208
2.04
4.456
0.156
0.152
0.16
0.124
1.192
1.008
0.74
0.144
2.984
1.312
2.688
3.924
10.324
5.264
3.08
0.776
1.672
1.008
0.1
0.1
0.66
4.496
0.808
3.896
2.884
0.108
0.188
0.116
0.36
1.5
0.096
2.624
1.752
0.148
0.74
0.44
0.932
3.464
1.716
0.136
0.428
2.46
2.268
1.804
0.676
5.348
0.192
0.1
1.888
4.848
0.436
0.908
0.156
3.572
0.788
1.72
0.604
0.132
0.14
1.848
0.276
1.86
4.92
0.724
5.08
0.072
1.196
4.364
0.248
1.816
1.28
7.716
3.444
0.172
0.176
0.836
9.152
0.104
2.612
1.432
0.192
0.5
0.172
1.808
3.584
0.308
0.496
1.604
1.568
0.764
0.388
0.104
0.272
1.144
0.324
0.112
1.348
0.1
1.26
4.02
0.096
0.792
1.88
2.676
1.972
0.348
0.624
0.148
0.116
1.048
0.68
1.704
0.104
0.204
0.872
0.148
0.88
1.604
6.768
1.608
0.092
0.36
0.104
2.548
1.988
1.06
0.2
0.24
1.22
4.856
0.096
0.408
0.156
2.676
1.18
0.464
0.764
0.2
2.64
8.524
6.896
0.148
3.924
1.544
0.18
0.156
2.42
0.892
0.096
2.036
0.392
1.6
1.004
1.992
0.22
8.952
2.028
0.524
0.208
10.496
0.136
1.448
8.484
1.324
0.216
0.588
1.456
1.344
5.004
0.436
0.148
0.092
0.516
0.856
3.704
0.1
0.296
0.356
7.904
0.484
0.456
0.332
5.816
0.2
0.124
1.468
0.884
2.056
1.708
1.72
2.756
4.092
2.38
1.816
0.124
0.808
1.04
2.424
1.816
4.244
5.564
0.572
0.704
2.088
5.98
3.128
1.28
3.588
0.152
1.656
0.14
0.704
4.516
0.176
0.544
1.18
1.084
0.136
0.108
0.18
2.376
0.132
0.144
2.644
0.732
0.684
7.576
6.448
0.684
0.136
7.38
0.304
0.836
0.316
2.948
2.484
2.276
1.176
1.232
7.348
0.164
0.104
2.772
1.628
1.976
1.104
0.148
0.812
1.092
0.144
0.42
1.116
6.476
0.208
0.288
1.664
1.74
1.124
0.104
2.968
0.096
4.384
2.544
0.164
0.188
0.868
0.776
10.94
0.268
2.972
0.716
2.4
1.912
0.156
0.74
1.008
0.496
8.964
0.9
5.34
1.964
1.2
0.732
0.32
1.636
1.228
0.872
1.744
0.136
0.536
1.14
0.5
2.84
0.128
0.976
0.132
4.08
2.548
4.204
1.364
1.076
0.788
1.116
3.176
0.54
0.208
1.072
0.112
1.756
3.344
10.316
0.688
3.348
4.464
0.216
0.092
0.096
0.116
1.316
2.38
0.148
1.192
2.016
0.368
5.756
6.432
1.188
5.776
0.328
3.644
0.568
0.372
2.024
0.144
0.18
0.156
7.66
0.14
0.096
0.908
7.82
0.368
0.1
0.432
0.328
0.256
0.148
2.54
6.056
2.508
0.492
0.152
2.972
0.148
1.968
2.12
3.956
5.688
0.12
3.676
2.304
0.112
0.24
1.568
1.292
0.776
2.536
0.1
0.108
0.4
0.268
1.136
0.148
0.136
0.812
1.216
1.5
1.056
3.604
4.252
1.048
0.12
0.528
0.1
0.228
1.96
1.424
4.636
0.092
0.208
6.576
5.04
0.46
0.46
3.376
0.096
0.108
2.812
10.148
0.152
0.148
0.108
1.408
0.152
1.276
4.368
1.676
0.66
0.484
0.24
0.252
3.652
0.112
5.316
3.876
0.152
0.216
7.984
6.18
0.152
1.58
2.464
1.984
1.436
0.124
0.584
3.288
2.436
2.8
1.184
0.576
1.76
2.572
9.712
2.712
5.348
0.38
0.204
0.208
8.368
0.156
1.324
2.516
1.532
0.208
1.724
1.196
5.396
1.06
0.144
6.576
0.172
0.168
0.148
0.156
5.572
0.688
1.228
0.828
2.072
3.004
2.904
0.816
0.092
1.284
0.176
1.616
0.232
0.176
1.128
1.344
1.496
0.092
0.156
0.54
0.308
0.764
0.128
0.424
1.54
9.616
0.096
0.104
1.86
2.0
9.04
0.368
7.004
0.148
0.168
0.932
0.52
0.596
1.264
1.664
0.892
1.268
2.172
0.108
0.592
1.544
5.776
7.524
0.824
1.092
7.312
2.684
0.124
1.224
0.232
0.68
2.244
1.444
0.144
2.368
0.096
0.688
3.228
2.92
0.26
9.464
0.916
6.096
4.456
0.792
0.624
2.576
1.868
0.984
1.108
0.868
0.204
0.388
0.152
2.176
0.096
0.132
0.1
0.172
1.944
4.624
1.004
0.368
0.124
1.428
1.596
0.496
7.74
3.552
1.256
4.536
1.328
1.996
5.84
0.148
0.976
0.544
2.82
0.272
3.148
2.356
0.86
0.092
0.176
0.676
2.328
0.156
3.784
2.928
0.208
0.776
5.172
7.76
1.996
0.14
6.008
2.112
1.376
3.08
0.36
1.876
2.904
0.268
1.988
0.332
5.764
0.852
0.148
0.156
0.196
1.828
0.216
2.192
0.584
0.656
0.176
0.584
5.056
0.232
0.116
1.0
2.332
0.844
0.644
6.36
3.736
1.5
4.716
2.116
0.592
0.26
0.772
0.212
0.516
2.152
1.788
0.228
0.156
0.44
0.236
1.436
1.836
0.46
0.232
1.452
4.392
3.412
0.88
1.46
0.324
3.7
4.552
0.668
0.308
1.296
0.176
2.644
0.584
2.828
0.1
1.364
3.312
0.956
2.872
4.048
1.184
0.336
5.724
5.748
0.304
1.756
0.256
4.416
0.172
0.664
0.108
0.576
0.152
3.852
0.156
1.488
5.392
0.444
5.224
4.352
0.82
1.8
1.56
0.096
0.888
3.292
0.156
3.236
0.432
0.116
0.208
0.148
1.736
2.084
0.176
0.572
2.16
0.68
2.3
1.924
0.1
10.112
1.576
0.152
2.048
3.0
1.416
1.0
0.256
4.048
0.108
1.364
0.472
0.672
1.444
1.352
0.204
0.54
0.788
0.152
6.7
0.388
1.956
0.208
0.124
1.992
2.696
1.744
1.404
0.124
0.104
0.584
1.736
2.612
0.308
0.136
0.836
5.18
1.264
0.38
1.232
0.132
2.308
1.072
4.044
0.472
4.16
0.456
5.988
2.132
3.528
0.996
0.148
1.328
0.128
0.208
0.216
0.128
0.304
0.652
3.304
3.54
0.152
2.488
3.384
2.912
3.04
1.968
1.008
2.848
1.184
2.252
0.796
0.288
0.168
0.104
1.012
0.152
0.12
8.004
1.0
1.088
1.624
1.712
0.148
4.84
1.252
0.148
2.2
6.0
3.628
1.692
3.996
0.588
0.1
0.1
0.148
4.78
2.204
1.82
0.556
0.1
0.12
2.024
0.652
0.248
0.88
0.544
0.1
0.184
0.128
0.372
0.88
1.288
1.236
0.104
0.316
5.676
1.228
3.036
0.432
1.196
1.924
0.368
9.36
3.084
1.916
1.528
0.908
3.628
3.604
7.364
0.2
2.996
1.112
2.612
0.216
3.6
0.144
1.684
2.032
0.396
3.804
0.176
0.14
0.228
0.188
1.8
1.14
2.816
1.924
2.552
1.648
0.108
0.456
0.984
4.004
4.092
0.46
0.18
1.292
0.812
2.764
2.72
3.636
1.264
1.428
0.244
0.184
1.524
6.516
0.936
1.032
6.168
0.728
1.132
0.18
1.54
0.628
2.248
1.508
0.964
1.092
6.692
5.356
1.772
0.776
1.28
0.928
1.372
1.06
1.708
4.3
0.144
4.784
0.18
2.404
3.692
0.708
0.152
0.192
0.144
5.128
4.028
0.148
0.288
1.32
1.92
0.544
1.052
1.092
10.52
0.448
0.58
4.732
5.576
1.772
2.76
1.752
0.64
4.904
2.224
0.62
4.284
0.168
0.192
0.636
1.184
0.116
0.196
1.428
4.896
5.056
0.116
0.42
10.372
0.56
1.532
0.096
1.704
0.48
1.02
0.172
0.096
0.1
4.02
0.492
2.4
7.508
0.172
0.144
0.636
1.428
4.616
3.692
0.872
0.208
5.488
3.308
1.192
3.956
0.152
0.236
0.156
1.108
4.24
1.508
0.144
0.56
0.188
0.336
1.732
0.216
0.352
0.76
1.492
2.972
0.108
1.008
0.208
0.864
0.096
6.744
2.372
0.14
5.024
2.664
1.244
0.452
3.052
0.14
1.108
0.104
1.04
0.152
4.064
2.292
1.24
1.352
0.212
0.836
0.128
0.132
3.9
2.76
2.632
1.56
1.476
8.148
3.704
1.836
0.52
5.98
3.324
1.852
2.656
1.148
0.644
6.092
1.692
9.356
0.16
0.156
0.14
0.2
0.12
0.596
1.776
0.608
0.148
1.696
2.932
3.28
0.152
3.388
7.588
1.98
2.14
0.092
3.912
0.148
0.368
1.428
0.572
0.484
1.836
2.5
7.688
1.412
1.876
2.2
0.212
0.144
0.156
2.736
0.992
1.704
0.564
3.552
10.012
2.404
1.04
2.136
7.252
0.796
1.812
4.204
0.144
1.1
0.136
4.548
0.976
0.144
3.608
1.992
0.376
3.064
0.928
0.448
2.356
1.32
0.1
4.74
0.092
0.956
0.136
1.096
0.16
0.152
4.888
3.096
0.284
5.4
0.12
0.528
0.208
0.428
0.724
4.484
0.284
0.132
4.584
2.116
1.212
1.116
4.268
0.672
0.1
3.0
0.3
3.36
0.236
3.912
0.804
1.908
0.148
1.072
0.652
8.524
0.532
1.748
0.648
0.48
0.864
0.18
0.204
0.408
4.036
1.044
2.52
0.144
2.136
2.728
0.148
4.496
1.368
3.128
3.416
0.568
6.092
2.26
9.572
2.392
2.268
0.56
0.184
0.608
0.556
2.652
0.132
0.14
1.752
3.612
0.544
0.964
0.324
2.7
0.188
5.704
2.072
0.392
0.428
1.452
0.724
0.908
0.932
0.16
3.404
0.128
0.54
0.172
0.456
9.892
1.512
1.088
2.84
1.248
0.712
0.124
6.524
6.148
5.264
0.52
0.432
0.256
4.196
1.392
1.26
0.54
0.436
2.492
0.268
0.152
3.94
0.556
2.132
1.272
0.368
1.648
0.212
10.676
0.324
3.408
0.404
1.288
0.24
0.352
2.448
2.364
1.332
0.344
0.136
0.968
10.26
2.052
0.14
0.784
8.54
0.216
1.44
0.12
0.512
0.696
0.728
3.32
0.112
2.16
1.452
3.124
1.436
0.156
2.292
1.652
0.308
0.944
0.328
1.172
0.788
1.728
0.148
1.864
0.136
0.152
0.596
2.62
4.16
1.444
1.236
3.052
1.512
0.552
2.112
0.128
0.388
2.056
6.22
0.232
1.06
3.08
7.984
1.356
0.164
0.744
0.112
3.128
1.664
0.116
2.324
0.296
0.756
0.716
0.092
4.86
8.98
0.128
1.556
2.596
0.156
0.436
0.1
4.752
0.34
0.448
3.108
9.912
1.664
2.084
0.768
10.38
0.24
0.156
0.884
1.48
1.256
0.292
1.368
0.928
5.044
4.112
0.2
0.908
2.188
2.412
0.884
0.144
5.772
1.18
0.148
0.596
5.6
0.132
0.124
0.128
0.112
0.472
2.088
0.412
2.064
2.212
1.184
0.092
5.968
8.204
0.512
2.152
0.764
3.892
1.388
0.784
0.544
0.196
1.436
4.252
10.624
1.548
0.9
0.24
0.452
9.096
1.404
0.352
1.504
3.136
0.148
2.444
3.176
0.128
2.02
0.808
0.104
2.284
1.384
1.052
0.1
0.9
1.58
2.444
0.736
0.288
5.8
2.076
0.64
2.58
0.152
4.524
2.412
3.304
0.096
0.872
0.156
1.812
6.176
1.328
2.256
1.98
0.928
6.012
0.564
0.36
7.716
1.452
2.756
0.296
0.108
0.096
0.496
0.528
0.112
0.204
1.128
0.148
0.468
2.544
2.024
1.172
1.096
0.272
1.4
4.1
1.892
7.824
0.684
0.8
0.948
0.132
0.948
1.644
3.112
0.336
0.128
0.752
0.944
0.816
0.188
4.128
0.236
1.124
1.204
2.84
2.004
0.276
1.476
8.928
2.796
0.212
5.052
2.916
1.44
2.112
1.132
0.764
0.104
7.148
0.196
3.312
0.788
1.112
0.136
4.912
0.288
0.196
3.904
0.388
1.8
0.22
2.576
1.176
8.696
1.024
0.768
0.308
10.048
3.068
0.176
0.248
0.504
11.024
2.144
0.156
10.268
1.692
0.236
6.824
1.568
1.352
2.98
1.4
4.108
0.868
10.1
0.112
3.8
0.328
0.156
2.044
2.392
0.588
0.528
0.16
0.136
1.816
0.152
5.456
0.656
0.136
6.196
0.728
2.536
0.628
3.708
1.284
1.048
6.62
0.092
4.056
1.836
1.488
0.148
0.172
1.552
10.528
0.812
8.772
0.4
0.148
7.012
6.068
1.24
1.508
0.54
0.124
7.036
1.768
1.548
2.94
3.62
1.412
0.136
5.696
2.648
1.112
1.364
0.22
1.996
1.288
0.1
1.268
4.256
1.052
0.716
0.796
0.192
0.448
4.764
0.152
1.936
5.548
0.456
0.1
3.436
0.44
1.448
0.58
3.024
0.124
0.156
0.212
3.16
0.52
0.264
3.248
2.964
2.44
0.348
0.184
2.992
0.1
1.176
0.14
1.488
6.5
1.728
2.476
0.144
0.208
1.58
2.22
3.364
0.64
0.116
0.144
0.092
2.74
0.292
0.536
0.236
0.424
1.204
0.192
3.644
0.376
5.672
2.704
1.392
0.256
2.368
1.824
0.272
1.664
0.536
2.048
3.356
1.004
2.28
6.084
0.204
0.164
0.1
3.168
2.72
0.176
0.136
0.764
0.732
0.836
0.16
4.624
0.792
2.552
0.652
0.556
0.14
0.552
4.564
1.276
0.636
1.856
2.5
0.1
0.1
0.692
0.688
0.632
9.08
0.1
0.152
0.188
0.38
0.204
1.2
0.784
1.124
2.096
0.588
0.1
0.144
1.436
3.22
0.592
3.248
0.152
10.116
3.612
0.12
0.152
0.152
0.728
1.096
0.164
1.196
0.26
0.968
1.648
0.188
0.864
0.148
2.32
0.492
1.632
0.136
5.58
1.776
9.724
0.22
2.676
2.096
1.168
1.668
2.332
1.156
2.104
4.256
2.92
0.132
0.472
0.152
2.896
0.464
0.952
2.384
0.12
0.636
8.488
0.736
1.492
0.148
4.896
0.588
10.584
2.504
3.516
0.732
0.152
0.656
0.484
1.464
0.14
2.308
2.18
7.368
1.344
8.2
0.22
6.648
0.252
2.488
0.152
0.576
9.84
0.208
10.92
1.568
3.316
0.5
3.04
0.932
0.144
0.564
0.252
1.016
8.36
0.116
0.148
8.748
1.948
0.9
1.58
2.352
0.156
0.148
1.936
8.084
0.148
1.44
0.392
2.68
1.144
2.604
1.12
1.836
8.656
10.144
1.212
5.692
1.292
0.144
2.272
3.24
1.208
0.1
0.128
4.572
1.268
0.232
0.104
0.148
0.852
0.188
4.116
0.184
0.212
5.98
1.844
0.096
0.116
1.356
0.136
4.328
0.144
0.432
0.14
0.592
0.148
4.076
2.704
4.044
0.34
0.296
1.26
0.1
1.104
3.112
0.648
2.776
8.696
1.032
6.688
0.608
1.012
3.46
0.964
1.52
0.368
1.672
0.116
3.928
0.252
0.104
0.328
9.776
0.1
0.152
2.824
0.148
1.892
3.836
1.9
3.776
0.58
0.372
1.46
0.256
2.456
0.88
3.76
1.9
3.436
1.34
0.3
0.352
2.132
0.992
2.128
0.128
3.452
0.68
5.676
0.164
8.744
1.832
1.432
0.976
1.568
0.356
2.84
0.152
0.1
0.164
0.1
0.216
6.708
1.168
0.928
0.168
0.56
0.22
2.148
0.508
0.108
1.7
1.388
0.212
3.084
0.1
1.752
7.68
1.48
0.124
1.172
1.596
3.688
9.728
0.632
0.144
0.648
0.096
5.832
2.324
0.108
0.088
3.872
0.816
3.196
6.544
3.296
0.136
3.252
0.504
0.128
7.104
0.184
3.892
0.836
0.584
0.616
0.212
0.1
8.024
0.656
4.216
7.208
7.02
0.172
0.112
2.772
1.736
2.948
1.288
0.16
0.636
1.964
2.22
4.276
0.116
4.2
2.236
0.332
3.624
0.14
0.156
0.416
2.98
1.448
1.02
0.28
2.548
6.504
0.1
0.464
2.048
3.72
2.464
0.32
1.26
1.504
0.148
0.204
1.772
2.26
1.944
1.692
5.852
0.108
0.124
0.12
0.144
1.376
0.252
2.156
4.232
0.528
0.128
0.176
6.936
0.552
8.888
5.22
0.26
8.792
0.46
1.908
0.9
3.444
1.168
6.132
1.696
1.716
9.964
6.796
0.376
0.116
3.94
1.472
0.924
5.796
0.48
2.472
0.288
0.12
3.14
1.276
0.508
1.224
0.152
0.152
0.736
1.124
1.024
3.952
1.216
0.456
4.32
1.388
0.656
1.612
2.52
1.08
3.24
3.668
3.064
0.264
2.128
0.128
3.556
2.284
4.644
0.356
0.448
0.136
1.848
0.916
1.688
0.152
3.368
3.536
1.472
2.028
6.224
1.392
2.432
0.72
0.712
8.36
0.46
2.376
0.1
0.428
0.536
0.572
2.804
1.296
0.104
3.124
0.164
0.196
1.452
1.204
0.116
0.84
2.056
0.18
0.916
0.672
0.164
1.624
0.928
0.476
8.36
0.432
7.656
0.908
4.344
0.256
0.1
0.364
0.996
0.096
5.156
0.32
0.584
0.936
5.112
0.192
0.916
1.564
0.808
0.272
1.32
8.256
3.9
6.756
0.292
0.668
0.72
0.796
0.928
1.556
1.236
9.88
0.1
1.912
0.88
2.524
1.468
8.132
3.66
2.456
0.256
0.196
1.24
2.224
0.308
0.548
0.1
1.584
0.148
5.088
0.2
6.468
0.34
2.204
8.16
0.16
1.864
10.908
0.264
0.264
1.972
2.604
0.232
1.276
0.164
0.448
2.532
0.264
0.356
2.868
0.804
0.496
0.884
0.18
8.296
3.508
0.188
0.316
0.424
0.976
0.408
4.248
1.856
1.028
2.396
0.984
0.1
3.86
1.164
2.116
0.1
0.12
0.12
0.976
1.412
1.78
3.2
0.124
0.232
0.144
2.924
0.152
0.492
1.944
0.212
0.28
0.14
0.128
0.144
0.152
4.172
6.732
0.764
0.32
1.932
3.068
4.792
3.136
0.164
0.484
0.14
0.548
1.764
0.38
0.376
0.344
0.412
3.468
0.136
1.008
0.8
1.7
1.9
0.14
0.204
0.104
6.652
0.124
2.184
5.776
1.036
1.424
4.672
0.1
1.26
4.132
1.736
4.82
2.416
1.068
0.656
2.488
0.196
1.064
0.62
6.352
0.104
0.76
0.156
0.112
1.268
3.232
5.528
3.616
0.596
0.572
0.68
5.36
1.812
0.816
6.3
5.408
10.152
0.224
0.152
0.124
1.416
2.072
2.556
3.724
0.16
1.188
0.1
1.076
1.564
0.116
0.144
8.168
0.94
0.8
0.44
0.168
7.852
0.152
4.328
5.14
0.1
4.04
0.392
0.684
0.152
2.424
2.776
1.808
0.26
1.748
1.12
2.772
2.76
4.592
0.452
0.096
1.348
0.252
0.468
3.012
1.752
0.94
1.312
0.204
0.628
1.5
3.408
0.152
0.744
8.22
0.792
2.656
3.044
0.124
0.452
0.108
1.524
0.992
2.244
0.852
0.728
2.976
2.972
0.708
1.692
1.224
1.736
5.808
1.744
0.24
1.172
0.816
0.148
2.568
1.392
0.228
0.412
0.82
2.328
0.496
2.94
0.144
0.124
1.992
0.332
0.616
3.444
2.936
0.092
2.228
1.192
6.6
0.188
0.488
0.1
0.7
2.776
2.288
1.668
3.036
10.448
5.152
2.724
1.992
0.144
0.204
4.884
2.764
0.208
1.956
6.608
0.34
0.152
0.44
4.788
4.456
0.112
0.156
0.668
1.436
0.572
0.14
0.376
5.064
0.192
0.1
1.056
2.512
2.644
0.444
2.936
0.344
2.392
3.332
5.56
1.32
0.552
1.132
0.34
2.264
0.136
2.352
3.596
0.128
1.432
0.828
4.04
0.496
2.6
1.832
0.26
0.132
0.22
2.28
0.188
0.144
2.236
1.584
1.152
2.584
0.116
0.592
0.148
3.436
0.148
0.152
0.096
0.136
3.068
0.412
0.348
3.528
0.148
7.036
0.196
0.12
0.78
0.144
0.3
1.272
0.556
0.112
0.764
2.496
3.916
9.5
0.92
1.488
1.004
5.84
0.7
2.864
2.664
0.664
0.116
0.356
0.352
0.388
0.26
0.14
0.1
4.016
4.128
0.12
0.24
1.956
5.008
0.1
0.12
0.836
3.792
2.064
1.016
2.144
0.7
0.18
1.092
0.944
0.776
3.576
0.696
0.1
3.472
0.196
4.252
0.152
7.272
0.132
10.72
5.94
2.708
0.688
0.144
1.796
2.692
3.836
3.716
0.708
0.444
3.468
0.592
3.236
9.368
0.172
0.884
2.172
0.184
0.34
2.8
1.044
0.416
2.812
1.2
2.256
0.412
3.52
0.832
0.204
2.764
2.396
10.68
0.904
0.36
9.552
0.12
4.46
0.104
2.464
3.268
9.488
1.048
3.808
5.508
0.688
0.916
1.74
0.824
2.968
3.268
0.096
3.892
4.344
1.276
1.836
0.128
0.724
0.14
1.068
2.108
7.98
0.772
0.408
0.596
0.12
0.128
0.664
6.048
4.056
2.772
0.112
4.908
0.1
2.324
0.152
0.804
2.132
0.716
1.804
1.348
4.624
2.152
3.8
1.752
0.52
1.852
6.548
0.22
0.1
0.684
0.48
2.16
7.004
2.408
0.1
1.112
6.816
4.94
0.504
0.1
2.468
3.276
1.072
0.144
4.956
1.072
0.208
1.0
0.1
3.892
0.12
0.796
0.164
0.144
0.104
0.916
0.52
0.808
1.364
10.72
0.104
5.224
0.188
2.216
5.9
3.364
0.148
0.676
1.204
4.844
0.732
0.936
0.264
0.096
1.02
0.104
0.552
0.092
0.144
1.36
6.616
0.124
0.672
0.74
0.268
3.788
0.4
4.316
1.036
5.72
2.468
1.792
0.212
0.14
0.58
0.956
0.46
0.124
7.916
4.42
4.544
8.068
6.52
1.568
6.516
3.188
0.12
0.616
0.984
0.392
1.58
0.268
2.296
2.468
0.996
4.256
0.188
0.832
0.18
0.176
2.784
0.092
0.54
0.796
1.524
1.572
0.268
2.812
1.316
1.344
0.096
3.136
0.808
0.436
1.516
0.372
7.92
0.756
0.156
3.556
0.8
0.48
0.128
0.388
0.16
3.748
0.26
2.588
0.556
0.444
0.744
0.164
1.604
6.856
0.44
0.14
0.924
5.256
3.732
0.128
6.796
0.152
0.236
3.408
0.276
1.268
6.756
0.1
1.704
0.716
0.652
0.448
0.156
0.604
0.148
3.96
1.604
0.652
0.876
2.884
0.752
4.912
0.164
1.456
0.224
2.776
0.312
6.744
0.156
7.656
2.66
0.14
0.308
3.28
2.056
0.14
4.984
0.856
0.26
2.696
0.148
0.176
0.348
4.364
7.064
6.684
0.348
1.048
2.176
0.18
0.096
4.58
0.096
0.396
0.156
0.096
0.256
2.708
0.472
5.096
2.868
0.596
1.584
0.552
7.488
1.188
0.596
0.548
2.224
0.252
6.292
0.776
0.652
0.48
0.46
3.8
3.476
0.096
3.46
0.144
0.552
3.912
4.276
0.168
0.132
1.748
0.772
0.728
0.148
0.172
0.124
1.164
0.16
2.272
10.136
4.072
0.416
0.932
2.892
3.88
0.096
5.148
2.34
0.804
0.112
0.096
0.232
0.632
0.096
2.924
0.508
0.4
3.888
1.24
1.48
0.144
0.308
8.548
0.116
0.776
0.3
0.62
0.372
0.648
0.848
1.412
0.196
2.728
0.256
0.456
2.056
6.512
0.348
0.116
0.38
2.048
0.68
3.42
0.144
1.308
0.156
0.492
0.124
0.16
1.808
1.68
3.292
1.488
6.572
1.916
4.184
6.156
3.888
0.108
0.708
1.732
0.36
0.124
0.968
0.188
1.856
1.06
0.764
0.1
0.144
0.836
6.504
0.14
0.092
0.828
1.412
3.568
9.112
0.304
0.876
0.144
0.876
0.596
1.4
0.94
1.18
0.284
0.136
1.908
9.164
0.848
0.096
0.392
0.34
1.644
3.248
1.08
2.076
0.152
8.02
3.44
2.868
3.788
1.896
2.008
0.568
1.88
2.82
3.604
1.96
1.104
0.196
7.844
4.484
4.328
0.788
0.596
5.032
0.26
0.332
0.116
0.248
0.14
0.24
8.54
0.704
1.552
1.112
0.096
0.424
1.248
3.288
0.304
1.728
5.38
2.836
0.096
0.116
7.856
0.372
2.948
2.944
2.756
1.2
5.784
0.092
0.108
1.1
0.148
5.984
0.416
3.86
0.328
3.156
2.452
3.104
0.108
6.924
3.672
2.904
0.292
0.148
1.716
1.828
0.18
0.116
0.148
1.144
0.14
0.14
0.972
0.792
0.228
0.944
0.1
0.692
1.932
7.2
0.12
2.14
1.948
0.176
1.064
1.94
0.168
0.976
0.132
1.668
0.148
0.412
0.78
6.444
3.356
3.224
0.136
1.324
0.108
0.292
2.0
1.896
1.604
1.02
0.364
4.228
0.18
0.62
0.096
6.08
2.404
3.048
2.792
1.856
2.628
0.152
0.396
0.236
0.1
0.144
1.748
0.124
0.156
1.184
1.64
0.096
0.192
3.032
0.324
2.852
0.292
10.596
0.7
5.42
0.1
1.628
0.12
4.864
1.384
0.104
0.144
1.188
3.216
1.144
0.228
7.832
5.696
1.032
0.12
0.752
0.872
0.632
0.964
2.676
2.648
4.804
0.124
3.228
5.144
0.12
0.152
7.152
1.116
3.284
2.472
0.336
0.156
5.052
1.108
0.236
0.624
2.784
1.48
2.588
0.548
0.164
0.14
0.684
2.788
3.028
0.832
0.152
0.668
0.096
7.06
0.34
0.156
0.38
0.208
1.368
0.092
9.716
0.096
1.144
0.896
4.216
1.356
1.968
0.5
3.388
1.5
0.264
1.156
0.524
0.124
1.004
0.288
0.816
1.136
3.308
0.204
0.108
0.168
0.488
2.364
0.808
0.688
0.148
0.212
0.904
5.056
1.852
8.04
0.956
0.156
3.888
1.32
0.376
3.116
0.1
1.784
3.852
0.188
0.2
0.204
2.192
0.096
0.652
1.932
1.968
4.444
8.904
0.488
3.8
0.812
0.148
0.42
1.38
0.304
0.348
0.888
0.392
0.36
4.8
8.904
0.496
3.072
0.74
0.172
0.152
3.388
0.472
0.18
1.26
0.42
6.792
6.128
1.236
0.176
0.136
0.12
1.304
0.264
0.14
4.092
0.508
5.924
0.636
1.852
2.632
1.736
0.776
0.32
2.32
0.176
2.552
2.956
1.776
0.176
2.02
2.236
0.824
1.416
0.796
0.712
0.672
0.372
0.244
8.096
0.984
1.644
1.82
0.248
0.284
4.644
0.136
1.736
0.696
2.236
2.644
3.904
5.56
0.172
0.612
1.948
6.72
1.56
0.492
1.492
4.636
0.136
0.12
0.196
4.856
0.096
4.004
0.116
3.236
2.168
1.32
1.68
4.644
4.636
2.22
0.632
3.728
1.424
0.132
0.2
2.176
0.224
0.264
0.1
2.444
3.308
4.348
0.372
0.728
1.144
0.144
1.112
2.264
0.14
0.092
0.516
0.132
0.148
1.628
2.752
1.244
0.66
0.148
3.452
0.328
2.168
1.304
0.156
1.228
0.724
1.396
5.016
0.104
0.148
3.2
2.024
0.9
0.096
0.328
6.776
10.016
6.12
0.112
4.404
3.432
0.144
1.188
1.016
0.996
1.404
0.208
0.096
2.152
1.94
7.496
0.296
0.384
2.076
0.428
2.488
0.88
2.152
3.136
8.772
0.252
2.392
2.576
0.104
0.104
2.952
0.328
0.54
2.116
5.748
0.1
0.82
3.544
0.728
1.712
4.04
0.124
2.964
1.844
3.536
1.572
7.14
1.768
0.336
5.312
2.912
1.32
3.056
0.772
3.848
2.24
0.092
2.224
0.104
0.44
0.148
1.18
0.104
4.252
5.704
4.356
0.396
10.104
1.584
0.78
0.088
0.208
0.104
0.156
2.552
0.68
0.144
1.748
1.788
0.148
0.148
2.176
2.54
3.5
2.212
2.4
0.104
0.748
0.46
0.704
0.308
3.036
1.988
0.104
0.156
1.5
0.108
0.652
1.128
6.316
0.528
0.176
0.196
4.22
0.392
0.932
1.172
0.152
1.088
0.784
0.328
5.06
0.116
0.36
1.376
4.588
2.316
3.576
2.408
0.092
5.652
0.432
1.376
2.072
0.432
1.48
0.14
5.204
0.1
1.228
4.98
3.408
0.096
2.6
1.212
0.1
0.356
2.596
9.52
1.12
1.104
2.576
0.124
1.94
3.804
1.336
0.18
0.46
0.8
0.572
0.184
2.032
0.828
0.28
0.792
1.188
6.32
0.956
0.252
0.552
7.412
10.96
0.304
1.736
1.812
0.748
1.804
2.18
3.632
5.504
0.704
4.288
2.296
1.692
0.136
0.148
1.608
0.336
0.284
0.736
4.116
2.74
1.984
5.58
1.0
0.152
1.7
3.536
0.18
0.264
0.752
6.032
0.184
0.104
8.66
5.86
0.62
0.86
2.312
1.312
2.836
5.484
0.092
0.964
1.216
0.136
1.124
0.156
3.664
1.06
1.768
0.496
0.46
3.428
9.316
0.456
0.12
2.12
0.472
0.096
0.16
9.504
10.248
1.536
0.56
0.404
0.268
2.484
0.932
5.78
1.388
5.668
1.892
0.36
0.808
0.144
0.904
3.44
5.436
0.136
0.1
0.82
0.228
1.052
3.476
0.14
1.464
2.272
4.496
0.104
4.5
6.404
0.532
1.116
0.176
3.668
0.748
0.096
1.264
2.492
0.092
0.148
0.476
0.092
0.928
2.868
1.664
0.192
0.56
0.904
0.104
2.28
1.716
0.112
0.128
11.004
0.1
0.132
10.0
0.18
10.532
3.116
0.172
3.56
2.572
0.104
0.5
1.432
8.372
0.104
0.108
5.396
7.668
0.192
1.9
3.916
1.42
1.728
3.284
1.092
2.06
2.512
5.108
0.56
0.12
3.152
1.972
0.44
0.128
0.384
1.916
0.788
0.892
0.264
2.6
0.168
0.492
1.692
3.2
0.144
3.256
0.32
6.624
0.32
0.556
0.58
0.1
0.144
8.24
0.224
0.16
0.408
0.16
9.896
3.032
4.096
1.076
1.648
0.928
6.896
0.716
7.108
1.184
0.168
7.664
0.624
8.644
1.456
0.188
2.712
9.264
4.06
3.568
0.436
0.152
1.276
1.016
2.204
1.444
6.708
0.148
0.412
5.372
0.208
4.616
3.66
0.18
2.552
9.296
0.108
4.66
5.56
1.164
0.36
0.264
2.456
1.196
1.532
8.388
2.4
3.884
0.332
8.2
0.452
0.856
1.252
0.868
0.248
7.732
7.248
3.676
1.72
0.316
1.952
2.296
2.708
2.412
0.516
0.276
0.348
2.396
0.104
4.892
0.144
2.272
0.2
0.212
0.776
1.968
4.364
2.052
1.092
3.092
2.264
0.104
0.176
0.148
0.152
0.536
1.436
9.68
0.704
1.22
5.272
0.14
0.16
0.152
0.152
2.592
1.168
0.116
3.564
2.072
0.248
3.388
0.668
0.84
1.42
7.396
2.244
0.144
5.36
0.736
1.676
2.556
0.156
0.884
1.1
0.236
1.452
0.144
0.156
0.184
0.524
0.244
0.12
5.588
1.436
1.528
1.04
1.78
1.804
0.78
2.956
6.152
2.004
3.516
5.336
1.492
0.152
0.148
3.18
5.46
0.136
0.148
0.124
0.292
0.676
0.448
5.96
0.14
0.648
1.4
0.48
0.096
1.24
8.176
0.48
5.104
0.664
0.232
0.244
1.592
4.356
2.904
0.804
1.976
0.212
0.096
2.236
0.344
0.52
0.156
6.588
1.616
2.152
8.812
0.108
0.112
0.552
0.108
0.912
0.148
2.076
1.7
0.24
3.92
3.976
0.148
1.264
0.124
1.616
0.124
1.768
1.624
3.132
0.268
2.34
0.208
4.532
0.28
0.508
0.864
0.656
1.924
0.152
0.464
2.8
1.26
2.796
2.556
5.668
0.136
0.652
2.796
1.38
3.256
8.44
1.776
0.208
3.084
1.584
2.444
1.5
2.132
0.376
0.28
3.352
1.404
6.548
6.164
0.152
0.152
9.628
0.176
4.072
7.072
3.132
0.48
4.42
1.052
0.14
0.148
0.644
1.004
6.804
5.768
3.368
2.252
0.156
0.816
4.932
1.204
0.144
0.096
0.128
1.86
0.12
0.124
3.752
0.624
0.752
2.18
8.6
0.148
1.928
0.264
2.212
4.16
1.72
0.152
0.208
1.836
1.312
6.192
5.976
2.468
9.596
0.22
0.096
0.156
6.188
0.74
0.144
1.884
4.716
0.128
1.216
4.564
1.396
0.584
1.344
0.152
4.716
1.068
0.096
1.164
2.148
2.4
0.14
1.096
4.264
0.464
0.6
0.576
0.524
0.92
5.676
0.332
0.336
0.524
2.144
0.124
0.14
0.236
1.936
3.576
0.252
0.136
1.248
0.1
2.108
3.98
0.548
0.1
0.6
0.928
0.196
3.112
6.032
3.076
0.868
4.544
0.116
3.148
2.396
0.116
1.62
0.776
0.748
0.248
1.84
6.496
0.424
0.116
0.704
0.224
0.576
0.144
1.26
1.596
0.12
0.14
0.108
2.252
0.132
0.528
3.464
3.128
2.344
0.324
0.476
0.16
1.1
3.676
0.24
0.644
0.132
0.208
3.588
0.656
1.044
2.34
0.572
4.3
0.548
2.556
0.492
2.248
0.488
2.62
1.564
3.824
0.132
0.136
8.032
1.672
3.872
0.148
1.28
0.128
4.58
0.112
0.176
0.908
0.152
2.028
0.908
0.128
2.488
0.148
0.884
3.788
0.468
5.864
0.94
0.128
0.196
0.144
4.1
0.424
6.404
1.912
0.372
0.22
0.728
5.996
0.104
0.176
6.276
7.272
0.096
0.924
2.44
1.728
1.36
1.056
2.096
0.896
0.32
0.5
0.452
4.148
2.5
0.412
4.78
0.14
4.724
1.568
0.232
2.74
0.092
0.156
0.508
0.128
1.84
0.472
0.704
0.324
0.856
4.18
0.332
0.312
4.94
4.628
4.74
0.148
1.036
0.14
0.208
0.104
0.16
4.512
1.088
0.096
0.148
0.444
0.636
1.16
2.904
2.272
5.26
0.26
2.704
2.004
0.944
5.812
1.216
0.996
0.816
4.9
1.716
3.436
0.1
0.144
0.32
0.416
0.428
0.648
4.968
1.036
0.156
0.096
7.88
0.16
0.092
5.3
0.396
2.36
1.132
0.4
1.616
0.484
0.404
10.512
2.408
4.124
6.192
0.868
0.764
0.616
0.88
0.14
0.94
0.152
0.132
0.112
4.44
0.596
7.088
2.648
8.096
0.464
0.34
0.152
2.808
0.34
0.472
3.1
1.264
2.404
0.212
2.764
1.28
2.996
4.228
1.62
1.472
10.8
5.072
1.48
0.148
1.688
3.768
0.176
0.092
0.104
2.268
0.292
3.5
1.224
0.868
1.364
5.496
4.64
0.54
0.32
1.456
0.108
1.3
3.732
1.176
0.128
1.44
0.54
0.092
1.064
0.464
0.208
0.164
0.136
0.4
2.696
2.752
4.416
6.776
0.132
0.16
1.128
0.112
3.06
0.112
0.124
2.396
0.132
0.684
2.48
0.26
0.98
7.016
0.12
3.408
3.576
0.604
0.116
2.132
0.664
1.148
3.176
0.14
2.212
0.244
0.1
0.444
1.152
0.608
0.116
0.144
0.32
0.152
0.336
6.976
1.34
5.508
6.54
4.332
0.736
0.152
0.112
1.812
0.452
2.052
0.2
3.972
2.616
0.892
4.144
1.912
4.408
0.54
0.156
3.572
0.104
0.608
0.264
6.32
0.688
0.564
6.212
0.536
2.232
0.932
1.244
2.916
1.436
0.608
0.26
2.264
0.212
3.26
0.144
1.86
0.708
1.476
4.74
0.096
0.12
3.216
5.14
0.772
0.232
0.228
4.58
2.26
3.38
1.952
4.392
0.9
2.212
0.196
1.32
3.192
0.34
1.428
0.232
0.492
0.12
3.324
0.152
4.38
0.144
10.644
3.812
1.912
3.316
0.096
0.3
3.232
0.352
0.148
0.156
0.1
2.464
0.1
0.12
0.604
1.424
0.088
1.356
0.692
3.06
0.116
1.12
1.756
1.752
0.116
2.224
5.304
1.188
0.408
1.64
3.408
0.84
0.828
0.1
0.132
0.092
0.18
0.436
3.692
0.148
4.192
0.12
1.668
2.784
0.736
9.28
5.832
0.408
4.048
4.96
1.508
0.156
1.404
0.456
0.3
1.364
0.744
5.38
0.696
0.524
6.412
1.836
1.2
1.3
0.436
0.18
0.744
4.48
2.16
1.432
0.128
0.428
2.052
1.16
2.384
0.836
0.104
1.096
2.412
1.552
0.208
4.144
2.368
3.432
0.212
0.152
0.424
0.76
4.656
2.676
1.276
0.264
2.144
3.916
0.124
1.976
1.088
1.508
1.828
6.2
3.328
0.092
1.02
0.196
0.196
0.148
1.828
4.832
1.324
1.208
3.028
0.14
0.144
4.32
2.212
0.172
2.16
0.608
0.668
4.18
0.084
3.888
0.168
0.624
0.092
3.248
1.592
1.08
1.748
2.996
3.204
1.664
2.02
0.736
1.236
0.108
0.32
0.236
3.32
6.76
0.976
2.292
5.612
4.348
0.968
0.964
1.504
0.624
0.368
0.5
5.224
1.928
3.4
10.128
2.42
5.144
0.64
1.952
0.42
0.396
0.112
2.436
1.104
4.216
0.504
0.1
10.856
2.44
5.936
0.732
4.18
0.212
0.168
3.748
2.56
2.38
0.208
4.496
0.452
1.404
7.604
2.084
8.48
0.392
0.54
4.496
0.92
2.364
2.392
0.496
5.804
2.576
3.664
9.144
1.932
0.208
0.848
1.06
2.196
3.676
6.14
0.2
2.0
1.744
2.9
2.216
1.348
0.912
0.456
1.88
2.8
0.708
10.984
1.648
7.484
1.164
1.204
1.864
0.696
0.664
4.156
0.78
3.248
1.368
0.18
2.884
4.268
0.172
1.076
0.592
1.372
8.132
3.48
2.412
2.256
1.652
0.168
2.152
1.828
4.212
3.56
5.564
0.24
2.228
2.792
0.4
3.132
7.156
0.168
2.876
1.5
0.748
1.52
0.688
6.268
3.844
1.124
2.58
0.58
0.624
0.696
5.348
2.136
3.48
4.42
1.888
2.496
2.272
1.184
3.168
1.896
0.376
2.14
10.908
8.288
5.844
1.116
5.288
3.232
4.576
8.296
0.068
3.432
0.62
7.268
3.904
1.128
2.792
3.536
1.952
0.348
2.608
0.924
1.74
0.196
0.288
2.988
1.904
2.908
1.62
0.972
3.168
10.228
2.356
0.248
2.472
0.416
0.74
0.56
0.456
2.344
1.684
5.176
0.264
1.652
2.756
5.656
0.752
2.576
0.172
4.86
0.744
1.048
4.236
7.08
0.264
1.46
0.328
0.168
2.008
0.552
1.18
1.612
3.012
0.476
4.92
0.984
1.348
0.956
3.944
0.744
1.732
8.596
0.796
0.34
1.512
6.164
0.344
0.352
4.956
1.908
0.64
1.768
3.556
0.58
2.272
1.896
0.108
6.84
1.304
3.012
0.492
0.088
1.408
0.184
1.344
4.956
4.004
3.236
3.88
4.868
0.644
4.636
4.068
0.892
1.684
6.132
1.948
0.808
0.204
2.68
2.54
1.12
0.72
6.88
2.028
1.52
2.244
4.428
0.508
3.6
2.592
1.084
0.792
1.52
0.512
2.904
2.92
3.24
1.04
0.612
1.516
0.612
2.492
3.228
3.096
0.552
0.496
0.876
3.404
0.168
1.476
5.108
0.244
7.84
2.236
1.992
4.252
5.704
3.112
1.44
6.268
6.52
1.516
2.196
2.108
3.388
0.452
0.68
0.24
9.452
3.76
4.048
1.464
0.524
4.152
9.944
0.248
2.16
0.728
0.6
1.176
9.176
5.484
2.04
0.276
0.228
1.816
0.448
0.172
2.752
1.636
4.224
0.092
2.668
0.396
0.32
0.764
6.94
7.26
2.896
0.264
0.24
8.804
1.096
0.588
4.072
2.304
0.572
7.728
0.824
0.236
1.984
8.516
0.468
1.368
0.652
2.62
1.74
2.86
8.448
0.808
7.096
1.56
1.032
3.792
4.504
1.092
0.404
1.84
0.38
0.252
0.192
1.2
0.956
6.516
0.648
0.192
1.992
6.128
5.324
2.68
2.344
0.384
5.324
3.744
4.336
1.144
5.516
0.364
0.1
1.62
0.704
0.844
0.496
2.024
1.292
4.852
5.448
0.188
1.968
1.228
0.752
1.472
1.052
1.236
0.396
2.312
0.4
5.332
0.456
1.232
3.372
5.632
3.888
2.848
1.42
0.192
0.704
2.388
1.34
0.876
1.348
1.864
0.168
4.024
0.22
8.556
0.404
0.252
1.92
3.316
7.096
1.296
0.2
0.58
1.036
0.676
9.724
3.28
2.336
9.664
4.248
1.396
2.624
0.132
1.756
8.816
0.196
1.532
1.94
1.028
2.852
7.96
0.368
3.652
1.228
0.976
1.56
0.74
5.512
4.748
2.884
6.212
4.272
6.884
0.156
0.144
0.344
2.18
4.0
1.2
0.184
0.184
1.572
8.672
1.252
6.148
0.244
0.24
2.548
1.472
3.268
1.244
0.096
10.656
0.416
0.08
4.272
1.836
0.404
0.124
2.004
2.236
7.116
1.348
2.232
0.292
4.032
0.896
2.36
2.628
1.456
1.032
8.576
3.228
0.456
3.028
2.224
7.74
1.504
7.696
0.832
2.004
2.688
1.964
2.836
2.104
3.004
0.796
2.88
0.216
0.076
3.58
1.04
1.056
6.684
1.44
2.712
0.512
2.208
3.16
2.52
1.616
3.128
0.528
9.552
8.044
0.632
1.832
6.156
0.244
1.436
3.06
9.168
0.956
2.548
2.344
0.476
3.836
0.164
0.376
2.42
1.188
1.82
1.264
0.932
1.316
0.12
0.404
10.556
3.06
8.068
2.228
0.884
0.52
2.324
2.672
2.964
2.712
3.624
7.368
0.22
4.74
3.864
4.22
5.552
1.228
0.456
1.112
1.388
8.64
3.044
3.312
1.216
0.212
1.508
6.404
0.856
4.068
1.836
1.744
2.228
0.236
3.224
0.96
4.7
5.656
1.592
1.712
7.252
0.32
0.88
1.256
0.808
3.672
2.44
8.116
1.872
0.552
9.816
0.664
3.492
0.508
0.212
7.624
1.34
0.6
1.84
2.212
0.576
3.472
3.768
0.144
0.176
1.816
1.964
0.716
0.844
8.644
2.344
2.14
2.212
0.6
4.088
6.336
2.584
6.552
0.208
0.64
3.544
0.46
3.364
5.128
1.016
0.428
3.064
1.524
1.04
0.224
0.504
0.096
0.152
0.84
0.684
0.324
1.736
0.628
0.08
5.184
6.016
0.864
2.18
1.096
0.572
0.728
0.156
5.58
0.208
5.976
0.692
0.86
6.344
3.08
0.464
1.488
3.504
2.324
1.92
0.476
0.684
4.064
4.492
0.536
4.308
4.988
3.26
0.556
5.444
1.22
9.748
0.82
0.34
2.476
3.468
4.52
0.472
0.424
2.136
0.14
0.772
0.536
4.112
2.364
0.68
1.556
4.516
3.796
0.42
3.212
0.084
1.52
3.312
3.46
2.204
0.136
0.58
0.236
4.18
0.328
0.328
4.62
5.492
10.032
3.168
3.476
1.564
1.016
3.428
0.54
0.088
0.404
1.516
0.528
1.048
1.624
7.58
0.588
3.348
4.104
0.788
4.508
2.7
1.04
1.652
6.684
5.364
2.36
2.784
0.544
1.684
2.436
3.976
0.344
0.756
0.648
0.976
1.692
0.732
0.672
5.296
0.244
0.812
4.04
5.272
1.012
0.12
2.32
1.252
2.588
1.86
0.12
0.312
0.46
10.772
0.22
3.848
0.976
8.856
5.94
6.272
0.74
1.828
0.196
1.704
2.444
1.492
0.856
2.392
0.86
0.856
2.804
1.816
1.204
2.264
1.2
1.176
1.472
8.536
0.592
0.2
0.556
5.656
4.552
1.608
0.428
1.116
1.9
0.896
6.376
1.028
2.992
2.644
0.888
4.848
7.008
4.136
2.628
0.344
1.788
8.14
0.712
1.852
6.064
0.26
5.216
0.512
2.368
2.436
4.968
1.136
4.636
3.208
0.092
1.496
0.812
1.084
0.992
1.624
9.556
1.456
9.74
3.484
2.68
0.1
2.628
0.596
2.884
2.792
1.24
5.168
0.44
7.948
3.38
1.268
1.096
3.66
3.06
2.044
0.624
1.536
1.336
6.348
1.452
0.268
0.116
0.408
0.22
0.9
9.988
1.16
0.092
0.908
2.576
0.392
5.008
0.288
1.192
0.824
0.456
1.764
7.088
3.628
1.544
3.36
0.968
0.384
7.116
0.98
7.688
0.788
4.092
0.112
1.888
6.276
1.08
0.792
4.184
3.4
1.14
1.4
7.676
3.256
0.168
2.032
4.864
0.58
1.276
2.328
2.828
7.008
1.28
1.272
4.288
0.972
0.376
1.316
0.54
2.656
0.736
1.624
0.512
1.368
0.284
6.144
0.172
0.408
5.672
2.608
1.384
0.332
8.624
0.144
1.968
0.232
8.804
0.236
0.256
5.112
0.896
1.34
0.816
3.1
1.836
2.84
3.14
2.612
2.8
3.232
0.932
9.768
1.524
1.316
3.58
0.252
0.324
0.536
0.24
0.1
2.908
1.412
1.108
0.696
2.376
0.196
0.988
0.112
0.768
4.096
1.244
5.464
1.372
1.532
1.368
5.556
0.352
2.516
1.084
2.332
0.788
4.512
2.284
2.376
0.164
4.828
2.1
0.08
0.812
4.94
0.24
0.3
0.416
1.044
2.052
1.34
7.936
0.564
3.096
2.364
0.664
0.384
5.708
4.62
1.176
2.444
0.188
2.432
0.456
0.876
0.108
3.512
4.224
0.096
0.568
1.296
2.144
0.068
1.58
1.712
2.78
3.552
3.144
0.096
0.716
0.188
1.908
2.924
0.24
1.66
2.324
2.176
0.1
0.652
0.208
2.052
7.456
0.944
1.632
0.884
0.708
0.332
0.216
3.636
0.104
0.636
0.344
1.536
1.64
1.384
4.248
0.604
0.424
1.04
1.28
2.684
0.396
1.636
2.968
1.964
1.684
0.388
1.96
0.124
0.132
3.956
3.26
1.504
2.1
0.768
0.132
0.172
1.856
1.668
1.86
4.28
0.512
1.512
6.384
4.684
2.556
3.016
2.02
0.3
0.564
0.748
1.436
5.476
4.936
0.124
4.612
2.484
0.656
1.876
0.824
2.34
5.728
4.752
8.808
0.296
0.072
3.608
3.072
6.48
0.44
0.16
2.096
0.904
1.764
8.492
7.536
3.852
4.056
3.888
3.768
0.616
1.432
6.14
3.2
1.104
0.916
10.476
1.244
1.892
0.708
2.984
7.532
2.924
0.684
1.332
10.24
2.772
1.988
0.82
2.888
2.576
0.208
1.104
0.416
8.444
2.612
5.208
0.804
0.548
2.192
3.128
0.236
4.924
2.004
0.364
2.228
6.2
0.284
1.724
4.888
0.444
0.56
8.732
1.852
0.784
0.444
7.828
0.732
0.424
1.268
0.356
0.6
0.88
10.116
2.572
1.352
7.168
1.944
0.692
0.76
2.38
0.304
4.176
0.48
0.176
7.584
0.204
0.64
0.992
1.164
4.4
2.352
1.348
0.948
0.968
1.632
1.12
2.624
0.064
1.564
2.96
3.34
1.412
2.244
1.208
0.176
0.988
8.992
1.928
1.372
5.62
1.76
0.2
1.704
1.096
0.828
6.308
1.02
0.152
1.308
1.076
0.18
5.448
8.584
9.68
3.564
1.292
2.5
1.832
0.284
4.44
0.572
2.36
4.06
2.268
0.132
7.232
1.04
0.32
9.108
9.776
0.844
0.232
10.568
0.616
2.104
2.456
0.912
2.092
1.416
0.716
0.908
2.02
1.064
1.724
0.076
3.276
1.288
1.66
2.252
2.904
0.676
0.56
0.936
0.8
1.772
0.248
1.46
3.516
1.104
0.148
1.596
8.296
1.968
1.872
0.328
0.172
3.84
2.04
0.976
8.244
0.396
1.24
0.08
0.224
3.352
1.56
0.628
1.112
0.932
2.528
0.828
1.404
4.952
2.688
0.296
0.74
0.18
0.816
1.252
1.192
0.712
0.208
1.524
0.82
0.148
1.316
1.348
1.64
0.184
0.532
4.116
0.076
5.252
1.192
8.58
3.768
2.212
3.104
0.94
3.772
1.36
1.832
0.9
0.292
0.164
0.804
2.664
0.92
2.452
0.096
6.468
2.012
0.54
4.2
0.192
0.304
1.844
1.712
2.18
0.324
0.428
0.3
2.892
0.92
0.496
3.52
0.404
0.464
2.0
2.048
0.1
2.54
0.904
4.876
11.028
2.652
0.548
2.48
8.396
0.108
1.384
0.092
4.724
1.924
0.712
3.056
0.844
2.304
5.008
4.524
2.68
1.972
1.772
1.296
6.088
1.028
0.088
3.8
1.18
1.748
1.296
0.436
10.932
1.584
1.228
0.996
0.248
0.176
5.22
4.584
0.128
1.408
1.892
1.076
2.652
0.48
1.752
1.776
1.652
3.58
2.06
0.08
3.58
0.208
8.104
0.704
2.928
1.496
5.292
0.312
3.296
4.408
1.436
0.456
0.712
0.764
0.852
1.136
0.184
0.548
1.116
1.78
0.248
1.756
2.304
6.396
1.184
3.12
2.94
4.736
0.276
9.748
2.048
1.032
1.948
5.016
0.92
0.352
3.1
0.132
0.552
2.3
2.224
7.312
1.672
1.592
2.812
1.76
0.788
0.152
0.392
1.032
0.496
2.828
0.568
0.596
1.0
3.176
0.544
0.584
0.832
0.12
4.36
0.708
4.18
1.68
1.332
5.96
0.596
0.748
7.58
0.076
2.316
3.5
0.724
2.92
0.828
0.944
0.704
0.764
0.52
1.828
1.688
0.864
1.716
9.232
0.644
7.828
1.056
1.436
2.096
0.164
0.208
1.336
1.168
8.48
3.208
0.216
0.96
5.184
2.428
1.136
0.936
6.508
0.208
3.612
4.756
0.596
2.364
0.58
4.66
2.616
0.584
0.312
1.172
3.596
4.384
0.332
1.756
8.108
0.664
1.668
1.528
1.64
3.116
2.6
1.156
2.748
4.556
3.464
0.096
0.452
6.284
0.952
9.216
1.516
2.148
3.04
0.664
3.604
2.844
0.444
2.464
4.732
2.996
0.932
3.772
1.58
0.808
0.148
2.012
0.22
0.6
1.02
0.496
0.396
0.672
1.392
0.58
0.064
2.884
6.788
0.3
0.088
5.6
3.328
1.572
3.28
0.792
0.712
1.288
3.128
3.564
0.616
1.136
2.808
2.552
1.86
4.308
1.464
4.496
2.28
0.256
1.056
6.356
2.724
4.424
2.172
2.264
7.648
5.088
1.344
1.528
0.136
2.56
4.192
4.872
4.568
1.712
0.364
2.224
2.94
2.292
9.9
1.308
9.14
0.364
1.132
3.536
6.068
0.98
2.236
1.152
2.14
0.196
1.432
5.056
2.612
2.956
0.588
0.164
1.5
0.588
0.116
1.176
1.252
0.304
3.188
2.56
0.984
0.264
0.18
10.828
2.648
0.68
2.004
6.92
1.864
0.28
2.388
0.156
0.304
6.708
0.808
0.632
4.52
3.024
2.82
7.28
0.536
0.284
10.944
1.372
2.016
0.328
9.712
1.216
3.828
5.6
3.188
1.22
1.52
9.476
2.756
0.104
2.176
0.224
3.232
2.984
1.7
2.936
3.384
0.924
0.844
3.08
1.152
0.84
1.172
3.6
5.192
5.58
0.32
0.856
6.888
1.188
10.008
2.516
0.288
0.284
0.5
1.832
2.724
0.98
3.928
2.512
1.728
0.42
2.684
4.66
0.224
3.436
1.704
3.228
0.108
7.68
0.188
10.408
1.092
0.748
3.636
9.84
0.38
3.664
0.1
1.992
5.256
0.096
0.976
3.964
1.82
7.804
0.264
1.856
0.644
0.604
2.396
1.128
10.396
3.756
2.688
0.784
10.424
8.004
1.944
4.976
1.196
1.72
0.616
0.072
0.756
1.5
1.752
5.416
8.364
6.44
9.136
0.228
0.4
3.092
1.624
0.392
1.172
0.696
3.168
1.768
1.236
0.16
0.272
0.232
0.6
5.268
7.376
9.488
2.344
0.796
0.084
4.484
0.752
2.184
6.768
1.752
1.68
2.864
7.48
0.228
1.644
2.532
0.12
1.796
2.972
2.38
1.772
6.424
2.336
2.532
6.072
1.468
2.012
1.22
0.524
2.252
0.652
2.432
0.56
6.8
4.348
1.008
1.308
0.684
0.592
2.1
8.356
0.652
0.476
5.736
9.272
2.084
1.82
0.468
1.988
1.684
0.748
5.476
2.444
0.368
5.412
5.432
1.244
1.04
1.064
0.484
1.704
2.648
1.376
6.652
0.468
1.452
7.592
0.512
3.712
1.14
1.232
1.256
0.348
0.22
2.988
0.192
4.68
0.484
1.188
0.624
0.164
0.188
0.42
2.472
0.452
0.78
0.076
0.404
0.332
0.212
4.472
0.832
1.744
5.288
3.864
0.224
0.088
0.16
1.508
4.372
7.192
6.668
3.708
0.86
1.24
4.6
3.832
3.0
1.092
7.072
0.86
1.012
3.58
2.016
0.456
0.096
1.2
0.1
9.76
0.992
1.796
1.32
1.228
6.352
2.576
0.592
1.324
2.068
4.964
0.692
4.196
3.64
1.28
1.148
1.148
4.424
0.72
3.548
5.94
0.624
0.392
3.3
4.208
2.516
0.348
8.144
7.152
1.272
0.524
0.576
6.86
7.42
0.372
6.624
2.736
1.916
4.912
1.94
0.324
9.492
3.064
1.712
2.696
1.168
0.676
0.944
0.572
2.42
4.24
1.436
2.248
10.816
6.008
0.204
0.3
2.792
5.632
0.456
2.468
2.044
7.408
2.22
2.136
0.328
2.176
0.428
0.924
9.552
1.992
1.092
0.976
4.164
0.672
1.82
1.456
0.28
3.6
1.504
3.192
0.496
2.736
3.416
1.516
0.612
0.648
3.68
0.536
1.324
0.184
6.112
0.076
0.74
1.36
0.992
0.788
1.096
0.404
2.576
0.432
8.26
1.096
3.528
3.936
0.528
1.144
0.708
0.26
3.836
0.472
6.14
0.8
1.564
6.504
0.8
0.604
2.464
2.004
0.804
0.208
5.372
1.832
2.924
3.328
0.972
9.088
2.94
0.68
2.904
0.108
3.992
0.432
2.412
1.7
8.36
2.528
2.156
1.436
0.756
0.52
0.46
0.192
1.952
2.4
1.372
4.1
0.288
2.048
1.768
6.912
0.156
2.696
0.716
2.64
0.076
1.528
4.58
0.88
3.8
4.872
7.24
3.324
0.16
0.524
0.908
9.008
0.308
7.944
5.908
0.732
3.356
2.232
0.884
1.668
5.38
4.512
0.088
6.868
0.216
6.208
0.496
0.272
0.168
6.212
8.024
2.912
0.076
0.696
2.524
6.716
3.024
0.128
0.524
8.652
1.576
2.62
2.888
1.612
2.54
0.652
0.62
5.748
0.58
0.312
1.6
10.424
0.444
4.948
0.296
0.084
0.18
0.948
0.976
3.612
4.232
0.332
1.96
0.148
0.528
1.668
2.736
2.492
2.66
10.176
1.236
6.844
0.276
1.752
1.368
0.352
0.852
1.624
0.14
0.164
1.368
2.224
0.192
3.3
0.308
1.412
3.528
2.496
3.144
4.188
0.264
2.104
0.284
1.092
0.72
4.424
4.772
0.36
0.192
1.608
0.224
0.92
0.356
0.076
6.16
1.196
0.732
3.024
3.208
0.292
2.22
3.84
1.052
2.432
2.06
1.576
5.4
2.604
1.124
5.424
10.948
1.176
6.376
0.976
3.816
0.652
7.448
0.604
6.256
9.388
4.552
3.9
5.612
2.172
3.752
3.468
0.396
0.5
0.548
0.352
1.768
0.176
2.348
1.1
3.444
5.952
3.96
0.624
9.636
1.012
0.288
6.584
1.852
0.396
2.504
2.36
9.104
0.08
1.712
0.192
1.204
1.296
2.704
3.272
6.26
0.42
3.432
9.248
0.544
0.384
3.184
1.552
0.448
0.62
1.904
2.552
2.036
4.252
3.456
1.38
0.116
0.292
6.824
3.396
0.852
0.244
0.596
0.868
10.512
5.068
1.1
1.108
2.904
0.556
1.632
3.856
1.948
9.052
6.76
2.572
0.156
2.116
1.616
0.068
2.352
2.576
0.856
1.308
2.264
1.236
0.568
1.804
1.232
2.056
0.396
11.064
7.98
0.344
1.224
3.872
7.952
1.12
3.024
1.156
0.584
4.924
1.26
1.612
3.368
1.396
1.92
0.264
4.684
2.816
7.744
0.868
1.556
0.684
4.136
4.412
5.928
1.204
10.488
1.564
0.304
0.08
1.416
5.8
2.212
0.216
0.968
0.48
1.288
9.412
0.452
6.908
3.456
3.268
0.164
3.404
1.992
1.536
3.072
2.168
2.2
0.336
5.484
0.812
3.512
1.036
1.172
2.224
1.088
3.436
3.576
6.972
3.784
0.984
1.52
0.136
2.476
2.7
1.2
0.292
1.54
1.54
0.708
0.9
5.42
7.188
0.916
0.084
1.784
0.916
2.248
0.536
2.576
3.036
0.532
3.852
0.12
0.656
6.076
4.988
0.416
4.764
1.132
0.68
1.46
4.232
1.352
7.616
0.136
0.516
1.78
0.276
3.636
4.94
8.404
8.748
6.212
0.676
0.496
0.252
4.324
1.156
1.892
2.024
8.952
4.432
1.16
9.744
5.848
5.0
0.412
5.464
0.872
3.328
5.812
0.188
4.676
0.688
3.62
0.132
0.716
0.352
1.412
0.472
1.564
0.308
0.18
4.268
1.416
1.452
0.204
1.796
3.26
1.112
5.236
9.4
6.444
7.124
1.52
3.648
3.74
2.556
0.672
1.22
4.124
0.552
0.98
0.656
4.012
7.992
0.592
7.348
8.632
0.388
0.64
2.98
5.42
5.024
2.408
2.116
1.54
3.28
1.252
1.072
6.38
2.436
3.456
2.976
2.612
1.372
0.204
0.776
1.392
1.168
1.208
1.808
4.908
1.316
3.544
0.144
2.66
1.1
2.092
9.348
2.636
2.992
2.936
2.068
0.532
0.736
6.904
0.804
0.896
1.464
1.852
4.18
3.5
4.008
1.052
3.724
0.34
2.924
1.42
6.412
6.504
0.268
0.436
1.352
9.992
3.128
9.628
2.188
0.564
2.232
0.356
0.944
1.008
5.144
2.144
6.312
2.804
3.056
0.932
3.776
0.092
1.564
2.316
2.812
1.36
8.2
0.408
1.22
5.636
0.388
0.176
1.148
1.856
0.632
0.764
0.428
3.736
0.54
1.356
2.456
2.2
0.428
0.384
2.08
0.564
0.808
7.12
1.232
4.912
1.372
2.172
0.608
2.668
0.464
2.536
0.6
0.476
2.064
9.264
1.444
1.176
1.16
0.596
0.372
0.068
1.484
3.04
0.348
0.776
0.88
1.08
1.544
0.112
4.884
2.392
4.232
1.656
3.788
0.684
0.944
2.256
0.224
11.076
1.056
0.88
1.216
3.184
4.808
0.82
2.92
0.548
0.468
2.472
0.832
0.36
0.304
9.344
5.736
0.548
1.028
1.164
1.412
2.048
2.928
3.992
0.944
0.82
0.984
9.844
0.98
8.448
3.032
1.188
2.396
1.508
0.604
2.876
1.028
0.376
4.152
2.468
1.016
1.56
3.468
4.984
1.736
6.832
2.744
0.752
1.616
0.488
5.612
0.548
1.264
1.736
0.984
0.512
4.612
2.024
2.98
0.24
0.14
0.396
0.296
10.436
1.86
2.048
1.516
2.488
0.18
0.128
2.496
0.428
6.584
1.248
2.208
0.736
3.076
0.572
0.824
0.104
5.248
0.52
0.572
6.672
0.576
7.116
0.84
2.94
5.88
0.656
0.696
0.5
4.096
3.636
4.312
0.84
4.16
1.792
0.544
1.148
0.108
2.384
1.136
1.62
1.412
0.2
0.368
2.86
1.212
2.756
3.172
2.024
0.764
1.712
0.984
8.184
0.916
1.124
3.344
1.896
0.32
8.248
2.904
0.18
0.18
2.372
7.26
2.316
1.424
5.848
0.292
1.356
5.348
0.168
0.136
4.608
0.964
4.944
0.516
1.096
1.988
1.184
0.836
3.096
0.388
6.128
0.616
2.38
0.244
4.04
4.164
0.252
6.304
4.352
1.788
0.124
9.544
0.32
0.16
5.02
7.932
1.3
0.44
6.472
3.488
2.508
0.656
0.824
7.464
2.312
7.5
7.824
1.032
3.28
0.1
2.064
2.744
0.088
0.508
1.512
3.0
3.716
3.56
10.804
0.624
0.224
0.148
3.228
0.824
4.048
0.516
0.436
1.016
1.588
4.124
2.64
3.408
0.144
7.98
0.156
0.548
4.672
0.184
10.092
2.956
0.44
1.184
0.08
6.884
1.232
3.056
0.68
0.668
2.896
2.224
1.988
2.296
3.168
2.832
0.38
3.58
1.48
1.352
5.1
0.188
1.144
2.188
3.136
8.556
0.328
7.3
0.228
4.216
3.94
2.464
0.704
1.696
0.456
6.86
0.588
0.076
2.384
6.488
0.156
0.076
0.56
0.312
8.072
0.756
4.252
5.2
3.092
1.748
3.86
2.46
1.352
0.616
0.448
2.776
6.516
0.944
1.864
0.496
3.516
1.688
8.22
0.428
1.148
2.168
1.064
0.916
0.744
1.956
0.896
4.136
0.212
0.336
0.764
1.584
2.956
0.44
0.344
5.032
2.788
1.332
0.28
2.54
2.236
3.184
0.14
5.316
1.836
3.78
0.5
2.604
0.584
8.668
0.376
0.14
1.436
5.744
0.152
0.428
1.44
0.772
0.188
0.328
1.164
1.932
6.22
1.532
5.656
0.08
1.7
2.92
1.372
0.804
1.196
0.356
2.684
4.548
0.452
0.212
3.148
5.184
0.132
4.052
0.656
0.236
1.4
3.964
10.396
4.736
5.18
0.44
1.768
4.748
0.476
3.116
3.828
1.904
1.104
0.364
1.38
0.212
0.976
1.556
1.624
0.372
0.82
2.016
8.392
4.312
4.0
2.628
3.72
0.904
0.632
0.228
2.888
0.144
0.076
1.312
1.464
5.276
0.34
0.14
4.82
6.308
2.452
4.212
2.668
0.236
1.668
0.172
1.232
0.404
5.972
3.208
0.764
2.3
0.532
0.428
0.364
0.196
4.472
0.708
5.156
2.168
0.668
0.756
3.796
2.54
8.8
0.092
0.904
10.716
0.132
2.412
1.872
5.208
2.42
3.452
4.5
3.016
3.508
4.88
2.1
2.336
0.632
1.328
5.056
3.564
4.136
1.108
0.484
1.444
0.496
2.124
2.576
0.32
3.056
1.532
4.992
1.68
0.964
1.368
10.012
1.9
3.9
9.932
3.7
5.396
0.236
0.512
2.564
2.692
3.308
1.2
8.408
6.38
0.432
0.676
0.12
2.432
2.52
1.736
0.312
0.376
1.232
2.164
2.92
2.064
1.1
1.0
0.604
6.384
2.328
0.6
0.208
0.724
0.432
0.076
1.072
4.364
8.132
0.408
0.232
1.156
0.576
0.328
1.624
5.1
10.296
0.244
1.804
8.332
0.608
3.872
1.372
2.552
4.688
0.196
2.14
1.368
1.656
0.456
2.16
1.712
2.156
0.748
0.364
2.408
4.68
0.076
0.08
0.544
1.616
0.568
0.916
7.016
1.848
1.712
3.456
2.256
3.264
0.532
4.796
2.308
5.892
2.012
1.976
0.068
1.968
1.508
2.532
4.644
0.516
1.716
1.256
0.46
3.004
0.728
7.616
6.468
7.092
1.14
0.432
2.296
1.428
5.552
3.572
5.132
0.58
4.54
2.348
2.232
5.592
2.256
9.024
0.94
4.136
1.816
0.16
3.468
0.536
0.62
0.864
0.092
1.252
0.776
0.436
3.68
2.788
0.12
2.188
2.628
0.076
5.74
0.404
4.42
7.348
0.2
0.532
0.82
0.972
4.352
1.684
1.296
0.576
1.644
9.556
0.9
0.648
1.324
1.048
0.256
1.42
4.308
0.076
2.012
8.44
2.66
2.432
2.188
1.464
3.188
0.896
1.296
0.58
2.464
2.012
0.664
5.18
2.26
4.768
7.664
0.548
1.86
2.204
5.164
4.26
0.372
2.076
2.08
4.088
0.588
2.348
0.364
0.248
3.66
0.088
3.892
1.832
0.2
3.516
0.64
1.812
4.404
0.764
0.352
2.692
1.116
0.384
0.92
1.244
4.54
0.084
0.24
2.724
1.42
10.232
3.764
0.184
7.128
3.256
0.328
1.676
1.208
7.64
0.352
9.704
2.16
0.096
0.592
1.552
1.916
0.324
1.932
3.828
2.056
0.356
1.76
2.52
1.356
5.596
1.336
2.716
0.616
0.908
2.268
3.164
1.304
0.348
0.304
5.0
0.908
1.16
3.924
0.608
3.532
1.044
0.712
3.636
0.192
4.548
8.484
7.912
5.904
9.172
0.752
1.88
3.364
0.728
3.596
0.88
0.24
2.92
1.204
2.096
0.832
0.992
0.32
2.696
1.072
0.124
5.36
0.476
1.252
0.068
1.972
4.496
5.336
0.768
2.632
1.088
2.836
0.268
1.78
1.84
3.44
4.2
6.692
0.604
0.62
2.432
1.084
3.236
3.756
0.196
2.452
0.108
0.192
0.092
10.68
2.096
0.728
2.332
2.188
4.728
1.392
2.424
1.132
2.22
1.152
0.288
0.828
0.14
1.004
3.036
1.992
1.772
1.368
2.236
5.748
1.212
1.544
0.828
1.58
1.26
3.04
1.116
0.272
10.076
2.856
0.704
1.788
1.88
0.468
7.692
0.068
2.664
4.628
1.664
2.288
4.612
0.14
0.572
1.028
0.656
0.332
0.892
1.26
5.136
1.26
1.448
1.468
4.756
1.852
10.672
0.356
2.384
0.476
1.16
9.412
2.512
0.412
0.66
0.356
2.028
3.512
0.3
0.3
5.392
6.636
1.568
0.284
1.924
1.824
2.472
1.524
0.86
0.604
0.188
3.58
1.948
0.7
5.02
0.704
4.292
8.884
0.936
1.892
0.32
1.18
5.056
1.76
2.868
5.636
0.076
0.74
0.648
0.524
4.544
0.212
2.816
2.648
5.852
0.736
0.092
2.612
1.044
0.16
2.392
4.332
6.06
0.568
1.128
2.168
0.692
1.028
6.724
0.844
0.708
0.412
2.144
2.892
2.408
0.948
0.16
0.984
3.772
1.764
1.288
0.924
2.26
7.612
0.168
2.008
5.204
1.74
0.636
1.328
0.536
0.968
2.088
1.272
0.104
2.996
6.056
0.616
1.84
0.14
2.964
6.648
0.768
1.756
3.984
6.092
4.46
6.004
1.58
3.484
2.492
2.948
2.924
2.12
2.236
2.284
0.112
5.9
0.536
4.14
0.104
1.536
1.28
1.308
1.704
4.672
0.436
6.008
1.636
0.34
6.108
1.832
2.796
2.488
1.44
0.452
1.792
4.944
1.336
3.144
0.14
3.604
4.28
2.512
0.24
0.524
3.584
1.144
0.68
6.428
2.992
1.484
2.688
1.288
3.74
0.204
3.408
0.968
1.2
0.664
0.304
1.608
1.424
7.272
0.904
1.312
10.824
3.12
0.152
2.576
0.136
6.856
4.644
3.804
3.728
0.708
0.68
1.48
3.936
2.3
1.616
0.104
0.108
6.364
4.832
2.908
1.612
0.492
5.368
0.96
0.224
8.188
0.844
1.388
0.804
3.02
4.992
3.012
4.112
1.94
1.74
8.224
5.408
0.844
1.812
0.392
2.58
0.336
7.424
1.524
0.348
0.784
5.3
1.98
0.976
0.264
2.024
2.416
3.36
0.996
0.704
2.364
3.868
0.384
0.176
1.816
2.352
0.548
0.692
8.204
0.74
0.208
2.896
2.356
4.224
6.456
0.132
0.312
9.376
0.224
0.52
1.936
1.532
1.332
1.916
1.732
0.184
5.348
1.964
4.616
2.42
0.184
8.696
6.524
3.032
2.468
5.3
2.356
3.26
0.272
6.928
2.008
1.172
0.132
10.388
5.588
2.764
0.544
0.864
3.56
3.68
1.424
1.48
1.032
2.476
1.792
1.124
2.208
1.684
6.556
1.448
7.54
2.672
5.364
0.428
4.264
1.54
3.6
2.896
0.656
3.228
0.624
0.596
0.78
0.116
0.32
2.588
4.312
0.844
0.096
3.776
1.892
5.648
3.644
0.56
1.384
0.592
1.912
1.256
1.696
2.576
7.852
0.224
7.472
3.656
2.364
7.976
0.1
4.468
8.404
0.46
2.524
1.664
0.372
1.912
0.232
0.24
5.016
0.872
1.708
3.072
10.224
9.212
2.796
1.664
0.2
1.476
3.484
2.412
1.644
0.156
0.172
2.788
1.024
0.844
0.892
0.276
1.864
0.076
0.384
0.204
2.376
2.888
9.088
1.608
0.428
3.084
0.988
2.616
2.04
2.464
0.764
0.364
1.908
3.092
0.524
1.896
2.068
6.012
1.316
0.256
0.16
0.144
1.836
0.428
0.336
0.76
1.236
2.764
0.704
9.36
0.968
1.06
3.392
0.528
8.936
0.9
0.94
5.888
2.432
0.76
1.636
0.068
1.52
2.512
0.404
0.852
1.812
0.316
1.392
0.776
5.148
4.436
1.748
1.144
0.976
2.072
1.54
0.204
0.408
1.512
3.828
0.832
2.996
3.348
0.984
1.036
1.256
1.128
3.552
1.332
1.556
3.144
5.704
3.096
0.872
1.98
0.536
1.8
0.324
0.396
2.232
0.588
5.944
2.476
1.688
0.448
0.492
0.408
0.172
2.228
4.084
0.272
1.48
0.076
0.068
0.884
2.408
2.036
6.472
0.268
0.5
0.524
2.14
0.94
3.652
3.656
2.58
0.648
1.948
0.176
1.112
1.104
3.572
1.72
0.584
0.336
1.132
0.944
1.52
0.848
0.324
0.572
4.904
1.452
3.46
2.144
2.544
1.624
0.668
3.96
6.288
1.888
0.484
9.372
1.536
3.58
1.556
0.276
1.76
2.308
6.344
1.144
1.264
2.368
0.984
1.332
1.444
0.724
7.324
1.692
0.996
1.224
10.204
4.732
0.584
1.308
0.124
4.328
0.98
0.964
5.12
0.892
1.356
1.6
0.088
0.232
4.24
0.948
2.736
0.528
1.512
3.536
0.72
0.632
7.324
2.348
5.984
1.66
4.692
5.324
1.048
2.8
1.296
0.144
0.456
5.296
0.968
2.984
6.628
3.276
1.16
2.472
0.152
1.328
4.864
0.372
0.828
2.06
1.004
0.78
2.46
5.176
0.708
1.312
1.136
2.616
0.34
3.396
1.556
3.548
5.632
0.34
0.66
0.748
7.064
0.28
0.088
5.476
0.856
0.772
0.576
4.976
1.292
9.472
0.864
3.612
1.516
1.444
1.48
2.332
1.928
0.708
0.104
0.148
0.104
0.836
4.916
3.508
2.444
8.064
1.756
0.196
1.724
9.036
0.944
3.272
1.116
1.916
1.492
8.3
2.316
7.54
2.808
1.56
2.18
1.94
0.46
0.384
1.18
0.16
0.128
0.808
1.4
1.428
4.24
7.028
0.52
5.98
0.568
0.3
3.04
1.256
1.024
3.468
0.616
4.52
0.412
0.548
0.208
1.176
0.144
2.064
1.432
5.432
2.16
0.08
1.604
6.556
3.408
5.104
3.724
8.0
1.896
4.556
1.724
3.168
2.912
0.264
0.296
2.696
1.272
0.94
0.98
0.08
8.616
4.604
2.44
0.268
0.232
1.32
0.364
1.896
1.468
1.468
1.68
1.468
3.576
0.388
1.348
0.124
2.984
4.152
0.828
1.74
3.188
3.652
0.96
2.872
1.54
0.552
4.396
0.064
0.812
0.336
1.58
3.516
1.856
0.4
0.512
0.076
0.304
0.52
0.876
7.076
1.856
4.616
1.772
0.564
2.076
3.58
4.0
1.16
0.384
1.336
0.748
0.916
2.004
0.344
2.272
9.948
1.372
6.068
1.276
0.704
4.968
7.32
0.82
0.196
1.184
1.908
0.912
1.968
0.136
1.824
1.356
1.332
0.96
0.076
0.644
0.092
0.788
3.536
0.54
0.716
2.008
1.384
1.436
0.42
2.936
1.996
3.7
5.236
9.452
0.92
2.244
3.456
0.124
0.252
3.84
1.728
0.592
0.148
1.28
3.284
2.276
7.776
3.504
8.068
0.124
3.692
2.948
7.12
2.376
0.796
2.564
2.172
2.188
4.4
1.928
1.492
3.66
0.168
1.032
0.4
1.04
4.684
0.392
1.328
6.12
0.068
0.364
0.924
1.932
5.752
1.708
2.812
0.256
0.5
3.092
7.864
1.172
0.112
1.688
0.328
2.332
0.48
1.544
7.516
1.924
0.072
2.648
2.256
1.448
0.236
8.2
5.924
0.124
4.088
0.876
0.072
1.008
0.216
1.14
3.832
5.74
1.24
0.836
4.252
0.132
1.028
0.96
0.672
4.764
4.192
6.684
0.124
2.388
1.328
0.364
0.228
2.572
0.456
0.66
6.7
0.42
1.468
0.576
0.884
0.736
0.22
0.716
1.256
0.504
8.688
6.208
4.62
0.228
0.76
3.444
0.592
4.58
0.22
0.48
5.732
1.468
0.08
0.828
0.756
2.388
0.216
1.0
4.476
10.704
1.472
0.208
0.7
3.344
0.496
0.52
5.488
0.288
0.824
4.396
0.84
0.728
0.144
7.408
0.18
1.012
2.04
1.46
2.104
3.552
1.42
2.452
1.008
5.756
0.532
5.516
7.348
0.944
3.908
1.06
1.876
7.344
6.716
1.056
3.16
0.104
4.888
8.108
0.728
1.32
1.52
2.416
5.132
1.524
0.976
7.416
0.804
2.176
0.26
0.32
4.492
5.892
8.012
0.88
5.9
8.308
0.628
4.656
0.08
0.724
1.168
1.8
0.868
2.124
0.792
2.904
0.112
1.1
0.808
2.812
3.264
1.108
0.992
6.124
0.756
7.532
0.176
3.684
2.628
1.192
2.608
0.368
1.82
2.848
2.188
2.356
8.836
2.896
1.028
4.668
1.852
0.216
4.828
1.556
2.316
0.128
1.292
4.128
0.372
5.42
0.908
0.212
4.364
0.372
0.22
1.656
4.904
4.224
1.9
3.376
1.616
0.424
2.896
3.356
0.988
0.16
0.392
0.132
5.564
1.744
1.064
0.176
5.78
1.048
5.248
5.336
8.668
5.436
0.092
0.196
1.764
1.312
6.616
0.22
2.736
0.864
1.504
1.608
11.068
0.396
2.128
4.876
1.208
0.656
2.8
2.384
8.96
1.584
1.016
1.476
3.928
0.424
7.864
1.6
0.468
0.412
0.268
0.98
0.696
1.488
0.22
3.036
2.076
0.188
7.884
2.108
1.024
7.296
0.976
1.032
9.34
1.164
1.324
2.772
1.488
1.34
1.316
3.524
8.844
3.324
3.772
0.46
0.384
1.144
1.564
0.416
3.124
2.616
0.132
1.336
2.152
0.452
1.064
0.464
1.964
2.024
6.068
0.828
7.308
0.068
7.392
0.628
0.668
1.532
1.136
0.26
1.968
1.496
1.944
0.612
4.504
1.756
1.736
6.272
0.316
1.812
1.208
4.96
8.588
0.964
7.292
1.116
2.884
0.168
4.9
3.18
0.14
4.176
0.236
1.652
4.752
9.088
4.456
1.252
3.496
0.464
2.44
3.832
0.26
0.812
0.144
1.5
2.624
1.56
0.764
0.204
3.704
6.804
1.06
2.256
7.652
0.752
2.824
0.908
3.744
4.9
0.156
1.544
0.412
1.348
3.608
5.812
0.172
0.408
5.712
7.356
2.664
2.612
1.216
3.644
1.012
1.212
0.816
0.208
5.344
0.16
3.216
2.376
3.62
1.46
10.256
1.008
4.812
2.516
0.676
0.188
0.74
0.388
4.64
3.372
1.096
0.612
4.956
0.308
0.844
1.5
1.2
1.244
3.352
7.252
1.74
5.908
0.72
6.088
3.296
0.744
0.252
0.156
0.404
1.088
0.088
2.856
2.796
8.08
2.32
1.18
1.156
2.448
4.148
1.228
1.98
0.224
3.052
3.612
1.412
1.604
4.036
0.136
1.08
0.8
1.264
0.664
2.568
1.584
3.308
1.456
5.0
1.396
0.188
2.452
2.408
0.784
0.784
4.804
0.62
0.324
1.972
3.616
0.28
2.22
1.56
4.552
1.544
3.692
1.184
0.676
5.556
3.24
1.528
0.144
1.612
4.716
0.828
0.648
0.288
5.024
1.3
10.132
1.004
9.772
3.9
1.1
0.516
3.332
9.524
2.124
1.148
1.972
0.544
2.904
4.336
1.464
8.276
2.264
2.008
0.764
3.104
0.916
2.9
1.372
5.104
4.78
9.972
1.704
1.42
1.592
4.596
0.92
7.848
0.772
4.752
5.164
8.688
0.456
1.212
0.352
1.996
0.184
1.12
5.22
1.212
0.192
1.068
0.264
0.98
1.152
3.912
4.636
1.468
1.308
1.572
0.872
2.56
6.312
1.948
0.964
4.376
1.24
0.276
1.328
3.076
0.792
1.5
1.044
3.304
1.252
0.248
6.756
2.908
0.588
1.092
4.26
1.94
2.088
3.02
0.792
7.316
9.412
3.996
2.348
1.752
1.496
0.296
1.164
0.732
1.408
2.564
0.34
1.5
0.664
3.804
10.204
10.812
0.4
1.832
1.216
1.24
0.32
2.552
1.5
0.352
1.616
3.964
5.044
1.004
3.296
2.124
10.844
2.064
1.724
1.24
1.036
2.884
3.184
0.216
2.696
3.484
5.088
1.4
0.136
0.468
0.96
1.272
0.884
5.78
3.68
0.128
10.992
2.104
1.544
1.276
4.12
0.628
1.508
0.916
0.92
8.632
1.044
0.86
1.12
1.128
4.444
5.12
3.284
0.3
0.208
0.932
0.352
0.356
4.72
0.496
8.736
4.004
7.596
3.872
1.796
1.22
1.656
2.04
2.16
2.056
1.028
3.88
0.116
1.712
5.748
5.096
2.884
0.132
4.036
0.176
1.26
2.132
2.256
3.016
0.572
7.252
1.708
5.64
0.2
2.28
0.196
1.62
0.468
6.076
7.896
0.292
0.336
2.38
0.9
0.1
0.184
0.6
0.112
3.264
5.188
0.424
1.964
4.696
0.54
2.368
1.568
0.068
1.732
3.024
0.616
0.268
1.668
5.144
3.232
2.452
2.212
0.66
2.928
2.624
0.232
0.192
0.388
0.316
0.416
1.968
0.164
0.34
1.12
1.188
3.64
2.12
5.224
2.032
8.588
2.352
0.432
7.156
0.252
1.032
0.224
10.076
0.8
6.94
0.648
1.452
1.792
0.12
6.804
1.952
1.224
0.276
2.824
0.644
0.516
4.876
0.14
0.92
1.236
0.584
2.228
1.372
9.58
0.796
7.58
0.84
1.72
0.104
0.444
1.592
0.176
1.22
2.284
2.048
1.276
0.948
0.72
2.236
4.428
0.884
0.596
3.576
2.648
1.268
5.692
8.7
2.232
4.216
2.596
1.8
4.804
3.384
1.712
1.328
1.664
1.636
6.908
6.036
0.068
2.076
1.148
9.804
5.204
1.976
1.728
3.036
0.252
8.632
0.208
1.084
1.172
1.148
1.368
5.492
2.344
1.108
0.272
1.588
1.172
6.68
0.86
3.892
7.224
0.22
3.944
3.316
0.188
4.512
2.64
0.2
2.276
0.948
0.124
0.1
1.44
0.592
4.78
0.36
1.616
1.536
0.28
0.22
10.072
3.556
2.244
1.74
4.916
1.552
2.912
0.164
11.02
0.432
4.696
2.152
1.388
0.888
0.376
1.04
4.296
2.2
0.104
1.844
4.452
1.9
1.34
0.788
5.148
3.792
0.464
2.408
3.256
2.448
0.18
0.336
0.208
0.312
0.22
0.508
6.236
11.084
0.232
0.196
5.536
2.896
3.432
4.084
1.532
0.956
0.488
0.164
5.228
1.22
2.008
5.964
3.544
0.668
2.04
7.156
2.436
3.78
1.916
0.804
1.536
5.312
0.228
4.132
2.084
0.752
3.664
4.012
0.96
3.796
5.284
4.332
2.544
1.392
3.324
2.7
3.984
1.708
1.06
3.22
5.076
2.644
1.996
5.172
4.812
0.684
0.552
1.604
3.012
1.28
5.312
0.804
0.852
0.1
2.18
4.092
1.336
0.616
1.468
3.416
5.152
0.24
1.064
5.428
0.308
10.04
1.156
2.376
2.036
1.644
2.896
0.336
8.324
0.664
2.028
0.28
1.108
3.176
2.508
1.016
0.46
2.732
0.388
1.024
1.864
2.332
5.132
8.396
0.932
1.82
2.112
3.132
0.132
3.808
2.448
0.852
1.756
2.344
9.368
3.468
2.12
0.188
0.272
6.296
0.936
0.128
5.708
1.396
3.32
2.428
6.376
3.212
0.684
0.668
0.928
1.112
1.148
4.54
0.408
3.42
3.052
3.156
3.14
3.328
3.096
3.924
1.784
5.712
10.44
3.336
2.596
2.036
0.608
0.52
2.584
0.724
1.028
0.828
3.416
1.72
0.76
2.468
0.276
1.212
5.628
0.516
6.648
3.692
0.276
0.316
2.316
0.12
0.132
6.252
1.836
0.556
1.812
1.928
0.324
0.848
0.16
5.32
5.932
2.628
4.432
5.724
0.28
0.216
0.516
1.6
1.22
5.32
0.46
0.26
0.348
1.652
5.664
0.78
2.036
1.792
6.656
1.188
0.16
0.328
0.8
2.836
0.172
0.296
1.968
7.336
3.24
1.804
5.904
2.768
2.604
8.488
1.464
2.908
2.164
1.376
6.272
0.096
4.592
1.352
0.248
6.132
0.26
0.284
4.348
4.04
0.72
0.732
2.2
1.504
9.276
0.592
1.452
1.468
2.748
1.312
1.06
0.352
0.264
0.956
0.172
0.184
0.356
1.904
0.772
1.34
0.716
2.52
3.32
0.956
4.856
0.54
2.068
1.928
0.148
0.3
7.648
0.172
0.28
3.98
0.708
5.008
1.416
2.24
4.012
0.36
0.252
1.18
0.508
1.516
2.524
4.2
2.352
4.28
0.132
0.6
2.568
1.96
7.108
0.9
2.048
3.028
6.84
10.796
2.136
5.26
3.136
2.304
0.088
10.884
1.592
3.78
3.492
0.248
0.988
0.256
1.26
5.544
0.36
0.22
0.992
0.268
0.492
2.932
1.948
2.728
2.88
0.632
0.088
1.76
10.988
7.916
4.452
0.292
3.604
0.9
4.724
0.768
1.16
3.428
0.776
1.332
0.224
1.364
4.98
3.148
1.584
0.1
2.528
2.872
1.184
0.7
4.316
0.52
1.476
0.084
0.08
0.824
0.428
8.556
0.66
7.76
5.512
1.54
2.2
1.556
0.252
2.988
1.468
2.508
3.288
0.788
0.156
2.972
1.044
0.088
0.652
2.96
6.58
3.404
0.184
3.376
1.212
1.964
0.364
2.584
0.892
2.38
5.372
7.944
1.42
4.504
0.82
0.776
2.648
1.144
0.1
0.868
1.124
5.224
0.52
1.016
3.16
1.64
6.708
0.676
2.012
2.712
8.584
0.756
0.168
9.548
1.712
0.68
0.744
0.684
2.576
2.964
4.844
1.272
0.676
0.656
7.248
2.984
1.76
2.008
0.24
2.612
0.44
4.452
2.26
2.624
0.44
0.228
1.824
2.548
0.42
0.768
2.728
1.724
4.964
7.284
11.056
0.068
2.356
1.96
0.876
0.976
1.336
3.988
2.452
4.088
5.436
4.24
6.6
2.652
1.124
1.128
4.556
1.656
0.52
5.78
8.432
1.356
1.896
1.744
1.828
1.564
1.52
2.232
2.748
0.592
6.376
4.008
0.096
3.22
0.84
0.204
6.828
0.192
0.408
3.892
4.728
1.264
4.256
2.08
1.388
1.888
7.58
4.972
4.524
0.568
1.188
0.876
1.836
0.112
4.752
1.528
5.036
6.672
3.024
1.508
2.456
0.204
1.208
3.18
0.492
1.392
2.308
0.632
1.476
5.624
0.26
3.936
1.712
0.92
2.556
0.088
3.056
0.284
0.796
2.764
3.728
0.144
0.428
1.896
0.944
5.14
0.912
0.46
1.888
1.648
0.136
5.036
2.352
3.056
7.088
0.1
0.62
0.7
1.608
1.46
0.756
4.7
4.504
0.26
7.108
0.844
3.14
5.692
3.964
0.232
1.94
7.708
8.64
0.408
1.216
9.116
2.148
2.248
1.676
0.408
1.636
3.996
0.48
5.932
7.248
0.312
1.696
8.628
0.452
0.152
2.364
4.26
10.532
1.104
4.496
5.26
5.188
5.684
0.76
8.876
4.736
2.02
4.248
0.292
2.104
0.964
1.968
3.868
8.316
0.26
2.752
1.04
1.924
8.44
2.836
5.948
2.884
1.864
1.16
2.588
1.944
0.948
7.448
0.532
0.396
0.52
1.868
4.156
0.236
1.312
0.936
2.476
0.484
1.628
0.776
0.664
0.448
1.368
0.144
1.16
0.312
0.072
5.376
0.804
4.612
4.86
0.256
3.588
3.62
1.468
0.268
2.228
2.848
2.472
2.504
1.216
0.888
2.064
3.488
2.344
1.888
4.952
0.828
0.212
1.396
8.88
0.092
5.972
1.7
3.172
0.26
0.208
1.02
0.508
1.444
5.196
0.372
0.964
5.9
0.784
2.448
0.088
0.652
2.4
3.108
2.124
9.072
7.692
0.636
0.6
0.284
4.44
10.528
4.148
4.136
2.528
1.148
4.42
2.084
8.452
0.928
7.648
0.328
0.084
1.448
2.204
0.176
7.944
5.268
0.848
1.0
1.352
0.54
2.472
3.872
1.316
2.456
3.752
3.312
2.824
3.132
4.68
4.432
1.044
6.508
3.92
0.86
0.732
3.796
0.28
1.188
0.332
1.872
2.568
0.624
1.508
6.528
8.592
0.424
0.228
0.384
0.524
1.644
0.728
0.232
2.392
2.424
1.056
6.812
0.232
1.148
1.684
0.896
0.492
0.5
0.764
2.972
8.172
0.98
0.456
1.564
2.34
3.084
6.428
0.552
0.464
1.388
1.74
3.18
0.52
2.04
0.304
3.344
0.648
0.292
1.18
8.1
0.836
2.396
10.096
11.004
2.016
0.16
0.792
0.412
3.628
2.736
2.62
2.232
0.832
0.512
6.412
3.028
1.24
3.844
0.132
2.364
0.252
2.74
0.084
1.432
2.148
1.096
0.3
0.376
0.804
8.06
1.236
1.712
8.344
3.692
1.092
1.532
2.088
1.44
0.076
3.576
3.004
5.464
0.196
3.392
3.672
1.296
6.256
1.512
0.136
0.48
2.032
0.636
0.752
2.536
5.724
5.792
0.392
1.32
2.748
2.864
0.792
1.476
5.384
3.304
0.908
5.648
1.448
0.6
6.808
3.676
1.06
1.02
2.756
2.396
0.52
2.66
1.548
6.864
1.96
0.276
0.156
8.06
1.636
0.484
8.364
2.184
0.296
0.5
0.712
1.44
0.876
0.184
0.164
4.28
3.064
1.564
0.832
3.22
1.296
0.728
3.212
1.056
0.492
0.368
2.312
0.912
0.196
3.068
2.256
0.232
4.28
0.524
10.412
7.988
2.496
1.876
3.664
0.748
0.876
0.668
0.504
2.852
0.164
2.224
5.224
0.116
4.852
1.444
5.32
3.04
1.32
3.028
0.768
2.984
0.148
4.044
6.488
0.996
6.704
1.092
1.6
1.852
6.84
0.8
2.244
0.708
0.64
7.024
2.82
3.788
0.2
1.036
1.412
3.02
2.444
6.264
6.476
1.688
5.08
2.112
1.948
1.584
3.276
2.508
0.836
6.524
0.104
0.068
0.196
3.8
3.836
0.912
1.304
1.004
1.268
7.584
4.652
2.136
2.616
0.076
0.164
2.684
2.316
7.828
6.384
0.452
0.956
0.68
2.18
2.432
1.548
1.636
0.46
9.212
1.412
5.56
3.332
6.556
8.452
2.956
3.62
0.608
0.752
1.98
0.944
2.656
0.328
0.76
5.996
2.484
1.396
0.852
0.44
0.188
5.424
1.648
5.26
4.568
5.708
8.588
3.232
0.088
2.792
1.296
2.048
0.776
0.976
1.68
1.756
1.724
2.268
5.192
0.74
0.66
1.82
1.364
0.068
0.588
4.292
0.372
3.408
2.2
0.26
0.264
3.08
0.772
3.448
1.764
2.256
1.24
0.68
2.436
3.888
2.508
7.248
0.236
1.412
0.144
0.252
3.84
1.964
1.064
0.44
2.208
0.852
3.696
4.892
0.584
0.732
1.212
8.068
0.144
1.448
2.452
5.032
4.032
7.076
3.348
5.6
9.324
4.068
2.648
0.42
9.516
4.196
7.752
1.48
2.696
7.224
2.468
3.652
3.6
4.132
2.592
1.42
2.52
0.32
1.844
0.38
7.452
1.964
0.676
1.524
0.116
4.684
1.072
0.812
1.096
5.156
0.156
1.352
1.712
0.348
2.704
0.916
6.384
3.312
0.38
0.208
0.344
3.516
1.028
0.724
2.832
3.6
4.992
0.84
1.412
0.1
3.652
0.148
7.484
3.376
4.904
4.58
1.872
5.404
2.848
0.656
3.256
0.372
2.596
1.176
3.816
2.308
3.924
4.456
5.444
4.848
1.216
4.46
0.78
2.988
1.124
0.9
1.084
0.356
2.868
0.916
1.392
1.448
2.796
0.608
0.224
0.772
6.988
0.716
1.748
0.364
1.12
4.908
1.44
2.264
0.496
0.212
0.828
4.308
0.276
2.284
8.14
0.176
3.744
0.14
4.192
0.14
10.46
1.328
0.344
4.256
2.74
0.084
4.228
0.356
7.8
0.892
10.52
1.896
1.444
3.616
1.404
0.712
2.952
1.036
1.548
0.184
1.096
0.38
0.452
2.256
0.18
1.076
6.612
2.312
0.548
0.328
4.388
0.712
6.236
6.944
2.74
8.044
7.128
3.04
1.164
1.148
0.18
0.416
0.536
1.248
1.06
5.564
5.26
0.704
1.528
4.132
0.472
4.516
2.216
4.272
0.596
0.388
1.404
1.424
3.268
0.764
0.1
0.14
1.88
7.852
0.312
0.376
9.536
3.972
0.952
2.6
2.56
0.512
1.484
3.86
6.392
1.48
3.428
2.4
1.04
1.988
0.264
8.58
1.988
5.664
4.812
0.304
3.036
5.916
0.16
9.928
9.496
0.508
0.492
3.6
3.444
1.668
0.2
1.38
0.5
0.812
0.384
10.816
1.132
2.152
0.328
5.46
1.352
1.204
8.02
1.412
2.248
2.784
2.64
0.992
0.228
1.452
2.364
1.648
0.548
1.872
2.016
1.316
4.16
0.2
2.28
1.868
5.752
5.076
4.504
0.78
8.428
2.904
2.628
1.212
1.052
2.248
1.684
0.584
0.532
2.24
0.084
7.604
1.08
1.58
1.372
1.608
1.592
0.068
2.844
0.192
0.988
10.652
0.968
1.892
0.488
0.548
2.212
0.708
1.796
2.284
0.604
1.236
0.876
1.848
2.972
2.668
0.084
2.032
7.736
0.4
0.78
2.6
4.52
4.556
1.008
8.156
1.228
1.764
1.068
3.228
0.412
1.204
4.8
0.416
4.22
1.752
0.828
0.976
4.148
0.528
5.9
4.692
0.196
3.228
2.352
0.828
0.892
1.84
2.408
0.132
3.444
1.588
0.572
1.872
0.764
4.628
5.044
0.5
6.776
0.68
0.56
0.812
3.372
3.024
4.32
4.896
0.608
1.264
0.388
0.22
2.46
0.836
3.964
0.228
1.152
0.188
0.372
0.164
4.448
4.02
0.336
4.824
3.604
2.74
3.256
1.068
3.04
4.628
0.26
0.36
3.076
0.5
0.304
2.44
4.612
2.42
2.288
0.504
3.304
7.24
3.912
1.0
1.336
8.512
0.808
5.784
5.424
2.56
1.228
0.276
0.316
0.964
1.888
4.776
8.116
0.52
1.176
0.86
1.6
0.56
8.788
1.88
1.856
1.98
1.4
0.48
3.416
2.392
0.412
0.528
1.632
3.18
3.264
1.392
1.084
9.416
6.324
2.552
2.256
6.796
1.312
6.352
1.772
10.164
0.612
0.08
4.24
1.004
0.304
5.7
0.576
0.184
2.236
5.4
5.96
5.132
1.56
0.072
1.132
11.032
0.896
1.404
0.804
0.56
0.26
0.948
0.524
4.06
0.532
1.28
2.592
6.208
1.308
2.1
4.108
0.416
0.212
4.984
1.396
1.208
3.896
1.312
2.92
0.752
1.336
0.688
2.88
1.824
1.984
0.104
0.44
9.112
6.152
0.572
1.872
3.18
1.256
1.348
0.096
0.12
7.488
1.876
0.792
0.264
2.312
0.116
0.896
0.292
0.612
0.644
7.184
0.576
10.764
3.592
3.636
3.024
4.456
2.176
2.072
0.388
1.796
1.972
3.02
8.344
4.952
0.708
1.388
2.716
3.34
2.152
0.292
1.172
1.844
1.772
0.24
0.292
5.612
0.444
10.68
1.484
0.072
1.788
2.076
1.988
0.264
0.212
4.952
0.524
2.484
0.988
3.22
0.128
8.628
5.316
0.324
0.552
0.912
7.656
2.112
6.7
1.184
3.252
0.272
0.176
0.452
1.208
1.564
0.232
0.152
0.936
0.54
2.904
2.656
0.936
3.504
2.744
8.132
5.64
0.124
3.576
1.548
1.644
9.656
0.396
1.344
0.852
3.168
4.44
0.368
1.916
0.528
1.248
4.9
0.468
1.824
5.14
2.44
0.136
3.536
0.884
0.232
0.868
0.392
3.224
0.384
0.788
2.032
4.388
1.772
1.1
3.86
1.856
0.704
8.704
1.412
0.392
0.876
2.048
1.076
2.54
1.236
5.972
2.6
1.388
1.276
0.308
6.868
0.276
1.424
3.892
2.024
0.656
5.292
0.54
0.248
0.792
3.984
1.28
3.852
1.552
0.612
1.328
0.748
4.376
0.82
0.764
1.296
10.28
1.364
0.552
5.756
2.424
3.48
0.516
0.708
1.82
8.008
1.272
10.58
0.1
1.784
2.172
4.228
2.24
0.224
0.856
0.88
1.336
1.368
1.02
0.468
1.096
1.004
1.184
10.952
1.976
0.34
5.368
0.356
0.988
5.496
2.5
2.304
4.608
2.444
1.016
1.316
0.112
3.964
7.3
2.236
1.792
2.492
0.412
0.628
1.764
0.236
0.588
0.936
4.52
5.216
0.468
1.308
0.5
1.268
2.064
1.308
1.276
2.84
5.34
1.104
2.912
1.056
0.528
3.216
1.688
1.108
0.296
4.344
2.244
1.128
3.016
1.248
1.892
0.76
4.2
3.02
1.34
2.284
0.984
0.824
4.852
4.028
2.0
6.536
4.108
0.412
5.016
0.608
2.628
1.548
0.552
1.248
0.696
1.72
1.752
0.536
2.76
4.236
0.156
6.968
3.16
1.264
0.844
2.092
4.384
1.06
0.864
1.672
1.396
2.916
3.728
3.984
3.028
0.532
0.872
1.924
0.94
0.8
2.016
1.24
5.176
2.248
2.964
1.784
1.428
0.348
3.364
1.564
0.412
1.572
8.488
8.364
4.512
1.144
0.26
1.944
1.324
5.404
0.62
3.46
0.904
0.092
5.632
0.308
1.208
1.256
0.176
1.232
2.772
0.4
1.812
5.364
1.752
1.636
2.28
0.2
3.048
1.888
0.216
0.176
3.844
2.516
1.856
1.92
0.964
2.048
6.14
1.4
0.32
0.916
0.34
1.684
1.16
1.212
2.24
0.636
2.192
3.308
3.672
1.748
3.804
1.848
0.452
3.016
0.248
1.36
2.536
1.324
0.584
3.864
0.244
6.6
2.068
0.516
3.804
1.996
4.136
0.892
3.18
4.004
0.932
2.392
1.992
1.696
0.628
0.172
1.9
9.44
0.716
7.568
0.076
1.524
0.216
0.14
1.116
1.44
2.928
11.136
0.968
0.96
0.084
1.484
2.844
3.476
6.008
0.508
5.968
1.924
0.728
0.548
0.568
0.656
1.868
1.828
2.58
1.136
4.104
1.792
1.94
0.192
1.004
0.708
0.384
0.16
5.388
3.584
0.72
1.868
0.196
4.584
2.436
1.104
0.728
0.928
2.792
1.216
0.092
1.428
0.608
0.82
10.012
2.448
1.048
10.384
3.008
1.72
2.568
1.308
0.564
5.08
0.516
0.324
6.352
2.2
5.088
1.428
3.372
4.872
3.996
9.664
0.68
0.664
8.7
3.028
0.932
1.424
5.572
0.536
0.916
1.044
0.912
3.592
1.268
0.504
6.66
7.944
0.112
5.256
0.372
2.468
2.496
0.592
4.464
1.668
0.9
3.2
1.636
1.972
0.684
2.28
5.472
0.82
6.864
0.864
1.208
1.368
1.244
0.184
0.096
4.664
6.316
0.628
3.58
0.252
0.256
0.856
7.384
2.092
1.488
3.688
1.664
0.408
0.588
1.584
10.62
3.24
1.748
6.224
2.536
0.648
1.716
0.156
2.904
1.016
2.064
1.528
5.156
5.508
8.836
2.504
1.36
6.516
8.076
7.412
4.684
1.128
0.148
0.68
4.66
9.3
10.044
1.3
2.308
0.716
1.108
1.216
0.312
1.164
1.016
3.228
2.652
0.896
8.172
1.132
0.144
7.124
5.3
2.596
4.012
0.388
2.076
2.704
0.472
0.12
0.528
1.128
3.452
1.94
1.444
2.592
0.42
2.264
0.972
0.74
0.204
2.968
1.524
2.288
1.656
3.256
1.616
6.004
0.388
0.392
1.188
0.448
4.292
0.196
1.68
1.032
1.496
7.14
0.528
1.58
6.312
0.536
1.056
0.32
0.572
0.828
4.764
6.988
2.0
2.336
1.16
5.848
1.864
0.684
2.72
0.992
0.396
2.852
0.34
4.708
0.992
1.204
1.436
0.9
0.924
2.996
0.264
0.848
0.212
2.208
0.068
2.344
2.364
1.404
0.992
2.588
0.148
7.992
0.424
0.568
0.092
0.94
0.136
2.068
0.316
1.344
5.668
0.924
1.08
0.552
0.644
0.948
3.34
0.792
2.412
0.384
0.544
7.0
0.276
0.348
0.208
2.332
2.804
0.248
1.276
5.016
0.528
2.8
0.968
0.92
6.252
0.188
3.728
2.004
0.4
0.66
3.428
1.444
0.112
2.804
3.832
1.192
1.08
0.884
1.544
1.896
0.4
3.728
0.412
0.832
1.408
0.248
1.284
4.108
1.576
1.28
4.94
0.72
7.024
10.192
10.768
0.74
0.976
2.812
8.48
3.764
2.252
0.88
1.08
1.052
8.028
0.132
0.552
0.744
1.656
2.912
0.528
2.008
2.536
2.82
2.396
1.04
5.212
2.784
4.292
1.192
2.0
4.832
3.14
7.212
0.672
2.42
1.608
4.84
0.272
1.616
0.48
0.6
7.788
2.412
1.22
0.228
1.052
0.136
4.5
0.112
2.388
1.944
0.74
0.312
7.56
2.864
10.96
3.044
10.296
1.024
0.644
0.956
1.256
1.132
2.332
1.768
4.12
0.648
0.164
1.604
2.956
0.828
1.576
1.484
2.04
0.296
1.152
1.768
0.328
2.28
0.584
0.5
0.688
1.256
0.54
4.888
3.972
1.196
0.392
5.824
0.264
1.16
2.908
0.84
10.696
1.716
0.16
0.392
0.468
1.804
4.456
0.428
8.092
3.912
0.36
0.368
1.74
2.108
1.416
2.0
2.592
0.208
1.452
1.96
0.34
4.136
0.332
1.788
1.06
0.988
3.088
2.416
5.18
0.208
0.292
1.316
0.696
1.288
4.168
1.54
2.992
10.3
1.72
0.212
1.092
1.14
1.732
1.108
0.604
4.248
0.156
1.072
6.48
0.1
6.232
0.14
0.596
0.092
0.564
0.176
3.924
9.112
8.14
4.192
1.808
0.92
0.96
0.112
3.208
2.24
0.392
1.644
0.672
0.108
8.38
0.316
1.348
1.624
0.14
1.412
1.152
0.784
0.504
0.064
0.904
7.24
0.872
1.132
0.088
0.936
5.036
0.884
7.132
10.568
0.516
0.464
0.448
1.6
0.592
0.972
4.752
8.22
2.928
1.56
1.928
0.74
2.384
2.036
6.732
3.068
1.14
0.904
1.288
1.016
5.82
3.084
8.276
0.8
3.156
5.352
1.256
1.02
0.84
2.056
2.124
7.208
0.368
6.712
4.088
1.7
0.208
1.684
0.768
1.232
1.924
4.352
1.476
1.464
0.732
4.776
0.76
0.372
0.964
1.212
3.632
1.132
0.1
1.42
0.324
1.604
0.616
2.464
0.628
2.776
5.08
10.868
1.616
1.044
0.168
2.092
0.608
0.22
8.032
1.312
0.204
0.324
2.988
0.308
3.68
1.396
1.064
1.26
8.56
5.916
1.996
0.12
1.148
4.376
1.376
1.912
1.124
2.836
1.588
0.224
2.356
0.072
0.24
0.832
1.496
0.848
0.668
0.532
0.704
0.084
2.444
3.008
1.272
0.528
2.9
1.288
4.556
0.404
0.584
2.14
5.028
0.964
1.672
0.176
1.184
1.6
1.332
0.648
2.036
0.708
0.796
3.5
0.364
0.72
1.94
1.676
0.26
0.904
0.808
5.588
1.636
3.588
2.5
0.412
2.424
2.28
3.392
1.44
2.424
4.296
1.66
0.496
2.3
0.888
5.4
2.572
1.172
2.6
0.22
1.008
0.732
1.088
4.452
0.488
8.94
1.388
0.144
0.84
0.636
6.036
0.292
0.828
3.26
0.144
0.68
1.756
1.104
1.684
0.5
0.084
1.584
0.868
0.38
2.024
2.348
1.752
1.652
1.028
6.088
6.552
1.02
2.164
0.26
0.544
4.016
0.144
5.552
1.66
0.812
0.372
1.32
1.38
1.46
0.58
0.92
2.24
4.092
4.488
0.128
0.768
2.128
1.644
0.988
1.092
1.012
1.036
3.76
1.864
4.756
9.648
4.124
2.048
0.964
0.624
1.876
2.156
2.764
0.872
3.176
1.928
3.796
2.728
0.664
4.372
2.392
1.972
1.452
2.8
3.232
1.304
1.744
1.732
1.408
1.636
0.228
0.864
2.536
5.404
1.42
1.704
2.24
0.56
1.608
1.364
0.092
0.276
0.82
0.22
2.968
9.368
0.28
2.588
1.04
4.28
3.796
2.48
2.172
2.128
2.956
0.356
1.308
0.484
2.788
1.304
1.444
0.364
0.652
1.88
1.548
0.192
1.144
5.932
6.388
0.356
0.432
1.652
1.028
0.312
7.152
0.372
3.152
9.076
0.252
6.572
0.224
1.388
4.632
0.848
0.216
0.68
2.484
1.124
3.108
0.796
0.712
0.592
5.612
1.536
2.444
4.096
9.708
0.712
10.164
1.176
1.524
3.436
2.392
2.912
2.292
0.42
2.796
4.368
10.668
9.248
1.02
0.48
3.12
3.184
4.484
0.184
3.452
0.08
0.08
0.316
0.216
1.272
1.1
1.912
3.784
3.256
1.436
1.668
1.904
1.16
10.408
2.096
2.988
1.016
4.324
3.184
0.312
6.34
3.204
1.944
1.876
0.3
3.92
0.592
0.28
0.16
0.844
4.3
0.6
0.088
0.364
1.428
5.42
6.404
0.656
0.124
2.208
2.372
1.424
4.68
1.8
1.84
11.012
1.528
0.444
2.34
1.064
8.552
0.092
3.464
11.032
0.084
1.304
0.616
1.232
6.608
1.128
0.444
0.184
3.596
4.732
1.832
1.008
1.536
1.08
2.12
4.648
1.928
2.572
2.7
3.752
4.744
4.06
3.336
0.988
1.32
0.292
4.792
1.688
0.912
3.82
2.272
3.688
3.608
2.044
3.068
3.608
3.68
5.132
0.24
2.18
0.344
0.708
1.912
1.152
0.264
3.028
1.128
0.468
5.596
0.74
4.252
0.232
7.512
1.104
1.74
3.364
0.884
2.828
0.732
0.228
0.372
0.216
2.248
1.052
5.732
1.18
0.088
1.284
5.52
0.624
4.428
0.932
8.76
1.344
1.836
7.34
3.432
5.516
0.644
4.796
3.16
0.944
1.764
1.168
5.716
1.492
0.6
1.376
3.344
4.612
0.252
0.496
4.08
1.096
0.22
1.712
0.532
0.936
2.184
3.16
3.096
7.492
1.548
1.34
0.828
4.304
0.236
1.184
0.804
0.156
4.076
0.496
1.628
4.572
1.5
2.38
3.992
0.904
3.836
0.1
1.628
1.22
2.764
0.82
0.136
3.448
1.168
6.04
2.956
6.544
4.732
0.268
0.82
0.568
0.088
0.84
2.48
2.28
8.652
3.58
0.32
1.068
1.764
1.028
0.424
4.908
9.164
7.308
3.272
5.18
6.364
2.88
6.944
1.584
0.1
0.236
0.384
8.328
5.772
2.424
3.432
2.24
0.936
2.66
4.212
5.268
0.24
9.064
1.336
4.356
3.74
1.532
5.824
2.016
0.828
1.58
2.812
6.34
0.124
0.248
0.24
3.032
2.716
2.688
4.292
0.568
0.212
0.632
0.116
0.344
1.552
1.332
1.956
7.068
1.124
1.28
2.9
3.728
0.484
5.336
0.068
1.06
0.112
5.876
1.204
2.34
3.98
4.644
0.436
1.168
1.092
0.92
0.084
1.28
2.168
0.228
1.612
0.356
3.124
0.084
1.076
1.048
0.16
7.08
1.148
8.28
0.248
0.548
2.744
0.304
2.812
0.384
0.656
2.148
3.216
1.384
8.96
6.684
2.084
0.428
7.576
2.076
4.552
4.632
4.852
4.12
0.132
0.348
0.164
1.432
1.652
0.32
0.64
3.988
1.564
2.296
3.404
0.632
0.908
5.496
3.064
3.26
1.732
1.196
1.064
4.784
1.012
0.524
1.928
7.956
0.8
1.884
1.536
0.648
0.308
0.78
10.9
1.8
1.932
6.996
0.628
0.3
0.84
1.064
0.972
2.692
2.54
0.184
4.676
5.772
1.892
0.364
1.396
2.204
2.252
1.396
0.256
0.4
0.988
1.596
7.552
0.208
3.5
1.292
0.776
1.868
2.576
0.092
0.152
0.268
1.628
3.38
2.704
0.788
3.108
8.38
0.196
0.824
6.424
2.312
8.624
9.684
2.052
7.236
4.64
5.776
1.504
5.884
2.084
0.756
0.164
2.852
3.276
0.524
1.176
4.324
0.576
3.588
1.332
0.524
0.716
0.164
0.704
0.236
1.676
2.156
0.192
1.98
0.3
0.204
2.056
1.968
1.944
2.1
4.808
0.356
7.86
0.2
0.148
3.224
9.076
0.4
2.912
10.54
0.4
1.524
0.796
1.56
2.94
1.416
1.216
0.78
9.048
3.436
8.344
1.56
2.364
9.324
3.22
0.372
0.812
0.672
1.36
0.72
5.112
0.248
0.4
1.664
0.52
0.46
0.332
2.084
0.296
5.776
2.672
2.192
0.216
1.128
1.3
0.74
0.704
6.352
7.64
0.86
6.928
3.276
5.504
2.116
8.368
2.628
0.416
0.316
1.828
0.42
4.4
1.66
0.28
0.516
3.12
6.592
4.02
4.216
4.232
5.532
1.9
0.332
3.528
0.852
1.32
0.548
0.6
2.376
0.644
3.072
4.964
2.136
0.636
4.7
4.676
1.436
0.892
3.488
0.22
2.396
1.4
0.996
0.948
0.76
4.32
1.208
2.564
1.852
3.12
0.112
0.204
1.204
7.184
2.168
0.32
1.392
4.82
3.076
0.796
0.464
1.7
0.616
1.564
3.184
4.612
0.864
2.588
0.072
8.98
3.256
0.312
3.244
2.176
0.516
0.14
1.44
1.216
2.94
2.12
3.884
0.928
0.808
10.416
0.252
9.472
0.444
0.392
1.94
0.116
3.46
0.96
0.668
0.228
2.168
1.556
0.48
0.532
0.4
0.652
1.284
2.016
1.384
0.236
1.976
0.888
3.28
4.292
0.736
0.316
1.64
5.512
0.088
2.08
1.32
1.076
9.704
5.584
0.156
1.136
2.2
1.412
4.384
4.768
0.148
5.208
9.676
0.836
2.916
0.7
1.544
0.316
6.616
0.364
0.064
0.34
1.388
1.42
6.596
2.448
1.58
3.036
4.528
9.352
0.748
4.408
4.628
5.196
1.696
2.752
2.324
6.6
1.54
1.272
2.588
2.1
1.32
0.236
8.784
4.7
0.284
3.004
6.432
3.08
0.148
0.548
2.744
1.108
2.5
1.42
2.164
1.088
1.408
1.388
0.548
1.116
7.156
0.704
0.968
0.56
0.432
1.092
0.92
4.472
0.732
2.256
0.732
1.78
1.432
2.356
2.788
2.308
5.608
1.108
0.68
0.988
2.408
2.356
0.496
7.084
1.616
1.984
4.236
1.312
0.324
7.264
3.58
2.132
0.568
0.564
2.096
0.86
6.2
0.38
8.88
7.588
0.136
1.168
1.656
5.788
0.516
0.728
0.88
1.656
0.788
0.124
0.536
3.852
7.12
3.484
2.524
2.144
0.58
0.12
0.608
1.112
4.28
0.232
0.46
1.924
0.22
3.72
3.176
1.428
2.2
6.432
1.32
3.608
0.756
1.12
0.612
0.416
0.304
1.304
0.26
3.848
10.892
0.58
2.78
2.924
0.76
2.056
1.692
0.844
0.692
6.532
0.16
1.432
0.532
0.98
0.972
8.028
4.0
2.048
0.26
0.268
4.464
7.72
1.296
3.932
2.024
0.496
1.436
0.14
0.356
5.028
0.364
9.432
4.228
0.136
2.088
1.42
2.036
4.816
1.1
5.876
7.54
4.252
7.08
5.956
4.624
5.052
10.94
3.968
0.164
9.312
0.328
2.852
1.76
0.824
0.656
4.668
2.46
2.508
2.232
5.78
0.816
3.332
1.856
0.44
2.572
0.084
2.656
3.828
0.508
0.464
2.2
0.084
3.74
4.832
1.656
5.776
5.768
0.228
1.224
1.296
0.552
0.528
1.536
2.564
0.112
5.704
0.612
2.388
1.748
0.264
4.936
0.792
2.032
2.92
0.424
0.616
3.232
0.088
0.196
9.024
1.776
0.656
2.476
1.932
6.504
0.5
1.952
0.276
3.484
3.124
3.8
0.768
1.012
0.276
1.276
8.984
7.868
10.456
0.124
0.12
1.528
2.056
1.164
0.24
0.484
7.904
1.284
0.38
4.768
1.028
1.748
0.34
0.14
1.008
10.172
1.152
2.628
0.348
0.148
0.324
1.412
4.476
0.472
2.448
0.912
1.668
10.02
2.88
9.236
2.424
0.84
3.208
0.976
0.676
4.352
5.776
3.268
3.22
0.34
1.36
1.108
5.484
0.592
0.52
0.248
1.268
0.824
0.148
4.776
4.324
1.056
4.228
6.72
3.232
6.484
0.616
3.736
0.192
2.4
1.532
3.564
0.156
1.356
4.068
1.748
3.056
0.344
0.344
1.72
1.624
6.892
0.772
0.292
2.788
0.152
5.58
1.324
0.792
1.08
0.316
2.612
1.324
2.204
0.576
3.128
1.736
2.028
0.888
3.312
5.82
0.568
7.248
6.916
0.084
1.944
1.924
0.14
1.308
5.66
2.06
5.888
6.948
3.436
5.776
5.26
0.08
3.64
1.848
2.412
0.432
7.048
0.192
2.46
3.808
2.252
2.884
0.196
2.42
0.668
1.32
4.78
1.752
0.984
3.724
0.912
1.004
0.372
0.616
0.848
1.036
0.128
1.72
0.512
3.368
5.408
4.508
5.164
0.844
0.168
2.112
2.216
2.708
4.968
0.684
2.34
1.708
0.748
0.16
0.908
2.968
2.568
3.38
1.652
0.072
1.048
1.74
9.476
1.32
3.448
0.808
1.364
0.272
4.072
0.248
10.728
2.896
0.936
2.376
3.696
0.152
1.276
6.432
0.644
0.196
0.576
0.252
0.144
0.5
2.252
0.6
1.496
2.516
2.02
0.36
0.244
3.212
1.16
1.4
1.56
2.26
0.736
