1.644
0.284
3.952
3.256
3.196
0.352
0.708
0.452
0.232
0.076
1.884
2.82
0.72
3.852
3.156
2.216
0.056
0.82
2.168
0.792
1.396
3.12
5.472
0.32
0.312
2.92
1.908
5.18
3.424
0.26
0.588
0.2
1.5
1.492
6.22
4.72
1.296
3.768
4.504
0.196
0.72
2.752
2.58
0.772
0.772
3.164
1.056
3.22
1.524
3.72
4.396
3.352
4.796
1.06
0.748
0.92
0.168
3.528
1.88
2.1
0.5
0.736
3.356
1.228
3.68
0.548
0.324
2.256
3.568
1.364
2.812
0.252
0.66
0.764
0.568
4.712
0.128
0.96
0.516
0.704
4.38
8.4
1.12
1.724
4.06
4.764
0.208
1.104
2.532
1.028
1.176
1.776
5.524
0.14
2.388
0.276
0.676
1.368
0.204
3.816
1.588
0.848
4.236
0.796
1.728
0.232
1.936
3.236
2.692
0.196
2.812
1.468
4.82
4.84
3.86
0.356
0.688
1.424
0.348
2.048
9.368
0.488
1.628
2.0
1.196
2.092
1.052
3.948
1.456
0.4
5.112
1.112
4.592
1.552
1.78
6.688
1.284
1.928
0.824
0.196
0.608
1.556
7.464
2.896
3.088
1.192
0.204
2.004
1.004
1.66
5.708
8.768
3.216
2.272
1.312
0.104
0.532
0.684
0.244
0.148
0.408
5.972
1.78
3.392
10.028
1.608
0.22
1.284
6.484
2.704
3.436
1.58
4.916
5.464
2.144
0.296
0.708
1.26
0.736
4.512
0.616
0.052
2.024
1.108
3.996
5.804
0.076
0.84
1.388
0.328
8.596
2.284
8.304
0.088
4.204
5.076
0.98
3.404
6.008
3.624
2.2
1.48
0.916
5.208
0.24
5.636
2.44
0.344
0.132
9.36
3.644
2.904
0.688
1.248
2.06
1.296
1.952
9.32
9.272
1.324
0.884
2.788
0.832
1.04
5.744
2.54
0.12
3.404
0.84
0.568
0.484
3.776
3.868
2.244
2.232
0.632
1.888
0.204
1.216
0.4
0.584
0.084
0.736
9.556
2.764
6.908
0.364
0.476
8.36
1.672
4.096
1.476
2.26
4.644
3.936
1.968
2.468
5.188
6.456
3.88
0.584
5.624
3.072
8.232
0.108
2.324
4.528
3.024
3.46
0.852
4.8
0.516
0.328
3.868
3.164
6.092
0.636
2.956
2.196
1.208
1.776
2.396
0.3
1.788
0.304
2.936
1.592
1.52
3.66
0.14
0.248
2.568
0.072
3.308
1.308
0.728
2.56
9.288
1.88
0.632
3.18
1.076
0.212
2.116
1.46
2.032
0.292
2.084
0.144
1.104
0.532
1.096
0.408
5.892
1.676
5.52
1.708
8.852
1.092
0.052
3.148
2.732
1.628
4.672
3.516
2.724
1.532
0.54
1.856
1.04
1.244
1.76
3.624
0.124
1.988
0.068
2.94
1.372
2.412
1.856
0.536
0.992
6.14
0.968
4.936
3.24
1.836
2.612
2.552
6.868
3.08
5.592
6.932
1.676
0.584
2.068
0.692
1.48
4.504
2.752
0.832
1.492
2.98
0.796
5.184
0.2
1.528
2.38
0.6
0.132
2.516
0.892
2.124
4.196
1.54
1.864
0.256
1.612
7.008
2.264
0.312
0.588
0.18
0.968
7.444
0.128
2.748
0.68
4.12
0.512
1.904
4.54
1.232
1.976
1.52
0.768
2.512
1.12
0.128
0.62
0.296
0.288
0.212
1.592
4.68
0.804
2.956
0.048
1.636
1.844
1.432
1.972
1.448
3.752
1.26
2.556
9.12
1.724
0.164
0.6
0.604
1.464
0.328
9.832
1.424
2.24
3.228
8.98
3.452
0.664
3.204
0.228
1.648
0.752
3.624
0.928
0.624
0.744
0.196
1.128
0.732
0.492
5.136
0.988
0.408
0.596
3.588
0.936
1.052
4.992
0.116
4.608
4.428
0.08
0.128
0.488
1.648
0.672
1.368
0.904
0.82
0.54
2.312
0.872
1.76
3.104
3.684
7.448
2.632
2.344
0.704
0.5
2.248
1.36
1.112
2.88
4.924
2.064
2.132
2.292
0.52
6.604
4.484
0.148
0.616
0.828
1.544
0.596
0.784
0.436
2.144
0.428
0.272
6.24
1.544
0.3
0.612
3.84
2.864
0.464
2.72
2.088
0.328
0.468
0.708
0.072
3.496
5.424
0.06
3.304
1.848
2.836
1.432
0.856
0.108
5.86
0.376
1.072
2.728
0.848
0.872
0.332
2.096
4.776
5.004
0.432
2.472
7.088
0.244
7.972
0.34
8.448
1.716
0.54
0.108
1.776
1.548
0.94
0.9
0.988
0.112
0.112
0.424
0.224
4.356
9.764
3.312
0.844
1.896
6.376
0.136
5.552
1.336
0.068
0.108
2.388
0.412
1.58
0.588
1.072
0.664
0.984
2.016
1.728
0.228
0.68
0.208
2.388
3.532
0.524
1.244
2.068
0.708
0.204
0.372
0.712
1.164
1.724
1.472
5.556
4.464
1.252
3.42
6.648
3.64
0.744
3.912
0.172
3.288
6.66
0.396
0.18
0.84
2.036
2.284
1.108
0.608
3.38
1.612
0.568
0.772
2.784
3.376
2.404
3.488
2.736
3.572
0.264
1.04
4.564
0.788
1.092
0.788
0.2
2.52
1.148
1.024
2.032
1.024
1.684
0.568
1.012
0.588
2.204
0.544
0.256
0.296
9.228
7.392
1.532
0.752
2.672
0.496
3.78
1.404
0.44
2.532
1.468
1.368
0.796
3.068
0.248
0.436
0.064
0.22
0.46
8.372
0.208
0.772
1.412
0.716
0.64
6.276
0.744
4.256
10.056
3.776
1.092
3.716
1.412
0.796
3.856
0.444
0.432
2.304
1.248
6.736
0.86
7.256
3.46
0.996
6.536
0.656
10.376
0.892
0.988
1.436
0.524
0.568
0.232
0.936
1.044
4.284
3.06
1.952
3.248
6.084
0.456
3.752
1.664
2.72
0.488
0.784
3.472
10.732
2.432
1.852
1.472
3.38
9.42
2.3
0.148
1.796
6.72
2.34
0.764
3.136
0.396
0.912
0.32
0.26
1.292
0.092
1.116
4.076
0.856
2.896
2.844
1.3
0.568
1.356
1.768
5.492
4.18
6.28
1.244
5.448
3.992
7.196
0.816
7.2
3.756
0.244
0.64
0.536
2.076
3.096
1.056
4.156
0.652
4.256
1.684
2.072
5.296
0.952
0.896
5.148
1.948
3.188
0.92
1.316
6.648
0.36
1.94
2.816
0.14
0.8
1.084
0.464
2.524
2.04
0.564
6.248
3.524
2.888
0.336
2.032
0.08
0.308
0.232
5.136
2.036
1.552
1.044
0.912
0.944
0.896
1.228
6.052
6.476
0.288
3.684
4.568
0.2
2.056
0.404
0.684
0.968
2.232
0.888
5.924
0.472
0.116
2.584
1.528
4.36
1.316
2.584
1.272
1.856
0.608
1.0
3.508
0.636
1.296
0.936
8.144
3.788
4.568
6.636
2.488
0.164
2.028
3.16
0.556
1.004
5.164
3.496
1.152
4.52
2.996
0.06
5.072
4.116
2.06
2.064
1.508
4.296
3.824
1.632
0.72
3.484
6.06
1.412
2.984
0.996
2.016
0.076
1.312
2.536
3.048
1.136
7.672
2.428
2.196
2.98
0.4
3.128
5.252
1.16
1.468
4.06
1.392
0.492
0.732
1.792
0.06
2.068
2.756
1.968
0.46
1.28
0.092
2.864
0.216
9.512
3.284
7.668
0.372
0.484
0.896
6.204
3.212
1.648
0.744
0.66
5.492
1.976
3.004
2.64
0.192
0.948
1.204
2.68
1.028
7.268
0.56
1.056
2.36
0.408
1.124
2.036
1.952
0.296
0.052
0.532
0.728
0.08
6.92
1.556
0.604
1.724
3.152
3.708
5.892
10.036
1.4
2.168
3.752
2.752
2.272
3.68
2.112
0.472
0.192
3.288
4.52
2.768
0.764
3.98
2.38
2.172
0.504
0.636
0.376
7.248
0.988
7.856
1.264
2.524
3.672
0.284
1.188
3.556
0.932
0.608
2.516
1.428
0.204
0.952
0.932
0.072
5.352
0.804
0.936
3.532
2.832
3.66
1.94
2.996
2.06
5.412
0.756
3.34
1.812
5.036
3.12
2.6
2.992
0.132
5.072
0.14
2.332
0.716
0.204
4.328
3.452
8.032
2.624
3.256
0.628
0.38
3.384
9.476
0.372
1.8
2.74
6.484
0.292
0.536
0.164
6.396
2.148
0.26
7.424
0.308
0.984
1.2
7.736
0.084
3.316
0.14
1.436
2.752
0.564
0.792
0.528
6.94
9.624
2.064
1.88
2.068
0.312
0.304
0.388
1.196
2.036
4.088
1.276
5.1
0.168
0.944
0.996
1.18
3.108
0.824
4.692
2.924
1.688
0.076
5.816
1.216
1.572
1.6
0.596
0.82
0.684
4.208
1.56
0.94
1.584
1.24
3.4
6.336
0.764
2.532
5.212
2.364
5.708
4.136
0.636
3.708
2.348
1.692
10.24
4.66
4.964
0.604
6.72
0.164
2.764
0.28
2.492
3.476
1.104
0.548
3.244
1.928
0.068
5.06
0.36
1.76
1.352
2.428
3.068
1.1
3.912
1.348
0.816
0.5
0.404
0.208
5.572
1.532
0.888
0.084
7.056
1.096
0.32
2.156
0.348
2.5
0.16
0.68
1.288
4.564
0.216
6.708
7.064
0.128
6.308
7.92
0.836
6.152
6.876
2.712
3.432
1.256
0.604
0.076
0.956
1.584
2.872
0.736
0.232
4.06
1.304
2.12
0.68
0.6
0.592
1.344
0.644
3.74
1.164
5.4
2.024
1.884
4.436
1.524
2.056
3.216
1.096
6.984
7.664
0.184
3.88
0.668
3.852
9.192
2.232
0.06
0.876
4.132
1.016
0.16
2.36
3.124
0.456
4.704
0.208
3.668
4.112
0.588
0.344
3.032
0.584
3.748
2.0
3.232
2.244
0.148
0.528
10.308
1.924
1.756
1.712
9.396
0.312
2.228
0.548
2.824
1.712
2.16
0.428
1.04
3.008
2.424
1.084
0.792
0.236
1.6
0.608
3.312
0.256
2.992
1.3
0.152
0.236
1.808
2.628
0.228
1.744
1.484
2.344
2.84
0.432
4.384
0.84
1.872
0.536
0.716
2.696
2.344
1.672
2.032
1.112
0.372
4.48
2.18
0.728
0.576
0.82
0.216
0.904
1.904
2.068
4.872
0.512
3.608
3.308
1.2
1.308
0.604
1.076
0.34
4.58
4.772
7.072
0.852
0.396
1.6
2.444
0.46
0.192
0.68
2.436
0.8
1.508
4.576
1.708
3.52
4.308
5.904
2.264
0.544
1.644
0.812
7.012
0.892
0.92
2.056
0.768
4.272
1.972
4.288
1.672
2.208
7.752
1.536
0.452
6.044
0.208
0.448
1.688
0.108
0.164
2.072
0.06
0.832
3.164
2.796
0.48
2.436
3.7
2.488
1.872
1.572
1.256
1.164
1.02
4.688
6.584
0.22
7.812
0.26
0.748
0.068
3.016
2.632
2.4
0.62
0.532
1.208
4.232
0.34
1.28
1.784
1.192
0.82
0.092
0.944
0.424
4.856
2.0
2.072
2.044
0.376
0.096
0.4
0.804
0.072
1.86
0.312
0.704
10.464
1.04
1.452
5.792
1.796
0.256
1.496
1.564
1.76
1.288
0.524
2.508
1.136
2.256
4.072
1.996
3.116
1.832
1.784
0.956
1.908
0.944
3.74
3.26
2.844
0.712
2.196
0.168
0.832
0.652
2.908
2.508
0.948
0.092
2.012
0.98
0.72
0.3
3.02
0.52
1.356
1.816
1.476
5.452
2.636
8.568
2.252
2.664
1.352
10.636
2.16
1.044
11.0
0.44
7.712
0.784
0.408
0.412
0.944
1.476
1.856
0.436
1.596
3.808
2.872
2.472
1.04
1.412
1.08
0.916
1.02
1.276
0.196
4.08
1.904
4.724
0.544
1.864
0.42
1.304
3.936
1.032
1.44
1.664
7.536
7.592
1.644
2.332
4.104
4.524
0.452
0.848
1.38
1.776
7.692
3.032
1.932
0.696
10.052
0.976
10.856
0.88
0.74
5.512
1.668
1.736
7.596
1.396
1.48
0.768
0.116
2.008
0.696
0.12
5.272
2.904
0.772
0.504
0.376
1.708
0.28
6.904
1.848
1.82
0.092
1.196
0.064
5.696
0.184
0.328
1.816
0.232
3.332
0.72
0.664
0.308
0.144
1.528
0.464
0.964
1.488
1.464
0.212
2.38
0.536
2.064
2.46
2.484
0.192
1.448
2.132
2.568
0.2
1.664
0.78
0.612
0.444
0.992
0.3
1.392
0.308
1.2
2.112
3.22
0.84
0.16
1.032
0.924
0.76
0.344
0.232
2.224
4.86
0.58
0.624
0.7
2.708
2.292
10.32
1.712
2.916
2.112
0.144
0.068
0.156
1.196
0.116
1.412
0.34
1.84
3.356
10.184
2.008
0.236
5.212
1.972
0.516
1.536
0.216
4.1
1.06
4.268
0.696
0.12
0.912
0.9
5.42
3.4
0.252
3.92
0.336
0.352
3.328
2.244
0.252
0.224
0.172
1.128
1.12
0.152
0.496
3.312
2.96
10.096
0.488
2.06
0.912
2.36
0.38
2.452
1.572
1.464
1.2
6.248
0.296
1.948
0.12
1.948
0.52
0.484
1.956
0.132
1.084
0.204
2.404
8.424
0.608
0.444
1.768
1.796
1.896
0.756
1.716
1.24
2.536
4.108
3.944
1.168
0.576
1.308
2.856
0.28
1.284
1.852
0.484
2.572
0.956
1.644
9.812
1.62
0.58
4.536
0.792
0.88
0.244
3.132
0.66
0.188
0.12
1.224
1.192
0.368
1.056
3.696
2.636
2.036
0.296
1.408
7.796
0.672
4.692
0.144
0.644
0.688
1.912
0.324
1.076
0.104
2.024
1.36
0.508
0.664
2.12
0.372
0.544
1.764
0.58
0.108
0.228
2.908
10.516
0.4
0.752
8.064
0.192
1.336
0.192
0.368
2.32
2.24
0.68
3.408
3.34
2.716
0.148
3.084
0.552
0.64
0.628
5.64
3.04
0.504
8.348
0.132
0.264
0.568
3.016
5.444
3.236
0.76
0.392
1.032
0.588
0.54
3.988
3.996
0.24
0.192
3.616
0.46
8.876
7.572
2.58
0.812
0.92
3.044
1.252
0.556
3.12
2.408
2.06
0.62
0.284
2.6
3.388
9.084
0.596
0.856
0.172
1.46
4.236
2.272
0.132
6.652
1.696
5.632
1.824
0.212
0.416
1.024
3.54
3.396
0.996
0.752
2.976
0.172
2.852
7.932
0.64
0.78
0.384
0.1
0.476
0.864
0.124
1.144
1.812
7.096
1.196
1.52
6.22
3.452
0.208
1.068
0.184
4.108
1.156
3.336
4.388
7.612
3.76
2.528
8.992
2.152
3.928
3.372
0.304
0.82
10.456
1.104
1.512
3.272
3.508
0.388
4.26
0.768
2.208
0.132
0.584
2.868
0.928
2.6
0.98
9.176
2.264
0.544
0.26
1.608
4.016
4.444
7.156
5.728
5.952
0.572
0.072
0.96
0.056
2.176
1.3
3.564
1.404
3.612
0.94
1.008
4.048
1.032
2.788
3.64
4.86
1.316
0.192
0.448
4.236
0.144
1.544
7.836
0.28
2.068
1.636
1.116
0.92
6.02
3.692
7.232
0.212
0.716
4.264
3.116
0.668
4.084
0.556
5.156
0.2
1.088
9.104
0.324
1.216
1.476
0.368
0.468
1.812
0.64
1.352
0.3
0.632
3.376
0.428
2.412
0.328
1.76
4.504
7.156
0.196
6.488
0.2
2.356
0.208
1.388
2.204
3.584
1.596
1.508
0.74
0.612
4.864
1.88
1.32
4.776
2.208
0.312
8.8
2.744
3.712
3.608
3.356
2.204
1.004
1.228
4.932
0.176
8.652
7.064
3.38
5.624
1.272
0.076
0.26
3.624
1.64
1.796
5.768
3.36
3.668
3.416
1.248
4.436
1.524
2.472
6.496
0.556
1.792
1.432
1.488
4.884
0.668
1.216
2.132
0.868
0.54
0.588
0.848
1.708
0.888
2.04
0.756
1.848
1.932
0.272
1.076
0.168
1.828
1.276
8.432
1.34
7.408
2.448
6.38
1.536
1.112
0.38
3.988
2.228
1.18
3.944
1.416
1.092
0.196
0.212
0.432
6.064
2.672
2.8
0.104
8.36
3.524
0.232
6.072
0.4
4.124
0.132
0.52
8.388
0.248
3.772
1.432
1.964
0.732
10.152
2.16
1.444
4.228
0.792
0.952
1.556
4.04
0.072
2.58
3.556
1.288
1.144
0.272
2.576
2.668
3.956
0.224
1.044
4.356
0.232
0.092
1.792
2.072
0.164
3.232
1.22
1.1
0.544
0.252
1.692
0.22
0.404
5.956
1.388
1.44
4.884
3.468
2.804
0.12
0.492
1.92
0.556
2.876
0.096
0.732
2.204
5.712
0.62
1.464
3.056
0.728
3.536
0.736
1.96
1.992
0.908
0.164
4.892
3.352
1.176
1.984
5.004
2.208
9.708
0.632
3.024
1.74
3.104
3.508
1.424
4.336
0.652
0.148
1.252
1.54
0.392
0.464
1.944
1.248
0.388
1.192
0.472
1.46
0.692
4.104
5.036
1.288
1.816
1.332
1.42
0.608
10.72
1.608
3.124
1.572
0.248
0.968
0.752
1.132
9.772
1.752
0.116
3.796
0.16
3.78
4.836
1.584
3.48
1.42
3.74
2.72
0.488
5.596
1.876
4.024
2.236
1.568
3.236
4.064
0.44
0.984
0.884
5.184
2.844
2.624
7.608
2.072
5.008
2.048
3.904
1.18
1.228
0.2
3.508
0.236
0.436
0.42
8.928
7.384
6.756
0.836
0.396
1.224
0.26
1.348
3.636
2.06
3.8
0.852
0.88
1.868
4.056
0.352
4.228
1.876
0.204
2.832
1.052
0.376
1.812
5.84
5.556
0.332
5.164
1.224
7.064
2.632
0.792
1.696
1.392
5.74
2.176
4.552
0.728
3.032
0.216
0.432
2.24
0.964
2.86
10.076
0.624
5.14
5.04
0.612
0.332
2.46
0.036
1.336
0.112
5.192
2.648
4.28
3.056
0.324
0.924
2.524
1.576
1.52
1.64
2.936
2.744
0.948
1.456
1.3
6.24
0.912
3.024
5.124
2.844
1.928
8.944
1.584
0.408
1.664
0.896
1.824
0.104
0.476
3.02
8.288
9.0
2.736
0.408
4.952
2.044
0.56
0.528
3.96
0.424
10.064
0.296
0.292
1.088
0.084
0.448
0.812
3.504
0.296
0.9
2.604
1.668
3.368
0.816
0.94
0.856
0.748
0.46
7.088
1.892
0.144
1.012
5.52
1.516
0.092
0.648
5.596
1.372
4.76
0.448
8.256
0.208
2.252
3.196
0.82
3.68
1.1
0.44
3.492
6.744
6.396
1.684
2.48
0.42
2.06
5.42
2.284
9.048
1.336
0.368
1.64
0.6
0.348
2.204
1.112
1.76
1.5
3.2
0.104
1.324
2.404
0.708
2.72
2.776
0.464
0.724
2.388
1.616
1.76
0.248
1.128
0.86
4.26
3.488
8.512
0.248
10.572
0.212
1.016
0.348
10.092
4.18
1.728
3.18
1.992
3.02
5.748
2.448
1.016
0.18
3.288
0.448
1.46
1.052
1.616
5.46
0.148
0.084
2.984
0.116
3.1
0.184
0.396
5.616
10.76
0.624
0.112
0.412
4.04
0.372
0.328
7.412
1.848
1.588
2.676
0.24
0.412
0.232
1.388
1.628
4.352
0.468
1.136
4.224
0.7
3.384
6.224
3.676
1.3
1.304
2.356
0.724
0.516
9.136
7.38
2.352
3.612
1.772
1.876
2.16
1.9
1.168
0.448
0.176
0.096
1.208
0.584
5.676
0.564
0.488
2.496
9.184
4.648
1.716
4.196
6.36
3.156
0.328
8.728
0.332
2.4
1.032
4.984
1.56
3.796
0.048
2.208
3.108
1.216
2.34
3.9
3.82
0.22
3.952
7.588
0.744
10.176
1.496
0.072
1.304
2.02
0.652
1.448
2.352
0.156
5.004
2.596
0.544
1.456
2.628
0.16
8.136
1.536
0.472
0.892
4.96
5.296
4.836
2.72
1.944
0.7
0.764
0.448
10.56
0.664
0.512
0.432
3.432
1.168
3.308
0.496
1.548
0.868
10.704
1.044
5.844
0.416
0.224
0.168
3.048
0.072
1.0
0.776
9.956
2.66
2.52
1.064
2.184
3.848
1.74
0.18
1.256
4.296
0.168
1.36
1.796
4.608
0.38
0.84
4.272
1.488
0.204
1.5
1.676
0.324
4.008
0.188
0.484
2.8
7.276
0.288
0.392
2.188
0.42
8.768
1.18
1.876
1.32
4.024
0.472
0.696
2.772
5.144
2.692
4.5
0.64
1.708
2.056
3.16
4.94
0.892
0.712
0.156
2.976
1.9
3.024
0.276
0.184
1.12
0.704
1.232
4.64
0.492
4.7
6.16
4.208
0.16
3.12
1.988
3.228
1.524
3.2
3.6
2.432
0.488
3.028
1.428
3.188
0.16
3.4
5.352
1.12
5.992
6.912
0.54
3.744
3.896
1.204
0.192
0.344
3.424
0.544
1.784
0.156
1.132
2.82
1.48
1.724
0.636
0.392
1.292
1.132
0.788
0.124
0.176
1.244
2.832
5.54
3.076
0.956
0.528
6.752
0.904
7.048
9.128
0.792
2.348
2.028
1.128
1.244
3.532
0.912
3.204
3.636
0.768
1.036
2.956
0.272
1.504
0.684
3.14
3.572
4.7
2.08
0.56
0.424
1.648
2.596
2.784
4.496
2.56
0.48
0.312
0.524
1.528
6.568
1.64
1.324
3.2
1.652
4.92
1.408
0.652
2.476
1.26
0.716
1.284
1.348
2.148
0.564
9.4
0.692
3.064
4.028
7.58
1.516
4.136
0.624
1.336
4.596
0.476
2.676
0.284
0.668
1.132
0.076
3.128
4.632
2.072
1.308
3.488
0.768
0.552
1.96
0.248
5.248
2.552
0.548
0.868
1.128
0.076
2.992
2.696
1.44
4.492
0.688
3.992
3.264
3.768
0.572
3.528
1.02
1.408
4.428
1.732
1.24
4.152
0.464
0.168
8.216
4.724
1.592
0.12
4.408
0.532
0.848
7.292
0.188
2.732
3.008
10.316
2.984
0.568
0.92
0.192
0.18
3.268
2.896
1.84
5.228
2.936
2.508
0.28
1.392
7.064
0.624
6.364
0.952
0.196
3.464
6.256
0.076
2.704
0.648
2.224
2.988
1.572
0.48
0.8
3.54
0.736
0.116
0.236
0.3
7.34
3.852
0.584
0.232
1.012
0.728
1.06
1.068
5.964
2.732
3.58
2.46
0.836
6.052
5.304
0.676
5.632
1.46
2.124
1.252
1.852
2.312
3.2
1.84
1.772
2.128
2.96
8.32
1.768
0.18
1.364
2.092
8.336
1.132
3.14
4.108
0.408
3.536
0.164
1.184
1.336
2.68
8.324
0.748
4.02
4.04
1.1
0.652
0.916
3.088
2.324
0.364
3.868
0.712
1.8
2.82
0.328
1.828
5.192
0.628
0.416
2.048
0.192
3.712
0.964
0.42
2.332
4.412
0.308
1.8
1.192
0.452
1.416
0.724
3.28
1.88
0.364
6.004
5.564
0.2
2.392
0.804
0.384
1.42
4.86
0.744
0.644
0.188
1.992
0.636
1.256
2.652
1.544
8.996
3.468
1.496
0.56
3.672
0.096
2.112
2.908
1.296
1.364
2.848
2.592
0.112
1.48
2.06
3.268
7.604
2.968
3.864
2.724
1.044
0.36
1.108
3.592
0.364
3.7
4.648
0.724
0.108
1.128
0.164
0.46
8.748
5.976
0.528
1.764
0.576
1.424
9.188
2.856
1.324
0.42
2.008
2.98
0.192
2.892
3.78
2.796
1.656
2.636
2.052
1.984
3.904
6.256
0.704
7.012
2.012
0.108
4.356
2.1
2.488
3.932
0.368
0.64
0.416
5.472
5.512
2.448
0.388
3.204
3.052
4.952
5.784
2.808
1.712
1.516
0.128
1.456
0.472
1.076
0.676
1.096
4.82
5.668
6.408
3.204
6.216
2.792
4.228
0.096
4.756
0.356
9.864
1.832
0.68
3.564
1.936
3.62
2.608
1.088
4.444
2.332
0.924
4.72
0.812
1.492
3.608
3.448
3.108
0.96
0.272
0.916
2.948
2.9
0.756
0.808
7.44
6.1
4.42
0.872
1.464
0.76
0.444
6.092
4.792
0.228
1.536
0.32
2.464
0.328
1.76
0.116
0.248
0.628
1.184
4.98
0.68
0.488
0.116
0.408
6.308
4.116
2.068
7.744
0.4
0.772
2.452
2.14
2.36
0.308
0.536
5.712
2.356
0.316
2.244
4.28
0.408
3.88
2.312
6.096
7.18
2.416
1.572
3.708
3.184
0.388
2.788
0.192
0.26
2.408
3.704
1.276
5.616
0.808
0.8
4.272
1.144
7.16
0.74
1.432
0.976
1.872
2.36
0.204
2.444
9.992
0.768
0.264
0.212
0.584
8.152
1.588
7.212
2.516
1.088
2.428
0.26
1.572
3.756
1.096
2.956
2.272
2.4
4.128
1.572
5.256
0.208
1.276
0.096
2.372
5.148
8.112
1.236
0.956
9.62
0.76
1.212
0.468
1.928
0.476
0.292
1.02
5.236
1.144
0.512
2.716
7.852
4.456
6.384
0.276
0.632
0.876
0.124
0.348
0.156
2.656
0.528
0.244
2.528
0.292
0.524
2.812
3.368
0.4
6.672
0.2
0.112
2.956
7.092
3.916
5.912
1.588
4.832
6.112
1.196
0.284
0.312
0.112
3.876
2.7
5.908
6.472
0.48
1.856
0.412
0.868
1.316
1.756
0.052
2.972
5.932
10.684
10.184
4.776
1.304
1.36
0.332
1.196
1.552
0.596
3.0
0.072
1.364
1.184
2.14
0.648
1.588
4.008
0.836
0.372
4.944
9.424
5.136
0.524
0.852
2.316
0.5
2.716
0.36
1.904
0.1
2.264
8.224
0.1
0.528
7.684
1.748
10.836
1.16
0.568
1.828
3.032
4.272
9.868
3.54
2.872
0.748
0.384
3.296
0.136
0.996
0.308
1.372
0.156
1.784
1.792
5.06
0.948
3.12
3.596
3.032
1.22
1.26
0.668
3.408
0.28
0.152
0.18
2.492
0.636
0.36
5.612
3.048
0.556
5.448
1.908
2.4
1.28
2.88
1.724
1.664
1.0
0.624
1.38
0.244
4.464
3.76
0.52
1.592
0.804
4.384
0.136
6.2
0.544
0.888
0.1
3.564
1.86
0.412
1.612
0.812
0.704
1.408
0.388
3.016
2.044
1.624
4.024
4.596
1.284
0.168
6.104
3.076
1.076
5.7
0.128
9.248
4.076
5.188
0.632
0.536
1.604
2.6
2.452
8.156
1.048
1.656
0.264
0.612
2.928
0.404
0.848
0.948
0.916
6.74
0.728
3.1
0.732
1.5
0.86
2.0
1.316
5.316
0.66
2.008
5.744
0.756
1.068
0.452
0.356
2.808
1.284
1.316
4.924
1.272
1.264
3.204
2.524
0.788
3.852
0.9
1.304
0.328
0.668
2.904
3.032
0.368
0.28
2.264
2.34
2.02
4.556
0.34
2.092
0.524
0.12
6.096
0.416
3.904
0.612
0.628
3.504
1.444
4.092
1.312
0.532
1.3
0.252
4.624
4.316
2.928
2.16
2.056
2.052
1.124
1.652
3.432
0.08
3.92
1.892
2.936
5.684
4.116
1.56
0.168
4.472
4.184
1.216
9.06
1.84
1.1
0.796
2.972
1.56
0.7
5.108
0.712
5.708
0.62
1.332
1.028
1.452
1.888
1.988
5.036
2.416
9.516
2.22
6.624
0.284
5.272
1.916
0.716
0.648
0.764
1.732
4.596
0.716
1.5
2.108
2.076
0.188
0.464
1.332
1.164
1.376
1.668
3.392
0.416
3.616
0.276
1.504
2.692
0.312
0.888
2.46
5.12
1.444
0.392
1.244
3.284
1.572
0.488
1.568
1.316
0.092
3.86
0.412
2.748
4.068
1.54
5.94
0.596
4.636
1.792
3.056
1.08
3.132
0.516
5.916
1.464
1.816
1.092
2.76
0.2
0.624
4.792
0.744
2.524
9.352
1.612
1.176
0.864
3.128
0.568
6.684
2.964
1.044
0.66
6.128
1.036
0.6
1.012
6.512
7.972
4.756
0.852
0.692
0.368
3.868
1.812
4.268
1.108
1.784
9.364
7.08
5.028
1.632
1.34
0.16
0.64
2.744
0.608
2.952
10.956
1.448
2.94
7.928
0.2
2.62
0.116
2.024
0.128
1.668
3.224
6.628
0.5
2.46
2.628
3.248
0.672
0.888
0.076
4.716
3.152
3.704
2.108
0.088
1.724
1.872
2.104
6.992
0.912
2.42
0.46
2.876
0.264
0.708
0.216
3.872
9.132
3.376
3.964
1.116
4.004
1.0
1.488
0.936
0.128
3.368
3.86
0.548
0.188
0.092
2.06
2.42
1.112
0.58
1.22
9.9
1.376
3.36
0.78
1.14
4.216
6.012
5.296
10.296
7.504
5.82
0.232
0.26
1.776
7.456
5.612
3.368
3.296
6.576
4.748
0.156
3.364
0.428
0.78
1.176
0.12
1.084
2.02
4.264
0.676
0.208
4.064
1.972
0.224
4.252
0.336
1.376
1.8
1.62
1.284
0.244
0.792
8.24
3.908
1.504
0.896
0.436
1.676
0.204
3.192
0.5
1.436
4.1
0.404
1.576
1.004
0.572
2.308
1.92
0.696
6.816
0.252
9.964
4.036
1.516
1.204
4.368
0.404
9.772
0.296
0.356
3.32
0.336
0.456
0.8
0.112
2.864
0.212
1.484
0.328
1.2
1.416
2.208
0.372
2.476
6.624
3.36
2.904
3.436
5.324
2.032
0.764
1.744
0.548
0.192
6.132
7.572
0.816
4.824
1.976
3.844
3.336
4.832
4.776
3.012
0.224
1.176
0.336
2.272
0.16
2.024
0.16
1.528
1.548
5.0
4.836
4.496
1.008
6.108
0.596
3.88
4.124
0.86
1.004
2.104
1.82
8.712
2.948
0.148
2.588
0.8
0.472
4.212
8.98
1.056
0.076
0.972
0.768
5.608
1.78
1.884
0.66
1.524
6.768
2.936
1.732
1.432
1.552
1.876
3.42
1.356
0.124
4.764
0.984
0.308
0.9
1.74
0.932
0.724
3.076
3.104
1.776
1.048
0.552
3.396
0.148
2.296
1.224
3.26
0.78
2.212
2.312
1.22
6.284
0.276
1.548
0.216
0.928
1.348
2.916
3.02
0.304
0.404
2.56
0.548
1.516
3.368
2.164
2.688
1.212
4.476
4.536
1.292
0.848
1.116
0.244
1.428
0.072
0.132
1.676
2.272
0.504
1.764
3.404
0.448
0.336
1.22
0.4
0.744
4.06
1.904
1.108
0.664
0.528
0.168
0.26
4.14
3.928
0.196
1.956
1.776
4.844
1.24
1.936
2.624
4.16
3.244
4.296
0.8
1.284
4.876
5.968
6.308
4.66
5.932
1.136
6.78
10.556
3.212
0.236
0.584
5.444
1.576
0.596
1.696
0.156
0.08
0.22
1.5
0.7
0.488
2.736
1.132
10.404
2.224
0.72
3.028
3.208
0.576
2.196
0.276
5.372
1.416
0.368
0.236
4.332
2.208
0.504
2.548
1.38
0.516
0.648
1.252
1.944
2.472
0.508
4.304
1.812
1.712
2.112
1.348
2.668
5.852
1.368
1.576
0.94
3.356
0.312
2.0
0.376
0.716
2.452
3.176
6.088
1.628
5.504
8.224
4.204
3.904
0.72
0.876
1.404
0.504
5.884
0.132
5.348
4.324
4.78
5.504
4.728
3.484
1.524
9.04
0.124
1.092
4.144
6.8
1.256
0.26
0.148
4.26
3.508
1.996
2.988
0.184
2.136
2.76
1.524
3.596
4.316
1.516
1.452
1.552
0.388
2.812
2.604
0.44
1.292
0.312
1.164
0.656
0.456
1.252
4.82
1.68
3.404
1.852
2.784
1.272
1.048
3.808
1.268
0.28
0.436
2.852
1.472
1.292
3.584
1.1
1.412
0.26
0.792
1.976
4.14
7.94
0.288
0.068
0.164
3.796
7.68
1.036
0.172
4.248
0.76
0.74
2.648
3.664
0.16
0.808
2.3
0.304
0.204
5.856
4.108
2.904
2.536
1.712
1.18
5.504
0.936
0.656
3.924
2.568
0.9
0.924
3.996
2.504
0.364
2.976
0.72
2.272
0.244
0.324
1.112
2.296
0.096
4.904
0.12
0.088
1.552
2.496
2.42
9.52
1.288
0.2
1.404
0.512
4.812
4.132
0.172
2.204
1.812
4.488
1.564
