0.556
0.376
0.148
1.888
1.76
0.264
0.512
1.356
0.688
1.464
9.796
2.268
1.208
2.504
2.944
0.236
1.116
1.124
1.896
3.3
0.916
3.72
3.572
6.248
1.124
0.536
2.836
0.204
2.032
0.86
3.268
2.112
2.796
9.304
0.396
4.672
5.98
5.644
0.944
0.376
0.516
1.052
0.376
2.604
0.872
6.988
0.664
0.852
8.468
5.748
1.072
2.752
0.392
1.228
1.896
0.572
2.256
1.78
0.232
7.436
0.26
6.616
4.752
1.104
3.16
0.9
2.88
2.384
4.248
0.664
1.836
0.6
2.196
1.66
0.428
5.324
4.88
6.152
2.148
2.564
8.868
1.004
3.036
0.428
2.1
1.552
1.74
3.076
0.456
0.248
4.556
1.812
2.484
1.46
0.64
7.816
0.196
0.356
6.972
10.844
0.884
3.916
0.16
1.864
1.668
0.192
4.244
0.528
1.928
1.588
3.072
5.568
0.148
9.772
0.3
2.824
1.384
6.024
1.592
0.944
0.348
0.944
3.532
3.18
1.38
2.176
0.692
0.692
1.208
5.044
0.324
0.304
0.42
5.884
1.288
3.196
0.836
3.432
2.064
0.952
0.52
1.432
3.688
4.152
5.124
3.964
7.72
3.464
0.5
1.808
4.76
0.636
2.988
1.696
0.644
3.408
3.472
7.512
3.936
5.036
0.656
1.584
1.536
1.628
0.1
0.796
0.204
0.352
0.988
5.556
0.488
2.624
0.7
1.116
1.744
0.944
1.556
2.168
1.404
2.58
1.232
0.564
4.192
3.268
1.66
0.508
2.476
0.364
1.468
2.612
3.896
4.316
2.756
7.744
0.264
2.704
2.212
2.348
0.536
5.128
2.084
1.916
2.336
1.72
0.208
0.576
4.22
4.06
9.708
0.88
1.46
1.524
0.924
2.18
2.784
8.944
5.456
2.424
2.96
0.772
1.076
0.604
6.824
1.372
1.536
1.092
0.292
1.892
2.868
1.364
1.68
0.796
3.692
0.436
3.684
0.332
0.528
0.152
0.94
0.488
2.708
0.652
2.728
0.212
2.584
5.064
10.76
3.524
2.1
1.396
4.84
1.2
0.612
2.996
10.692
0.532
0.648
1.456
4.056
1.88
5.032
1.98
0.108
1.884
1.912
7.608
0.128
0.536
0.708
0.944
5.568
2.164
0.428
10.312
0.612
1.24
1.164
2.032
1.38
0.46
10.22
0.296
6.124
0.744
5.456
8.448
9.688
0.572
0.488
0.86
0.72
0.828
8.648
1.136
4.368
0.58
2.628
0.456
0.404
1.604
3.648
0.988
3.424
2.432
0.584
0.956
8.528
1.988
1.184
4.9
4.78
8.236
0.5
1.684
0.464
6.948
1.508
5.208
0.576
4.244
2.392
0.692
0.276
10.268
0.36
6.108
4.02
3.476
1.652
0.156
1.612
4.308
0.848
0.316
2.812
0.76
0.304
3.16
5.016
0.956
2.68
3.08
4.184
2.62
0.192
0.804
0.68
0.532
3.14
1.728
0.6
1.348
1.54
1.804
0.2
5.18
0.592
1.38
2.668
0.3
1.612
1.992
0.512
3.04
2.36
0.492
0.236
2.644
2.324
4.972
0.632
3.94
0.644
0.684
0.58
1.612
1.088
0.876
0.104
1.092
3.48
0.712
0.428
2.644
3.372
4.056
6.976
0.252
1.076
0.224
0.968
3.728
1.904
3.432
2.864
7.752
0.92
5.812
0.86
0.988
1.26
2.404
8.208
0.852
0.34
0.688
5.608
0.504
0.652
0.272
3.236
0.964
0.4
0.512
2.904
2.808
0.648
1.052
0.7
1.904
0.216
0.764
2.264
0.22
2.112
10.576
3.584
3.208
6.388
1.904
2.364
7.584
0.38
0.964
0.92
7.036
1.744
1.104
1.376
3.804
2.524
0.188
5.448
0.552
5.4
0.872
5.8
0.256
0.264
0.96
0.62
2.788
1.3
0.84
2.44
3.644
5.224
0.24
2.012
0.564
0.352
1.732
2.76
0.492
3.364
1.2
2.548
5.168
5.764
3.068
4.748
0.436
7.308
0.84
0.468
2.956
1.028
3.996
1.924
2.252
0.684
2.084
0.212
0.48
1.304
1.388
1.308
2.352
0.568
0.228
3.26
0.496
1.236
1.268
1.052
2.108
0.98
1.64
0.676
0.408
2.952
0.188
1.732
0.452
7.24
1.112
1.168
0.444
3.936
0.452
6.388
1.008
2.544
1.916
1.968
0.696
0.208
1.26
2.528
3.448
1.156
0.148
0.232
3.44
4.092
7.024
1.032
2.608
0.712
1.024
2.076
0.564
0.172
1.132
2.416
2.148
2.452
0.248
3.5
1.7
1.7
2.576
0.336
3.3
1.432
1.7
1.308
0.876
0.348
1.096
0.38
0.46
3.224
0.116
0.228
1.6
5.208
4.36
1.152
3.664
0.42
0.128
1.028
0.644
0.624
4.164
0.408
0.304
0.536
1.344
1.796
4.04
5.488
10.736
0.7
2.424
0.84
1.156
7.408
2.6
0.548
0.532
5.332
0.188
0.792
1.376
2.528
1.748
0.564
0.164
0.58
0.296
3.424
3.7
3.148
0.792
0.408
8.812
0.12
3.26
1.504
1.684
2.504
2.3
1.976
0.664
0.888
2.56
0.504
1.812
0.644
0.384
9.288
0.384
7.136
8.436
0.512
0.452
1.044
0.92
0.844
0.324
0.22
0.14
0.236
0.196
0.524
8.72
0.368
1.812
0.284
9.756
0.168
0.196
0.344
0.452
0.452
0.996
4.856
2.996
0.22
0.572
3.016
0.26
1.456
2.048
1.192
2.04
1.988
0.536
0.42
2.152
7.448
2.66
0.724
2.636
0.496
4.392
0.54
1.116
1.616
0.296
3.372
1.008
0.224
0.952
5.324
1.8
0.112
3.724
2.276
3.94
1.164
4.636
0.436
2.044
9.096
0.304
1.164
4.404
0.408
0.384
1.792
6.34
1.756
0.832
0.836
0.836
8.42
1.952
2.7
0.456
0.764
3.072
8.4
0.556
2.54
3.252
1.908
1.788
3.196
0.888
0.428
0.704
2.092
5.86
0.828
6.088
0.692
0.356
2.692
1.368
2.456
1.304
0.26
1.024
0.328
2.564
0.104
5.94
7.116
1.912
0.436
10.336
0.924
0.692
0.72
0.184
0.676
1.536
5.096
0.932
9.744
2.932
0.372
4.748
2.728
7.348
4.324
0.256
3.268
1.02
1.384
4.9
1.728
0.36
0.98
4.5
2.528
6.592
1.408
0.728
1.36
0.96
0.692
1.832
3.536
1.44
0.44
3.476
2.08
2.148
0.472
1.952
1.672
0.892
0.684
0.376
3.488
1.848
0.312
0.132
0.3
3.276
1.064
0.5
1.388
10.74
5.34
0.336
1.732
2.588
0.732
2.536
1.648
2.116
2.66
0.444
7.436
0.228
0.588
1.492
4.92
5.48
0.172
4.176
0.536
4.564
4.828
9.908
1.424
0.784
1.416
4.06
2.028
2.008
2.424
0.596
3.668
2.376
1.58
8.28
1.8
2.108
0.772
0.428
0.888
5.488
0.196
3.988
0.532
0.212
1.396
1.204
0.752
0.104
1.78
0.624
2.184
2.684
0.816
3.016
0.176
8.24
3.848
0.316
4.108
1.276
1.304
1.228
2.324
0.856
0.176
0.176
0.544
0.312
4.592
0.244
1.228
0.712
0.356
1.424
1.448
7.328
0.504
0.248
2.708
2.12
2.472
0.976
5.532
0.58
1.348
0.268
3.08
1.008
0.812
3.748
4.344
1.056
1.0
3.4
1.976
3.552
1.564
2.788
5.912
0.22
0.872
1.848
3.576
1.712
0.936
1.132
4.056
3.272
1.88
0.364
0.744
0.336
0.396
1.708
0.52
1.324
1.46
2.076
0.168
0.436
2.3
0.412
0.276
0.408
0.548
1.776
1.144
1.164
0.296
3.508
2.476
0.592
0.644
1.408
0.848
2.692
3.616
0.308
1.42
1.348
1.556
1.88
9.928
2.236
1.764
0.216
1.996
0.268
8.512
0.352
1.308
1.136
1.548
0.172
2.888
0.372
1.192
0.332
0.344
0.672
5.028
1.112
2.38
5.204
0.44
3.272
0.476
4.268
0.716
0.548
4.684
1.452
3.012
3.704
6.108
1.708
3.556
1.46
2.084
0.292
0.78
10.712
2.608
3.136
0.552
0.324
5.032
0.772
3.82
2.348
0.268
1.892
0.692
8.06
0.456
1.264
2.716
4.028
4.872
3.776
10.22
0.252
0.756
0.988
0.696
0.14
3.18
0.172
2.024
0.156
5.312
4.268
4.068
5.924
9.0
0.652
3.236
0.284
3.38
0.12
0.744
0.232
1.324
0.616
0.34
0.636
1.736
0.212
0.204
0.92
4.924
1.6
2.824
3.492
2.492
10.284
1.428
0.196
1.428
0.892
0.768
1.292
5.064
0.112
6.712
2.144
1.368
2.18
0.832
1.2
1.648
0.148
0.44
0.348
4.244
4.98
0.896
0.236
2.996
3.364
1.96
2.356
3.088
0.532
1.28
7.856
0.324
0.696
2.272
0.852
0.188
2.708
2.392
2.636
0.88
5.764
3.016
0.712
0.384
2.144
2.944
3.576
0.808
4.724
0.168
5.524
1.032
0.328
3.672
0.596
0.22
3.076
3.076
2.784
2.852
0.412
1.012
0.8
4.792
2.448
4.544
1.776
0.336
1.272
1.164
0.656
4.976
0.332
0.448
3.648
1.8
1.948
0.344
0.304
1.872
2.396
0.66
0.132
2.732
2.084
3.72
3.132
2.008
0.28
5.42
10.604
10.78
0.116
0.192
6.364
0.68
0.104
1.8
3.312
1.436
0.428
1.26
0.1
1.612
1.392
0.12
1.28
5.88
1.568
7.916
4.744
0.48
1.46
4.208
1.06
2.34
2.44
0.584
0.832
0.588
1.008
0.472
0.852
4.884
4.8
0.396
0.204
5.276
1.092
2.04
2.78
2.872
2.228
2.592
0.372
0.896
0.732
0.328
1.732
4.188
1.02
2.212
2.416
1.388
1.496
0.12
1.456
3.284
5.96
2.984
4.348
2.312
0.22
1.784
2.024
0.412
2.864
1.368
0.112
0.956
1.988
0.44
0.6
4.312
0.276
0.556
2.1
0.148
0.188
1.804
7.288
2.064
2.66
1.22
2.768
1.928
3.408
0.972
0.832
3.208
1.052
4.54
2.2
2.036
4.1
1.536
5.42
1.3
0.208
0.14
5.02
1.38
0.44
0.844
1.332
3.852
1.108
6.44
3.232
2.52
5.232
2.248
2.216
1.716
0.164
0.212
0.3
7.348
0.168
6.964
1.344
0.348
0.272
2.428
0.648
1.56
0.476
8.74
3.94
0.128
1.972
0.148
1.024
1.476
1.36
1.104
4.76
0.6
1.276
6.272
3.04
5.76
0.248
0.66
1.284
1.16
0.136
2.88
2.888
9.756
1.132
6.384
1.416
2.44
5.448
2.424
0.88
10.272
3.948
2.06
1.0
0.892
3.34
1.096
2.184
2.08
0.468
0.76
4.82
1.412
0.252
2.22
1.048
6.012
0.332
0.568
0.224
5.796
0.22
10.16
0.884
1.092
0.28
3.584
2.748
1.096
0.188
0.608
0.188
0.38
3.232
3.092
0.164
1.564
2.248
5.132
0.904
0.22
0.516
0.268
0.432
0.144
3.792
1.7
1.04
4.744
1.784
0.564
0.684
0.216
1.396
1.736
0.54
2.596
1.516
2.072
2.012
8.652
3.488
4.268
8.74
2.412
1.46
2.808
2.032
1.328
1.0
0.528
5.108
3.34
4.02
0.86
1.26
3.124
1.544
1.104
3.384
0.796
2.66
1.512
0.224
0.58
2.424
0.136
8.284
0.46
1.244
2.016
1.028
5.088
0.168
0.548
0.196
1.576
3.168
0.628
0.592
0.548
3.6
1.336
1.248
4.652
0.148
2.6
0.86
1.28
0.876
0.616
7.4
2.036
0.388
0.632
0.928
2.108
0.476
0.956
2.028
5.432
1.264
0.732
1.612
0.396
2.7
4.476
1.284
0.12
4.596
0.18
2.276
0.912
0.38
6.752
1.248
1.028
0.388
0.788
2.972
2.392
1.22
3.54
4.252
0.62
0.492
6.72
0.52
6.552
1.568
3.16
0.476
1.456
2.172
1.196
0.284
10.056
3.944
1.968
4.628
1.372
1.288
0.272
0.448
0.832
7.876
0.184
0.152
8.576
0.176
0.908
10.4
3.116
2.38
2.416
2.228
4.78
6.372
1.084
1.992
0.644
5.352
2.448
1.108
2.0
0.416
1.4
10.18
1.328
6.032
0.472
4.792
2.432
5.924
0.668
1.912
0.216
2.752
1.36
0.188
2.736
4.38
0.988
0.44
7.576
3.088
5.14
0.244
1.864
4.852
3.6
0.996
1.72
1.56
0.112
2.156
1.576
1.188
0.78
0.912
2.04
2.736
1.332
3.444
1.436
0.396
0.98
5.068
1.512
1.232
2.684
0.868
4.14
3.528
10.8
0.268
6.212
4.988
5.988
0.692
8.66
0.248
0.944
0.968
1.828
1.904
6.216
3.54
0.78
0.636
2.392
0.228
0.524
0.644
0.256
0.44
1.632
2.604
3.62
2.512
4.08
1.212
1.424
0.484
9.176
1.796
6.188
5.744
2.096
0.404
0.156
0.112
3.884
1.74
9.324
7.82
0.9
1.336
0.304
2.732
0.428
0.592
0.26
0.92
3.08
3.416
8.084
7.18
1.58
3.568
0.228
6.9
2.396
1.084
2.488
0.184
2.396
0.488
0.096
0.604
1.116
3.512
1.64
0.44
1.2
1.044
0.172
0.608
1.576
1.664
1.104
0.132
4.272
0.676
0.224
3.276
2.476
3.864
4.388
0.916
1.076
3.472
1.432
3.308
1.128
8.516
4.14
1.832
0.772
3.96
3.604
1.276
2.596
2.384
1.328
0.412
2.74
3.728
1.836
1.188
0.908
1.336
0.7
0.404
2.492
1.284
8.82
0.652
3.212
1.124
1.38
2.504
5.796
0.54
0.86
0.728
1.632
1.3
2.484
2.484
0.236
9.3
0.288
2.94
0.384
0.676
1.456
3.896
6.328
0.772
1.348
2.664
0.196
0.192
4.936
1.476
0.308
0.504
1.352
0.836
4.052
1.66
2.696
2.516
5.584
0.284
0.872
0.332
2.292
0.204
0.668
0.992
3.8
1.38
3.136
0.84
3.904
0.788
0.26
2.94
2.024
0.9
0.556
6.692
0.5
2.44
0.92
0.452
5.132
3.628
4.696
3.74
0.992
1.872
0.724
1.472
0.616
7.912
1.36
0.656
0.608
3.276
8.476
3.168
2.064
3.18
1.708
4.228
1.28
0.764
1.704
0.58
0.276
3.22
6.196
9.78
5.892
3.7
1.4
0.476
0.188
7.176
0.112
3.028
1.212
1.964
2.36
2.26
0.416
6.448
0.22
0.668
1.764
4.632
1.904
7.272
0.172
0.796
0.68
1.996
1.4
2.432
6.536
3.6
0.312
0.28
3.472
1.728
1.356
4.808
3.248
0.448
0.296
3.36
1.328
4.664
0.628
2.056
0.416
7.984
1.672
3.764
8.488
1.104
2.424
0.828
1.196
2.9
0.9
0.656
2.492
1.876
3.32
10.548
2.976
4.696
2.28
0.268
3.052
0.356
7.788
0.6
0.936
1.072
3.508
4.76
3.012
0.612
5.396
0.608
6.972
1.812
0.844
1.588
1.692
0.836
1.472
1.312
4.236
2.368
0.548
0.22
4.708
2.492
2.196
0.212
1.376
2.808
7.48
1.996
1.048
3.288
0.332
2.032
0.12
1.304
5.62
1.4
0.324
1.364
1.836
0.128
0.708
3.88
0.436
2.52
1.292
0.58
0.144
6.212
1.708
0.696
0.596
3.952
8.408
3.168
0.924
0.232
2.312
0.468
5.02
1.676
4.508
6.94
4.856
0.208
0.728
3.188
3.12
3.392
3.44
5.616
0.316
0.868
4.592
0.224
0.8
0.932
3.468
0.612
1.432
3.384
1.968
3.228
0.716
1.112
0.584
5.904
3.004
2.64
0.604
0.332
0.764
3.42
2.3
0.724
2.928
0.604
0.32
3.792
6.784
2.84
1.496
3.64
0.504
6.408
1.188
5.92
1.7
0.576
0.168
2.996
1.812
0.24
2.072
1.78
3.824
3.7
4.008
0.264
0.696
0.42
0.668
0.944
0.548
1.464
0.596
0.1
0.908
5.332
1.992
0.456
2.988
0.096
0.492
0.728
1.364
2.6
3.396
2.796
3.004
3.668
1.596
1.328
0.428
5.628
2.796
1.476
3.924
2.952
1.716
1.312
0.26
0.22
6.204
0.188
0.828
0.16
3.196
1.656
0.408
4.232
3.336
0.1
6.528
1.356
0.832
0.168
1.944
1.728
1.66
1.0
9.656
0.428
2.24
1.768
1.848
0.976
0.584
0.816
5.096
0.512
3.412
0.888
3.424
0.696
1.2
2.428
2.244
3.684
0.648
2.416
1.912
4.42
2.18
0.936
2.696
1.128
0.748
2.38
1.284
8.968
0.144
0.252
0.128
0.9
1.86
1.448
1.412
0.944
0.7
3.748
0.984
1.74
5.304
2.5
0.144
2.396
8.724
0.94
5.52
5.536
0.752
6.116
1.076
1.98
1.892
0.44
0.468
0.284
0.304
0.376
1.688
1.452
2.588
0.16
0.34
1.596
2.692
2.808
2.936
0.22
0.492
2.092
2.74
0.224
1.196
0.348
2.22
0.492
1.648
3.276
3.876
1.624
4.192
1.72
1.476
0.136
3.568
0.296
3.556
3.472
4.032
2.536
1.18
2.096
10.452
1.136
1.996
5.076
5.368
0.112
2.44
5.12
0.368
2.204
1.984
1.284
1.396
0.172
2.252
4.532
0.128
1.068
3.24
1.56
2.772
1.756
0.668
2.06
1.456
0.396
2.168
1.568
3.868
11.056
3.428
3.236
1.12
4.508
2.028
0.568
0.324
2.7
4.696
9.216
3.204
0.404
8.4
0.284
2.14
3.676
1.876
0.928
1.512
3.432
1.828
0.128
0.66
2.876
1.452
2.396
0.352
1.208
0.472
3.436
0.98
1.596
2.764
2.444
4.612
2.384
0.572
2.016
0.156
0.668
0.672
1.748
4.528
0.504
0.72
0.484
0.772
3.664
0.82
0.496
4.068
1.812
3.68
2.712
0.488
1.188
2.524
1.828
1.136
0.24
3.568
2.108
0.648
6.34
0.856
0.172
5.344
0.696
0.62
2.456
1.58
3.336
0.452
6.232
0.864
0.44
0.544
4.024
0.768
0.524
4.868
1.644
1.844
0.54
2.68
1.628
0.928
0.832
2.632
1.928
2.008
1.312
0.892
3.18
1.484
10.776
5.952
0.552
0.516
1.136
1.204
0.184
9.464
2.944
0.98
2.348
2.184
0.52
4.096
0.992
0.42
1.108
1.252
3.036
2.34
1.344
0.172
1.288
4.372
2.704
0.724
1.06
0.86
0.396
0.764
8.128
8.392
0.644
3.232
1.684
1.352
0.412
0.268
5.196
5.804
2.072
0.936
0.428
1.688
0.824
3.26
1.888
0.784
10.964
3.18
0.236
0.756
0.824
0.216
0.212
0.18
1.24
0.184
1.556
2.756
11.116
1.9
0.404
4.296
1.984
1.352
1.28
3.916
0.384
0.872
1.332
1.212
0.12
1.28
3.016
1.588
0.64
0.364
2.62
0.272
0.18
10.08
0.2
0.56
6.988
0.176
0.232
0.48
0.316
2.512
1.768
0.612
1.708
0.14
1.748
1.792
2.216
0.388
0.516
2.456
2.336
1.512
2.568
2.088
4.408
0.592
0.808
4.344
3.392
3.16
0.796
6.96
0.588
1.032
1.396
2.044
5.372
2.0
2.052
2.356
5.408
4.208
2.368
1.612
0.74
2.6
1.168
6.54
2.028
0.776
0.964
1.764
2.22
1.688
2.796
2.676
0.104
4.132
0.48
2.148
0.448
0.292
1.124
4.716
4.444
0.444
0.66
7.012
4.036
0.256
8.168
0.34
0.156
0.296
2.212
3.792
4.212
1.624
3.988
1.86
1.368
9.4
1.272
0.72
0.632
3.844
5.256
3.828
1.976
1.808
0.352
0.16
0.32
1.804
3.008
5.492
5.48
2.176
1.14
5.568
2.736
0.656
1.48
0.172
0.552
1.196
0.128
1.112
1.42
0.448
1.632
2.164
0.152
0.116
0.252
2.408
1.288
1.012
0.688
0.976
1.104
0.216
1.308
1.644
0.104
0.948
0.244
0.14
0.308
3.196
0.576
1.404
0.936
0.376
0.284
0.176
5.104
4.5
0.776
1.584
0.34
0.112
8.664
4.16
1.136
3.432
2.904
0.108
1.156
0.104
1.084
2.156
7.04
0.476
1.456
4.864
6.84
1.8
7.992
1.756
2.42
6.608
1.872
0.844
6.2
1.512
0.7
1.032
2.908
0.72
4.376
1.3
2.18
4.78
0.644
5.008
6.18
0.308
0.208
0.536
0.444
1.716
0.56
2.876
2.512
1.344
3.5
0.468
6.844
4.124
2.536
0.7
7.676
6.756
4.18
0.732
1.068
1.384
1.684
2.532
3.452
0.532
0.2
0.864
3.588
0.156
2.54
2.64
0.14
0.472
0.7
0.848
1.04
0.84
3.48
0.256
0.588
3.404
9.376
0.22
1.024
6.676
1.052
7.032
6.424
4.516
0.944
10.544
2.472
1.74
2.884
4.512
6.524
0.172
0.176
1.524
1.192
0.932
1.92
1.48
5.812
1.188
0.172
2.06
3.524
1.032
4.048
0.88
0.316
0.676
2.196
6.664
1.448
2.268
0.408
2.504
5.872
3.756
1.024
6.436
0.424
4.316
1.072
2.944
10.156
0.888
0.168
1.704
0.244
5.5
0.428
2.208
9.092
7.572
0.896
0.736
2.98
1.68
4.712
1.544
1.036
0.644
0.788
5.84
0.38
1.544
1.24
2.196
1.856
0.732
2.676
9.636
2.828
2.872
1.384
0.304
0.868
2.584
2.592
0.58
0.54
0.94
2.024
0.528
0.712
2.436
0.108
1.14
2.88
1.272
1.628
2.028
0.892
0.272
5.96
3.292
1.472
1.056
2.548
0.9
0.404
2.488
3.508
2.204
4.344
1.404
10.008
4.164
3.908
0.132
0.576
3.376
2.764
6.376
0.964
2.464
0.856
4.124
1.784
2.1
0.204
3.02
1.124
1.092
0.42
5.532
0.772
2.0
0.484
0.476
0.352
8.844
5.428
1.244
0.68
1.316
4.936
1.348
1.12
0.912
0.704
0.56
2.132
3.768
6.096
4.684
1.576
3.06
2.896
0.692
2.912
0.156
0.296
0.232
0.484
0.428
0.484
0.18
1.228
1.02
0.708
0.404
8.812
4.548
0.232
2.856
3.676
1.68
7.108
0.904
3.396
1.86
1.108
0.3
9.212
0.544
2.844
0.192
0.116
0.296
4.868
4.648
1.512
0.748
2.392
0.228
4.2
0.268
9.432
2.088
0.244
1.676
1.908
2.28
3.916
1.236
3.344
1.292
1.168
4.484
2.728
3.444
8.08
1.684
3.844
1.776
1.932
0.66
0.584
0.148
0.624
4.132
4.896
0.244
0.576
0.392
2.768
0.144
2.408
0.228
0.94
3.4
1.3
0.436
8.924
4.592
2.128
0.64
6.748
1.736
0.168
0.224
3.18
0.176
2.296
4.28
0.432
1.252
4.98
1.1
3.204
0.78
3.564
1.884
0.248
1.168
0.184
3.936
4.588
0.616
0.364
2.996
1.412
0.648
0.248
0.32
1.176
1.388
2.832
0.344
1.592
1.324
1.936
0.384
3.744
0.772
0.744
3.376
0.676
1.84
2.536
1.864
2.212
1.152
0.132
0.724
0.856
1.56
0.272
9.24
10.352
0.888
1.064
2.3
8.612
1.892
0.216
0.74
0.752
0.616
8.756
0.444
1.156
0.908
0.652
1.42
2.336
1.324
1.848
0.896
0.504
3.628
3.2
2.46
0.332
0.64
1.976
3.228
0.956
0.244
2.992
1.468
4.484
0.58
5.356
5.112
0.884
0.788
2.836
0.724
2.26
0.476
0.22
7.48
4.496
0.576
1.568
2.04
1.16
1.472
0.936
2.984
4.724
10.452
3.192
0.132
0.34
5.456
1.472
1.54
7.284
3.264
5.1
4.644
0.356
0.816
2.468
1.236
1.444
0.792
0.184
0.488
5.196
3.124
1.552
0.484
0.64
6.16
0.208
0.78
1.66
0.552
0.676
0.188
6.42
1.772
3.996
0.876
0.144
0.376
7.756
2.388
8.132
1.328
3.924
1.924
2.764
1.392
1.508
2.756
0.924
0.136
4.5
2.96
6.904
0.388
1.1
0.504
0.408
1.124
2.216
0.276
5.36
7.44
9.544
3.884
4.836
0.104
1.948
7.048
1.86
10.612
4.52
0.668
1.28
0.468
1.064
10.384
0.892
6.008
0.184
1.528
0.456
0.164
0.956
2.624
6.172
0.648
2.42
0.884
0.124
0.304
4.5
3.016
1.572
1.896
1.304
0.308
3.284
0.288
2.032
0.872
1.028
6.424
1.768
0.764
3.132
5.664
0.224
1.26
10.444
0.448
0.152
0.656
4.096
0.148
0.188
0.444
2.156
0.608
3.084
1.14
3.136
0.436
9.404
3.804
2.704
0.34
0.952
2.812
0.82
1.252
7.156
3.292
1.636
7.004
0.56
3.476
4.912
0.508
1.864
3.176
0.728
2.708
0.388
0.148
0.38
2.56
5.436
1.544
0.42
3.116
1.296
2.768
4.604
9.432
1.5
1.884
0.288
0.448
0.172
0.864
0.928
0.708
0.604
3.728
0.116
7.048
1.228
1.884
1.36
5.556
8.388
0.2
0.744
1.568
5.496
1.272
0.244
0.552
0.34
0.22
0.108
0.988
0.576
3.284
1.852
0.148
0.932
5.824
1.452
2.3
7.74
2.244
1.772
4.348
2.936
3.192
0.992
1.072
6.84
0.388
0.596
0.3
0.224
0.832
2.332
0.648
0.392
7.08
0.888
1.152
1.424
0.996
1.112
0.912
1.04
0.816
0.252
3.492
0.156
1.388
2.1
0.22
0.768
5.312
1.576
0.248
0.344
3.292
0.116
1.42
0.376
0.476
0.864
0.48
0.344
0.684
0.212
0.528
0.756
2.556
1.632
3.8
0.888
0.104
2.22
0.224
1.972
2.512
1.872
1.872
2.472
4.224
3.4
3.452
1.36
0.516
4.232
2.484
3.1
1.808
0.9
1.94
2.004
0.916
3.28
1.664
4.708
2.18
0.668
5.624
0.852
0.392
4.912
4.848
0.312
1.944
5.752
1.848
4.44
2.324
1.004
1.616
0.948
0.348
0.56
0.74
0.148
1.864
0.956
0.144
5.232
1.88
7.68
7.82
8.188
1.164
0.904
2.288
2.232
0.42
0.276
1.6
2.256
0.48
0.24
7.64
0.288
0.792
0.184
0.808
4.784
0.64
0.732
0.732
0.78
0.192
0.292
1.032
1.344
0.316
6.928
6.136
0.752
0.128
0.432
0.672
0.736
3.512
0.224
0.916
1.232
2.272
4.928
2.288
0.672
2.452
9.184
1.66
0.928
0.804
6.092
2.032
5.176
0.988
0.904
0.84
0.192
0.34
1.84
2.016
0.336
4.024
0.716
1.58
1.088
2.052
5.984
8.196
0.104
0.66
0.24
3.9
0.252
1.172
1.388
0.18
1.112
0.856
1.54
3.136
5.856
0.212
3.024
1.904
2.184
3.148
3.6
4.036
6.804
0.348
1.496
3.068
2.944
0.496
0.64
1.472
2.764
1.204
1.784
2.9
7.628
0.112
0.164
0.404
0.712
1.22
0.148
0.104
2.68
5.32
7.652
1.632
3.52
0.328
3.772
0.82
4.668
0.896
0.44
1.556
3.28
0.992
1.376
2.668
0.144
5.872
1.684
3.364
3.816
1.532
1.488
9.888
6.696
0.204
0.596
0.324
6.876
9.728
3.064
2.864
0.672
1.036
2.196
0.432
3.172
0.768
1.064
3.496
1.288
1.172
0.584
5.02
1.352
2.204
6.368
0.812
1.644
1.424
3.564
2.288
0.62
0.268
0.164
0.336
5.908
1.028
2.976
0.384
4.38
3.088
0.876
5.336
0.528
2.088
2.5
0.404
0.888
0.32
0.812
0.236
0.484
0.868
0.408
8.976
6.388
2.712
1.036
0.888
1.808
2.404
0.284
0.18
1.644
0.712
0.308
0.836
2.376
0.808
0.116
0.512
1.244
1.152
2.224
1.72
4.4
0.112
0.304
1.14
10.916
0.5
1.984
1.024
10.828
0.104
0.724
0.812
0.428
0.456
1.412
3.968
0.324
0.244
0.416
1.0
0.4
1.712
0.388
0.66
5.956
2.312
2.412
7.688
3.364
4.456
1.236
0.536
0.764
2.188
1.28
1.316
8.732
0.56
1.552
2.6
2.864
4.184
1.7
2.564
2.276
0.836
1.564
1.82
1.196
2.1
7.668
0.436
1.8
2.812
2.192
1.152
0.912
0.296
2.688
3.448
2.084
6.516
4.904
1.82
2.932
0.196
0.452
2.052
2.468
3.048
1.476
1.172
4.808
1.712
0.5
0.192
0.864
0.448
2.2
0.428
4.672
1.6
0.84
2.724
2.712
4.336
2.012
2.576
2.268
2.2
0.116
0.344
0.84
1.0
3.016
0.188
1.176
0.104
1.472
2.572
0.648
0.492
0.74
1.364
0.6
3.188
2.236
0.22
1.74
1.84
3.876
0.956
0.58
0.66
0.608
6.52
0.152
0.756
1.968
1.068
2.496
2.104
1.696
0.108
1.324
0.972
4.796
9.548
2.024
3.048
1.792
2.924
9.088
1.912
1.12
0.728
1.756
1.2
2.7
3.984
5.104
0.912
2.668
0.236
7.96
0.752
0.416
6.14
3.224
3.796
7.136
0.164
0.712
7.752
3.032
3.0
6.816
1.02
5.24
0.672
1.272
0.376
0.996
0.848
0.228
3.08
0.684
1.208
2.252
8.692
1.648
0.9
0.348
4.364
1.016
0.82
0.72
2.596
8.832
2.38
3.052
0.38
0.24
0.392
0.736
2.852
1.684
2.0
0.236
0.396
8.02
5.772
5.568
1.788
0.1
1.828
1.404
8.292
0.944
1.492
0.124
0.644
0.424
10.072
4.228
1.868
1.34
0.108
2.424
1.184
2.256
0.108
0.128
3.732
1.068
2.048
1.616
2.484
2.596
2.068
0.904
1.84
0.392
4.028
1.324
0.816
0.9
1.68
4.536
6.356
0.264
0.336
1.744
4.716
5.916
3.988
1.156
0.18
0.528
1.18
10.056
1.616
1.904
1.796
0.168
4.72
3.556
2.944
0.708
1.06
0.196
1.104
0.492
1.328
6.124
0.448
1.824
1.924
0.312
4.224
0.648
0.444
0.98
0.732
4.288
0.288
8.48
1.624
0.332
2.64
0.912
0.904
2.116
6.62
0.44
2.524
0.628
3.916
0.284
1.008
3.016
0.988
4.832
0.16
2.776
0.292
2.696
1.748
0.908
0.24
0.264
4.04
6.712
3.364
1.224
0.22
1.98
9.376
5.152
1.444
5.584
0.696
0.544
4.356
1.728
1.416
0.104
1.912
4.012
0.892
2.088
5.716
0.464
0.892
3.032
1.048
9.924
7.152
1.72
0.988
1.68
1.024
4.432
0.824
1.124
0.46
0.664
1.5
3.156
6.064
2.148
4.572
3.004
2.936
1.076
2.212
1.044
1.4
3.556
1.224
2.316
5.148
5.004
1.172
0.904
10.212
2.572
1.14
4.008
6.672
6.5
1.904
2.088
1.084
1.6
2.0
0.96
0.724
0.208
1.7
0.508
0.332
4.008
0.216
0.892
3.172
0.52
0.436
2.208
0.128
0.996
1.04
0.892
3.448
7.26
0.504
0.548
4.9
2.004
0.228
2.144
0.324
0.544
2.66
0.4
0.832
1.292
3.752
1.216
1.364
0.548
0.16
1.528
2.568
2.248
1.016
0.132
1.012
7.592
0.932
0.756
3.26
0.352
1.1
0.792
0.672
3.588
0.304
0.744
0.708
1.508
0.232
0.204
5.716
10.168
0.096
4.028
1.732
5.54
0.38
2.716
0.66
1.22
0.72
3.792
0.28
2.0
1.692
1.044
0.576
2.22
8.956
2.12
2.072
2.044
1.036
0.768
1.088
0.696
4.512
1.992
1.616
1.284
0.228
2.564
4.316
1.736
1.02
2.468
0.7
1.024
2.468
0.792
0.636
6.424
1.168
0.136
1.96
3.636
3.808
3.3
0.6
1.488
2.108
0.188
0.388
0.264
1.076
1.704
6.972
2.796
1.916
1.628
2.688
7.228
4.164
0.788
1.824
0.684
0.288
3.544
0.456
1.572
0.992
0.156
1.216
0.872
3.788
0.596
0.876
0.308
3.88
4.008
3.568
0.284
3.056
9.564
1.516
0.988
0.572
1.696
1.548
2.944
1.044
0.88
1.268
0.48
4.636
4.66
6.94
3.056
0.124
0.612
0.656
1.984
0.352
1.688
1.788
1.736
2.192
2.608
0.772
2.536
3.664
0.556
2.608
1.628
2.148
0.116
0.48
9.324
0.884
5.608
1.804
2.892
0.72
0.564
0.748
0.332
0.696
0.688
0.896
0.66
0.676
0.972
0.86
4.124
0.528
8.6
0.12
0.38
1.484
1.64
1.652
2.708
1.572
6.732
0.576
2.176
1.72
6.372
5.968
0.688
2.496
2.008
1.328
1.364
0.3
2.808
2.032
0.536
0.304
0.464
1.192
2.208
1.488
0.268
0.424
1.384
1.86
0.392
3.38
2.124
3.064
0.9
3.904
2.136
0.188
1.244
0.168
0.484
4.404
0.604
2.816
1.42
0.244
0.648
2.824
3.744
1.644
1.596
4.412
0.172
1.88
2.936
0.884
0.528
4.032
8.212
0.572
0.608
0.528
3.04
0.628
2.484
8.56
0.744
1.588
5.828
1.336
0.588
0.7
3.424
9.248
1.584
0.108
0.368
7.624
5.512
0.744
1.764
9.992
0.512
4.252
1.184
1.772
1.948
3.412
1.508
6.532
1.464
2.284
0.268
2.072
0.256
1.204
1.88
1.848
3.316
0.144
4.52
2.832
0.824
0.96
3.384
3.004
10.688
1.8
1.992
2.908
1.108
7.684
1.42
0.78
2.696
1.016
6.552
5.404
1.312
0.796
1.232
3.424
0.684
0.768
1.624
1.268
0.576
3.976
3.928
4.888
3.816
2.556
2.98
1.212
0.644
0.344
5.636
0.928
2.308
5.268
1.8
5.532
8.712
0.948
0.308
5.708
0.188
0.92
1.864
0.596
0.684
2.404
0.968
2.008
1.032
0.124
2.908
0.884
2.544
9.796
2.348
0.204
2.228
1.264
0.336
0.988
2.744
1.868
0.484
3.68
1.504
9.696
2.208
1.74
0.504
0.384
1.052
6.812
2.5
6.308
0.436
0.28
1.256
0.112
3.552
0.152
7.372
2.936
1.176
1.212
1.612
2.852
2.62
0.456
1.896
0.864
0.24
0.864
0.624
1.176
1.08
0.16
1.52
3.228
0.608
10.2
2.212
8.372
5.692
0.772
4.472
0.34
0.544
1.316
2.584
0.952
2.744
0.58
3.26
1.232
3.66
0.188
3.572
0.212
0.26
0.492
3.324
1.524
0.704
2.036
0.928
0.436
0.868
6.28
1.584
2.376
2.104
1.124
0.248
1.156
8.688
8.296
1.648
3.708
1.476
1.408
5.344
1.172
2.948
5.432
1.24
1.928
0.388
0.944
3.608
2.164
1.968
3.816
1.952
0.16
5.556
4.764
0.272
1.584
0.236
1.488
2.164
5.516
3.44
1.12
0.208
2.456
2.776
2.208
1.188
0.488
1.656
2.316
0.18
0.408
0.832
0.628
0.888
2.232
1.48
5.516
7.988
1.916
0.14
0.204
1.012
2.932
0.28
0.832
1.984
0.536
0.692
2.476
0.124
0.42
9.776
0.104
1.884
2.116
2.008
2.004
0.936
1.212
4.708
0.38
4.192
8.948
1.604
2.324
0.744
0.42
2.328
1.084
6.384
1.068
7.172
8.828
1.764
1.576
0.528
1.632
2.116
4.724
0.576
8.372
0.548
2.496
0.224
2.616
8.308
0.892
1.34
1.564
2.228
0.368
0.864
2.108
0.92
6.016
5.816
1.284
3.32
0.488
0.392
0.556
1.1
0.276
2.912
0.456
0.332
0.388
9.124
10.856
2.024
6.724
2.436
0.508
4.3
5.32
0.356
2.824
0.556
2.676
1.388
0.54
0.224
0.376
4.096
0.208
4.616
3.896
3.108
0.892
4.44
0.952
1.436
3.48
0.752
5.772
0.304
1.236
0.196
1.736
1.312
1.264
1.048
0.376
0.136
0.148
1.38
4.208
2.3
1.16
0.988
0.592
3.016
0.252
1.328
5.028
4.904
0.96
1.056
1.38
2.924
0.528
3.448
1.572
2.292
0.612
3.272
0.552
1.164
1.832
0.86
1.1
1.6
1.98
2.02
5.988
0.748
10.644
0.54
0.512
2.828
3.192
5.0
2.308
1.72
6.84
7.34
1.884
6.884
0.3
3.22
0.516
0.168
1.396
6.0
1.576
0.52
3.368
1.896
1.06
0.196
0.408
0.348
0.832
0.976
0.356
1.86
2.432
0.952
1.66
1.74
0.484
1.368
1.592
0.976
0.48
4.208
6.468
2.12
2.208
3.184
10.42
2.396
9.568
2.184
1.936
2.528
0.8
1.364
0.16
0.384
3.06
1.744
0.152
7.984
0.624
2.236
0.764
0.752
7.4
1.264
4.18
1.036
0.32
1.48
2.38
1.148
0.772
5.812
2.772
1.024
2.036
0.792
4.88
8.492
1.464
0.132
1.228
6.56
6.272
0.156
0.692
2.496
0.456
0.584
2.936
1.556
2.412
2.532
0.612
1.612
0.536
0.512
2.596
0.888
1.4
2.084
3.42
1.568
5.956
5.344
9.48
1.392
0.384
0.608
0.144
2.036
1.072
0.856
2.708
0.328
0.692
1.26
7.144
1.732
0.16
10.88
2.344
0.224
0.096
1.316
1.164
7.16
0.9
0.7
1.16
3.764
0.464
0.212
0.832
0.608
2.376
2.04
0.912
1.648
7.388
10.524
0.892
2.832
0.872
3.004
1.032
4.884
0.336
0.184
0.608
3.456
1.012
0.632
1.248
0.492
1.708
2.028
3.748
0.616
5.712
3.22
0.7
2.008
1.976
0.3
1.456
0.484
2.504
1.22
1.208
6.008
0.572
0.176
6.632
2.12
5.308
5.264
2.212
4.672
1.1
4.344
4.156
1.06
2.968
1.748
0.864
0.132
1.564
1.1
0.86
1.34
3.356
1.408
0.176
1.296
1.14
4.136
1.248
0.56
1.208
0.928
1.52
2.86
3.532
0.148
0.412
2.04
0.888
2.116
2.36
2.352
1.38
7.876
0.68
2.444
2.96
6.724
0.784
4.016
8.688
1.068
0.384
1.4
0.228
0.204
3.712
0.444
0.9
7.764
9.676
1.432
6.0
0.16
0.148
0.336
8.716
0.672
2.664
0.416
5.116
0.628
8.568
4.864
1.016
7.988
1.832
4.408
2.644
0.252
0.176
0.744
0.74
0.416
3.064
2.004
0.376
2.204
6.112
4.84
1.084
0.828
1.4
3.84
3.984
1.756
1.42
0.76
0.128
2.452
1.532
8.848
0.276
1.212
0.756
3.96
1.364
1.408
0.176
4.404
0.32
2.308
1.232
5.004
2.388
1.06
0.38
0.188
0.128
0.452
2.76
0.412
1.512
2.316
6.496
5.332
1.976
5.256
0.916
0.82
0.344
4.868
4.256
0.292
6.424
1.168
0.48
4.872
1.156
0.724
1.176
2.692
3.444
0.168
0.284
9.172
10.912
0.984
1.536
0.512
2.912
3.7
1.168
0.832
0.196
0.472
2.46
2.76
0.22
2.58
2.676
0.176
1.096
0.572
2.004
0.984
2.736
1.492
6.124
1.244
3.732
5.152
0.704
0.228
3.332
0.452
1.332
1.836
0.392
1.76
0.628
1.996
0.72
2.092
0.104
2.152
5.62
1.44
0.42
4.444
5.736
1.056
5.38
5.156
2.588
1.204
0.692
5.508
1.184
7.792
1.524
1.528
2.316
3.396
0.5
8.66
0.404
0.34
1.076
2.028
0.256
7.632
6.816
0.948
1.152
0.396
0.384
0.228
1.756
0.148
0.18
0.128
0.556
3.452
1.432
0.916
1.612
0.772
4.012
5.036
0.968
0.672
3.34
3.924
0.648
0.48
0.46
0.808
1.956
0.576
2.036
7.116
10.888
1.524
2.796
3.04
0.34
0.644
8.648
3.608
2.224
1.84
0.932
2.372
0.556
1.864
0.5
0.14
0.496
0.604
1.496
2.928
1.648
1.728
3.652
0.452
1.916
1.66
0.34
0.948
5.252
2.4
0.508
3.036
0.236
3.672
1.988
3.796
0.404
0.932
3.268
0.684
3.24
1.212
2.684
0.42
1.14
0.18
0.412
0.152
0.888
9.396
0.724
1.84
7.188
2.408
1.492
4.82
1.932
6.756
1.484
1.064
5.7
0.688
5.216
4.488
2.42
4.672
0.764
1.04
3.676
0.528
6.112
0.732
3.052
0.472
0.712
3.06
2.828
0.976
10.892
0.168
1.336
0.2
0.92
0.936
5.2
0.764
10.588
0.276
0.364
0.524
5.096
0.348
0.22
0.256
2.1
2.792
0.92
0.252
1.88
3.936
0.56
2.752
0.816
2.908
0.5
1.948
1.224
0.644
2.804
1.032
0.472
0.388
10.416
0.616
0.16
0.632
1.204
0.132
2.996
2.568
1.692
0.296
1.584
3.576
1.024
9.356
0.832
3.284
0.444
1.736
3.692
1.516
2.172
4.72
0.332
2.636
0.392
0.1
1.36
1.756
0.348
2.58
0.216
1.556
0.664
0.3
6.268
1.44
2.18
0.56
0.136
1.576
0.792
2.656
0.316
0.156
1.244
3.384
2.156
0.528
2.728
0.92
1.176
4.36
1.324
5.86
4.164
0.812
0.444
0.196
5.04
4.868
0.292
1.716
0.356
0.428
5.532
0.492
0.168
0.304
1.9
0.832
0.996
3.944
0.252
0.604
3.08
2.444
5.22
2.348
0.548
6.696
2.988
3.4
2.296
2.536
0.292
0.248
5.04
0.224
0.444
2.0
0.872
5.504
5.656
0.976
3.576
1.196
0.112
0.292
3.408
0.224
1.116
2.156
0.72
2.276
4.464
6.852
3.572
2.728
5.152
1.216
0.676
1.312
0.792
0.272
1.796
1.076
0.36
1.968
1.208
0.392
1.216
6.784
3.36
0.9
0.464
0.16
2.016
7.34
0.484
4.232
2.848
2.72
0.58
1.864
0.664
0.648
8.116
0.24
0.732
3.74
0.404
3.524
5.128
2.0
0.228
0.948
1.704
3.264
1.596
0.336
0.204
0.684
2.02
0.244
0.116
0.872
0.816
0.108
0.312
2.852
9.656
4.588
4.608
4.2
4.308
0.584
1.964
1.676
2.512
1.312
0.244
3.176
4.704
3.328
1.608
2.36
0.944
0.324
5.548
4.812
0.84
2.484
0.32
4.032
0.816
1.328
1.564
1.152
5.152
2.396
2.108
2.144
6.944
1.86
2.088
0.88
1.108
0.12
1.88
0.168
2.624
4.832
1.048
1.308
3.944
1.928
3.58
2.26
1.644
1.76
2.708
4.912
1.056
2.916
1.016
1.94
0.98
0.624
0.484
0.452
0.4
4.78
2.272
1.444
5.724
2.196
1.3
1.148
2.748
1.212
1.06
3.712
1.072
4.56
2.396
0.416
4.364
0.724
1.116
0.652
0.332
2.112
3.98
4.1
4.424
0.764
5.276
1.304
5.132
0.328
4.48
0.256
0.348
6.992
3.332
5.456
6.532
1.328
1.12
4.548
5.624
0.624
0.136
0.268
3.092
0.68
5.94
3.288
1.276
0.548
4.092
2.088
0.18
0.512
0.244
3.136
0.596
1.728
1.2
0.772
0.976
4.164
3.512
0.828
1.752
1.204
0.484
1.076
0.328
10.648
0.192
0.736
2.412
0.744
0.408
2.456
0.464
9.736
5.572
2.584
1.08
0.7
0.624
0.116
1.168
1.628
0.288
1.196
1.18
1.008
2.672
0.556
1.296
0.888
2.548
5.276
1.932
1.924
1.3
2.256
2.82
4.336
0.892
3.608
0.632
0.316
0.1
0.716
2.788
1.956
0.736
1.536
1.008
0.272
0.716
2.496
8.316
5.596
2.016
0.984
1.492
5.648
1.192
3.792
3.304
3.168
1.8
0.94
1.736
0.112
2.944
1.924
3.208
3.68
9.576
3.252
2.596
1.304
0.604
2.712
5.96
5.024
0.148
0.892
7.872
5.44
2.624
0.292
3.56
6.932
2.536
0.732
2.74
0.148
1.12
2.784
0.352
0.576
5.588
0.216
4.376
5.912
0.5
0.964
0.4
1.416
0.812
0.58
4.264
1.14
1.82
0.16
1.552
2.076
0.996
1.8
0.604
2.296
0.8
0.968
0.7
2.728
9.556
6.108
1.62
3.068
0.94
0.664
2.232
1.66
3.004
9.62
9.288
0.508
1.344
1.464
0.464
0.804
0.756
0.344
0.956
0.12
0.776
0.7
0.648
3.464
0.784
1.596
0.688
6.296
8.092
5.764
2.2
3.372
3.236
3.308
10.68
1.112
4.892
6.476
2.988
0.12
4.54
3.532
1.532
1.772
1.2
1.444
5.868
0.808
0.224
2.48
3.268
0.228
1.816
1.188
0.692
0.252
0.352
1.14
5.812
2.04
2.012
0.72
4.444
3.572
3.308
0.2
2.284
3.52
0.3
1.628
0.32
0.988
1.272
2.204
1.332
6.264
2.156
1.848
1.968
2.596
0.572
1.032
3.82
1.32
2.476
1.556
0.94
1.356
2.764
0.98
2.18
2.3
1.044
0.792
0.7
1.04
5.472
0.34
0.316
0.32
0.648
0.216
2.076
1.996
1.616
1.024
4.112
0.12
11.052
10.832
3.964
6.756
0.46
3.888
4.936
5.128
4.756
1.388
4.832
1.508
0.472
1.24
2.14
0.876
1.276
2.532
2.396
0.364
1.54
0.856
0.892
2.608
1.316
3.428
1.184
1.092
0.124
1.468
2.376
0.468
0.348
0.116
1.608
1.456
0.356
0.82
1.16
1.54
2.28
0.548
0.484
3.988
1.82
0.36
2.004
0.252
2.428
2.688
4.46
0.324
0.712
1.048
0.724
0.408
0.812
3.204
1.796
1.272
1.388
1.736
1.516
0.528
0.2
0.24
0.804
4.228
4.144
0.864
2.88
10.08
0.128
0.18
7.308
0.872
0.212
1.192
1.824
1.604
1.052
3.54
4.256
3.06
1.316
1.296
0.128
0.636
2.076
2.332
1.696
1.212
10.924
3.064
1.956
0.336
1.356
7.496
3.668
1.772
1.496
0.588
1.052
0.172
1.028
0.604
0.772
3.332
1.156
1.172
6.46
1.592
0.724
0.844
0.492
2.488
4.676
0.376
2.428
6.528
0.904
2.192
0.228
2.472
2.336
1.236
0.584
4.112
9.252
0.288
1.592
0.236
3.4
1.944
1.776
0.228
0.348
2.016
5.892
7.26
1.816
0.324
0.54
3.604
1.124
1.448
9.612
9.052
0.228
1.3
1.428
1.256
0.448
4.652
0.972
0.2
3.684
1.724
4.232
3.584
6.724
1.004
2.156
8.868
0.6
3.472
6.964
0.924
2.808
2.952
0.308
3.708
2.4
9.436
0.116
0.196
0.348
0.284
1.832
5.228
0.276
1.972
0.884
8.964
0.824
4.28
2.472
1.9
1.86
1.792
0.868
1.62
1.052
2.98
0.968
7.168
3.816
4.036
1.224
1.448
0.572
3.612
4.624
9.188
1.6
1.812
0.212
2.976
0.152
1.968
0.712
3.064
1.264
0.404
0.288
4.868
1.124
3.188
0.228
1.18
6.716
0.764
2.612
1.028
1.628
6.272
3.348
2.14
0.112
5.58
1.604
1.716
0.888
0.168
1.192
2.088
2.44
0.74
2.14
0.804
0.244
1.772
1.456
2.436
0.412
0.66
0.804
0.88
0.12
4.372
0.96
0.104
0.78
0.396
1.756
0.688
1.168
0.944
3.2
0.24
0.396
2.408
1.324
2.936
5.912
1.108
0.272
0.46
0.236
1.036
2.42
0.112
0.404
7.928
1.108
1.344
0.804
3.152
0.64
5.004
0.616
1.984
0.832
3.48
1.928
2.344
0.216
2.444
2.34
0.184
0.204
0.42
0.284
0.248
2.64
2.784
0.12
2.916
1.192
0.388
6.36
0.484
6.932
0.8
1.144
1.236
2.372
3.392
1.98
8.288
0.224
0.408
1.088
2.48
3.888
1.172
0.696
2.916
0.396
0.104
4.044
3.208
0.332
3.0
0.484
0.508
2.108
0.828
0.936
0.148
10.788
0.828
0.788
3.6
0.204
9.78
0.844
3.068
4.156
0.312
0.848
0.632
1.628
3.748
0.776
1.352
3.804
8.52
2.58
0.328
1.86
0.188
1.22
2.62
2.912
0.496
1.812
4.064
0.656
8.732
3.108
1.796
4.056
0.616
0.464
0.452
0.58
0.352
2.044
0.248
3.212
0.54
1.588
0.448
0.412
1.128
0.112
1.3
2.176
2.044
3.932
4.36
2.36
1.332
3.216
1.156
0.856
0.272
1.712
5.848
0.468
0.568
3.052
1.144
5.292
0.204
4.304
0.928
0.624
2.252
0.664
6.672
0.212
0.468
8.276
5.964
0.192
1.848
4.88
1.16
5.288
0.928
0.888
4.86
1.744
2.092
1.052
3.972
3.74
1.492
6.596
0.244
4.892
0.364
1.164
5.804
2.092
1.152
1.152
4.272
3.532
4.436
4.796
5.576
0.228
9.608
0.716
0.488
1.292
0.344
4.164
4.66
5.196
2.912
1.74
0.152
0.964
0.3
2.336
0.24
4.776
1.588
2.6
0.856
0.384
0.636
0.168
0.6
0.752
0.948
1.66
0.964
6.748
3.304
0.612
0.628
1.3
2.4
0.576
3.252
9.924
0.208
1.756
0.328
0.28
1.228
5.536
1.776
5.724
1.536
1.9
7.392
1.316
2.256
2.148
0.452
1.48
1.84
2.516
0.26
0.512
2.852
6.268
0.292
1.212
0.216
5.072
0.568
5.772
1.336
0.384
6.036
0.68
1.52
2.156
2.94
1.52
0.56
0.428
0.104
6.924
1.656
2.272
8.352
4.568
0.224
0.572
10.12
0.136
0.708
4.004
2.484
0.636
1.452
1.976
1.632
8.692
5.84
1.428
1.588
0.7
1.968
4.572
5.372
3.248
2.14
2.884
0.764
0.42
3.94
1.912
0.212
0.492
3.248
0.848
3.408
0.316
0.164
3.736
4.46
0.868
6.8
0.196
0.304
7.648
1.28
2.116
2.364
1.284
0.976
0.8
7.444
9.892
5.996
0.236
0.476
0.12
1.224
7.16
0.336
1.128
0.656
10.444
2.272
3.788
1.724
3.224
0.744
0.352
4.896
0.236
0.548
0.268
2.62
0.192
2.188
0.736
3.708
1.48
2.2
2.072
8.528
1.652
1.9
0.38
0.8
0.372
2.612
0.38
2.16
2.116
4.472
0.768
0.404
1.432
1.276
10.42
2.144
4.208
4.58
2.504
0.336
0.72
2.108
5.188
1.452
0.948
4.108
2.48
1.336
0.98
5.892
0.32
3.772
1.528
0.784
1.996
2.128
0.444
2.192
1.96
1.888
1.696
1.092
0.892
1.588
2.056
2.356
1.924
4.664
1.344
10.084
1.032
2.728
3.392
1.916
1.244
1.244
2.264
0.284
1.612
1.092
0.252
2.316
1.984
0.172
1.508
0.376
0.968
1.288
2.604
5.224
3.132
0.22
0.604
2.66
3.824
0.628
3.212
6.292
0.7
0.308
1.32
2.136
2.712
3.944
0.484
9.868
1.664
3.064
1.02
0.172
0.144
1.624
1.304
2.456
5.28
0.508
0.176
4.364
1.236
0.416
1.36
0.476
6.848
0.108
1.996
1.416
0.884
0.624
3.548
2.252
2.276
2.484
1.784
0.512
4.128
1.64
2.308
0.84
0.524
4.772
0.108
0.452
0.3
2.652
0.548
0.904
3.924
0.856
0.736
1.396
0.372
3.844
0.788
1.5
0.672
0.896
0.632
1.44
2.684
2.064
0.18
1.416
10.432
1.76
0.792
1.932
6.444
6.14
5.072
2.552
0.788
1.572
3.076
0.108
10.212
1.936
3.468
2.684
0.288
1.5
3.132
0.564
9.876
4.092
0.744
0.116
1.936
1.48
0.66
4.268
0.296
7.004
2.228
0.476
1.352
1.012
3.376
5.244
5.328
0.996
5.784
3.388
0.24
2.964
4.12
4.312
0.376
1.996
2.548
1.468
5.536
2.4
2.304
0.392
0.184
1.264
1.484
2.48
1.996
11.064
2.764
0.344
0.488
0.64
0.4
1.112
6.056
0.68
0.108
1.012
1.332
0.368
0.796
1.128
0.52
0.508
0.832
0.152
0.144
0.136
4.452
2.212
0.788
0.188
1.14
0.568
0.204
0.84
1.196
7.06
0.268
0.328
1.152
0.376
0.3
4.052
0.436
2.536
0.212
2.936
0.136
2.42
1.048
2.156
0.888
2.656
0.164
1.052
0.484
3.136
2.328
0.892
0.584
0.204
5.524
7.724
0.512
0.1
8.256
0.7
3.012
1.588
3.392
0.704
4.884
1.724
9.488
1.004
4.028
8.876
0.192
0.996
1.268
6.664
2.04
0.328
1.404
3.708
4.328
0.208
3.16
0.148
1.648
5.084
0.676
1.724
9.5
0.708
1.06
2.896
4.096
3.648
0.104
8.016
1.236
1.512
3.508
0.2
3.8
0.384
0.98
5.104
6.024
0.34
0.648
0.688
1.384
1.432
1.06
0.572
2.644
0.252
4.408
0.136
1.372
0.488
0.788
2.344
6.288
0.136
0.464
0.392
1.216
10.6
0.096
0.84
1.848
2.488
0.12
0.28
2.012
1.16
9.008
0.432
5.264
2.356
1.66
1.68
0.924
1.784
2.332
2.084
2.76
1.324
1.848
0.652
0.824
0.784
1.328
0.368
2.204
1.352
0.856
0.52
3.54
0.232
10.892
1.072
0.564
3.28
0.912
2.544
0.156
0.716
2.352
0.452
0.896
0.832
0.332
4.064
5.712
3.176
0.94
5.0
1.396
0.68
0.512
2.296
1.688
2.516
0.492
0.9
2.972
1.792
4.156
1.42
0.956
4.816
6.716
3.992
0.352
0.316
2.14
8.236
6.288
1.764
1.176
5.352
1.376
1.596
2.676
0.876
4.992
0.536
0.716
1.8
0.724
8.432
0.936
0.988
0.928
0.924
3.912
0.668
1.364
1.052
4.196
2.436
0.512
0.208
1.276
6.376
1.984
1.012
0.34
5.48
5.536
2.288
9.224
4.404
0.192
0.9
5.184
0.52
0.124
2.176
1.384
0.216
1.796
4.756
2.032
1.752
0.18
4.668
0.476
0.944
8.408
0.604
2.308
3.008
1.548
0.216
3.932
2.396
5.264
0.968
0.336
5.356
2.06
0.296
0.476
0.304
9.016
0.464
2.06
0.196
1.12
4.84
2.52
0.912
4.468
4.676
1.132
6.04
3.288
3.9
0.436
1.064
1.288
2.544
2.872
2.168
1.596
1.408
3.444
3.1
1.908
1.26
3.276
1.616
0.488
0.952
1.08
3.244
1.276
3.484
1.32
1.584
0.544
0.728
0.536
0.44
7.708
0.8
1.132
0.264
0.892
6.532
0.492
5.196
0.964
1.764
0.82
3.056
0.312
1.724
0.244
2.008
1.284
0.396
0.396
1.516
0.812
0.284
0.964
2.776
2.564
0.776
2.576
7.14
3.052
0.648
2.288
1.792
0.924
0.776
3.184
0.724
10.74
0.904
6.784
3.544
3.284
4.932
1.532
0.24
1.18
3.692
2.744
0.408
1.428
1.052
0.576
0.216
0.744
4.38
0.876
0.38
1.884
1.376
9.676
0.156
1.776
0.624
0.776
6.296
1.356
1.204
1.472
0.184
4.9
0.14
0.416
4.428
3.492
0.508
2.452
0.744
0.712
0.848
1.652
0.468
2.404
2.416
5.476
3.808
3.636
9.6
0.212
5.796
2.2
1.628
0.36
0.54
0.452
11.06
1.888
2.672
0.184
0.84
4.876
1.104
1.008
0.296
1.2
4.716
2.176
0.44
2.172
1.168
2.768
0.132
4.144
0.308
0.548
0.688
2.996
0.464
4.328
1.968
4.256
9.016
1.236
0.476
3.176
0.684
8.344
2.916
2.188
0.936
1.908
1.584
0.464
1.492
0.496
3.152
1.14
1.804
3.48
5.636
1.3
0.816
0.572
1.644
0.816
1.952
5.268
0.272
4.268
2.224
3.424
0.308
11.0
0.724
0.1
1.784
0.924
1.536
7.02
0.78
0.76
4.028
2.676
2.956
6.576
1.552
1.1
1.552
4.212
0.156
0.8
2.848
2.44
2.316
0.304
0.552
1.5
0.556
0.336
2.04
2.484
0.188
5.628
2.552
1.788
0.964
2.224
1.092
8.024
0.236
0.148
0.216
3.632
0.112
0.604
1.124
0.372
5.46
0.112
3.824
0.348
9.668
1.468
8.152
3.276
1.86
1.632
3.6
0.12
0.888
6.92
2.472
1.028
1.872
1.244
3.112
1.272
10.108
1.212
7.524
0.412
0.78
6.64
1.36
1.568
7.244
0.988
0.832
0.752
1.192
0.948
1.68
0.264
2.968
0.876
2.236
2.348
1.736
0.236
0.744
0.112
2.568
0.544
2.696
0.636
0.828
8.884
0.244
0.56
0.176
6.448
0.272
3.94
0.64
0.16
1.448
0.164
1.304
1.448
5.36
8.444
5.884
0.904
2.204
8.536
0.252
0.672
8.556
1.076
2.12
0.272
0.356
1.5
0.312
0.272
2.3
2.864
0.496
1.008
1.98
1.016
1.408
0.736
0.536
0.728
2.98
0.652
0.156
0.572
1.516
7.772
0.168
4.764
1.624
2.028
0.16
0.276
1.5
0.528
3.164
0.152
1.0
5.616
0.12
1.944
0.26
2.352
8.368
2.064
2.72
2.06
1.088
0.576
2.832
0.168
0.728
4.388
0.92
10.512
4.604
4.6
3.18
2.056
4.208
0.124
0.308
2.116
1.212
0.856
0.34
2.436
8.044
3.564
0.808
1.852
0.204
1.828
2.528
1.732
3.364
0.912
1.132
4.748
3.996
4.104
1.18
10.3
0.72
1.284
1.78
3.732
2.604
0.224
0.292
1.756
6.036
0.184
2.176
1.176
2.464
2.928
7.32
3.516
1.824
0.336
1.16
0.72
1.556
2.5
4.9
2.424
2.016
1.448
3.62
0.368
1.172
2.612
1.552
1.776
6.372
3.404
1.704
0.524
4.836
3.2
6.072
1.312
0.332
1.116
0.664
1.372
2.2
9.412
0.392
2.256
7.292
3.428
5.364
6.536
1.008
4.232
3.156
0.316
0.304
1.312
10.348
7.368
0.604
1.244
1.824
1.464
1.212
4.572
2.616
3.16
1.316
1.34
4.0
0.328
1.36
1.972
1.748
0.112
2.08
1.428
3.072
5.748
1.076
1.544
0.312
1.32
7.952
3.468
3.22
4.216
4.824
0.16
2.836
0.476
0.832
1.344
1.292
0.2
0.264
8.516
0.82
0.6
1.024
4.076
8.32
1.696
0.532
2.304
2.92
3.108
0.196
1.204
2.992
1.236
3.364
3.016
0.2
2.412
0.152
0.588
1.144
3.496
2.472
0.696
1.868
0.188
0.48
2.168
0.488
6.716
1.684
2.212
0.784
0.252
4.116
2.42
2.4
0.632
0.54
0.656
3.436
0.536
4.172
1.152
1.76
0.408
3.156
4.352
1.692
2.78
0.384
3.58
1.224
1.724
2.724
3.644
1.024
6.904
1.432
1.52
1.484
0.708
1.548
4.028
2.5
1.06
7.616
2.244
0.216
0.468
3.016
3.092
1.748
2.164
4.388
0.424
1.712
0.448
6.376
2.948
4.388
2.932
10.82
3.04
9.068
0.56
5.764
2.596
5.504
9.472
1.044
0.48
0.94
0.668
1.86
5.568
8.364
0.696
7.256
1.964
0.452
5.6
1.548
5.324
1.028
5.704
9.528
2.784
3.88
0.424
4.212
1.012
2.172
3.264
0.62
0.384
2.98
0.78
0.648
0.152
1.508
0.248
0.116
9.576
0.268
0.808
0.924
2.032
4.448
0.104
1.132
0.172
1.384
0.304
0.7
6.36
5.2
1.62
0.532
0.512
9.544
0.384
0.516
1.1
3.204
1.612
1.028
0.86
4.06
3.916
4.612
0.524
6.652
5.804
0.38
0.928
0.568
8.844
0.164
10.432
8.096
0.212
2.164
1.352
1.86
2.58
1.412
8.42
2.092
0.768
0.244
9.172
1.58
0.228
1.196
3.256
2.46
1.18
6.0
7.4
3.204
0.824
1.228
0.348
0.436
2.204
2.812
3.904
3.236
0.184
0.144
5.312
3.464
4.5
1.82
2.252
3.708
0.464
2.22
0.736
0.32
0.272
1.924
4.016
2.02
4.704
1.436
0.664
0.44
0.56
6.216
1.184
2.196
1.7
2.044
3.1
7.172
0.564
0.72
0.42
2.112
0.836
1.376
2.224
0.152
4.536
2.948
1.084
1.312
1.808
1.552
0.2
0.476
1.276
2.108
3.192
0.132
4.852
2.856
0.14
5.308
10.708
2.632
3.056
2.608
0.464
3.296
1.516
4.832
0.444
0.352
0.104
0.632
1.048
2.724
0.448
0.98
0.504
0.852
7.104
4.196
0.568
1.2
0.816
3.684
3.436
2.232
1.372
2.088
3.04
1.088
0.628
4.98
1.144
2.716
0.748
5.312
0.62
2.004
0.228
7.196
1.552
2.276
2.912
2.176
1.972
1.624
2.396
4.796
0.38
0.836
5.324
1.58
2.444
1.492
0.288
6.084
0.952
1.124
0.704
1.54
2.804
0.284
0.74
0.34
3.312
0.668
1.728
1.056
0.588
1.276
1.7
3.392
1.096
0.668
0.204
5.328
1.272
4.124
3.952
5.076
2.456
7.656
0.824
2.72
3.26
0.748
2.148
1.396
0.376
1.764
1.992
2.684
1.392
2.932
0.808
0.724
4.076
0.376
0.204
0.452
0.592
0.564
0.264
0.856
1.92
0.964
3.672
6.664
2.516
0.744
0.44
0.496
1.064
0.348
0.392
2.744
0.208
3.056
0.58
9.632
3.424
3.708
2.956
1.96
1.772
3.772
1.332
3.18
0.136
1.596
1.652
4.736
4.58
1.152
1.584
0.204
0.464
5.74
0.192
0.496
2.224
0.98
4.972
5.912
0.78
0.196
0.544
1.164
5.788
2.992
0.264
3.96
0.24
5.96
1.2
1.392
0.42
0.268
2.052
2.032
0.968
6.512
0.236
2.12
3.26
3.328
0.376
2.032
0.664
1.048
4.516
0.704
3.852
4.644
1.4
0.684
5.184
0.748
2.988
0.152
5.112
0.748
3.72
3.088
4.796
0.812
7.164
4.332
1.852
2.744
2.312
0.288
1.488
0.96
2.42
0.88
0.448
0.144
0.776
1.092
1.784
3.108
6.056
1.22
2.204
8.772
2.904
1.184
0.988
1.128
1.044
0.612
3.588
2.636
0.256
1.216
3.484
5.344
2.124
2.472
0.24
2.616
0.244
0.92
2.88
2.052
4.652
0.432
3.704
1.172
0.476
0.268
3.64
3.348
2.044
9.656
1.976
1.252
2.58
0.42
2.412
0.648
3.412
2.012
6.988
1.812
1.608
0.872
0.54
6.488
1.708
6.472
1.152
8.464
0.876
3.784
0.84
4.316
7.452
0.464
4.336
1.58
0.244
1.488
2.032
2.264
2.232
2.672
4.196
8.016
2.716
1.372
0.228
1.076
0.34
0.592
7.792
0.232
0.92
1.312
1.728
4.312
0.344
1.36
2.912
3.952
2.636
6.956
4.716
0.66
10.712
2.056
1.796
2.988
0.284
3.94
0.492
2.836
8.896
1.244
1.044
2.9
0.536
3.272
3.592
1.996
5.452
4.452
1.028
0.428
6.14
0.672
1.188
5.356
6.204
0.16
6.212
0.756
0.124
1.076
2.872
0.264
4.196
1.224
2.156
1.084
10.04
1.676
0.444
3.584
6.708
3.66
0.268
6.064
1.112
0.384
0.932
0.556
2.368
2.356
2.304
0.564
0.404
1.656
4.992
0.4
0.608
9.624
0.556
6.456
2.48
5.884
0.716
0.144
5.436
0.128
3.78
0.824
0.264
4.384
5.084
0.476
0.34
1.736
7.344
1.944
0.528
0.524
1.476
1.524
1.232
3.556
3.008
0.328
1.816
3.104
2.332
2.696
3.08
0.992
1.208
0.552
1.0
1.112
1.56
1.88
4.556
0.356
1.148
2.092
0.368
0.876
4.316
2.792
3.864
5.82
0.196
6.216
0.796
0.976
2.064
0.836
9.7
2.52
3.14
6.868
2.364
4.26
0.696
8.58
1.22
1.116
0.396
3.572
3.472
1.392
3.472
1.448
1.132
0.492
3.408
0.804
3.5
1.196
0.408
0.196
1.884
0.444
2.76
7.272
3.944
5.156
1.448
1.356
3.58
0.208
1.348
1.616
0.232
2.792
0.14
1.468
0.388
1.976
2.076
3.124
1.156
0.216
1.532
0.872
5.828
3.576
1.136
0.848
0.828
4.676
0.552
2.232
3.2
1.568
0.136
2.584
3.716
2.312
0.3
0.252
9.4
2.992
1.3
2.348
2.48
5.336
4.556
8.272
0.72
3.272
2.552
0.676
2.264
3.716
10.172
0.388
4.76
2.58
11.016
1.508
0.416
4.544
1.056
3.96
1.432
2.368
0.528
0.624
1.752
0.284
1.832
3.708
4.124
0.12
0.14
1.776
1.412
1.488
0.2
1.0
1.356
3.872
2.148
2.404
3.244
1.368
0.768
1.024
0.344
1.064
0.432
0.412
1.0
7.844
6.248
2.704
1.696
0.18
0.124
0.44
0.48
1.956
6.936
0.12
2.568
2.204
0.808
3.044
0.52
3.396
0.916
3.608
8.792
1.932
1.848
1.788
0.864
1.772
0.84
0.46
3.38
1.512
0.804
4.364
5.568
0.98
0.852
1.816
4.06
1.232
4.1
1.78
6.188
1.24
2.676
0.264
1.532
0.684
5.788
0.76
3.136
0.496
1.276
2.332
0.26
0.872
0.86
1.66
1.612
1.812
3.748
3.3
1.528
0.424
0.132
1.504
9.124
1.824
4.644
0.356
1.524
0.436
2.156
4.116
1.596
0.488
9.228
7.392
1.756
0.704
1.332
2.636
0.164
7.432
2.848
0.988
0.608
0.316
9.404
3.012
0.164
2.344
2.484
0.3
6.66
3.736
0.356
0.656
1.368
4.804
4.124
1.792
10.476
0.372
5.08
0.352
0.948
9.64
6.164
1.284
0.972
5.24
3.396
1.42
8.844
3.188
0.524
3.244
1.22
3.7
5.608
4.08
1.144
1.024
0.168
10.808
2.1
5.604
0.248
1.024
4.344
0.2
1.076
1.568
2.06
1.888
0.36
1.812
5.344
5.008
1.556
1.224
10.06
0.26
3.748
0.416
0.156
0.388
0.316
4.664
0.188
1.476
4.004
1.376
0.42
0.124
0.264
1.596
1.804
3.192
1.976
8.536
0.228
0.428
1.452
2.604
0.596
1.044
2.012
1.212
3.276
1.304
0.208
1.6
0.172
2.048
0.948
2.124
3.5
1.292
1.776
3.84
1.924
0.224
2.732
0.616
5.564
7.552
1.104
4.176
0.62
0.336
2.988
2.852
3.556
5.336
0.384
0.312
4.3
0.32
2.124
2.48
0.7
1.0
0.104
0.368
1.172
2.188
1.896
3.228
0.26
2.944
0.14
0.248
0.248
0.168
1.716
0.156
0.288
2.556
0.36
0.472
1.448
2.432
0.928
7.152
1.16
0.628
1.884
0.444
1.74
0.104
1.108
0.104
0.508
2.008
1.748
1.108
5.528
2.7
0.3
1.94
2.244
1.42
1.276
1.768
3.548
2.116
7.648
7.388
0.416
4.86
3.212
0.712
1.528
1.472
1.296
1.908
0.552
0.192
4.668
3.736
5.708
0.12
0.184
4.716
1.924
0.416
1.864
2.796
1.192
4.208
0.124
5.14
1.832
0.588
2.604
1.132
1.204
0.652
0.312
1.568
1.404
1.696
0.956
1.28
1.092
0.136
0.604
0.52
0.828
0.176
3.404
1.532
2.736
0.416
0.34
0.48
2.932
0.64
1.652
1.08
5.028
0.496
5.564
0.916
4.144
0.932
0.512
0.888
2.724
1.624
1.476
1.064
4.096
0.308
2.6
0.488
0.904
5.652
2.108
1.336
1.844
0.556
0.52
0.788
5.044
9.636
2.32
9.096
1.504
8.4
1.808
1.28
1.004
0.412
0.68
0.86
4.452
0.348
1.04
1.488
0.32
0.336
0.976
1.224
2.2
0.688
2.196
0.532
1.948
1.156
3.472
1.168
0.248
7.368
4.468
3.0
0.992
3.656
5.152
1.036
1.224
2.744
3.22
1.26
1.232
1.0
0.272
1.48
1.936
0.208
5.86
1.164
1.968
0.46
2.084
0.26
1.94
1.86
10.624
1.08
0.636
3.552
2.532
2.108
2.88
0.224
1.272
1.148
1.344
1.3
0.124
0.216
0.184
4.3
3.54
5.172
0.136
0.108
1.676
0.384
4.984
0.584
2.052
3.468
0.184
1.44
0.804
0.36
2.08
2.236
2.764
0.176
2.612
3.8
2.48
5.564
1.552
0.276
1.084
4.076
2.692
1.336
0.216
0.596
5.988
1.864
0.352
1.808
1.78
0.104
2.116
0.564
0.764
4.572
2.468
1.14
0.392
1.64
4.376
7.564
2.78
2.324
1.108
2.988
0.32
0.36
2.488
0.416
3.896
0.128
0.916
1.544
3.024
5.048
1.52
10.4
0.572
2.036
1.548
1.516
0.696
0.8
0.344
3.336
1.344
6.648
1.288
1.356
1.316
3.936
1.972
0.16
0.1
3.064
0.696
5.564
0.276
0.336
0.224
1.46
0.984
0.704
0.936
5.284
0.184
0.804
1.284
0.312
0.532
0.156
2.608
0.628
6.256
0.428
4.784
2.692
3.604
1.1
1.596
2.088
1.784
0.868
0.472
0.768
0.256
3.492
1.576
0.34
1.464
0.488
0.7
2.156
4.38
2.896
0.416
0.256
1.152
6.736
2.78
7.556
3.504
2.58
0.388
1.892
0.164
1.544
2.12
0.384
2.676
0.352
0.172
2.444
3.012
0.796
2.312
0.628
0.744
1.34
0.672
1.248
5.636
1.92
0.396
0.976
1.488
1.66
0.98
0.152
0.764
5.716
1.004
0.368
0.272
3.408
6.516
2.584
1.924
0.704
0.564
0.824
1.6
4.724
0.364
0.196
1.572
2.448
2.948
6.804
1.08
0.348
2.456
1.18
3.308
8.068
0.936
2.124
0.096
0.152
0.68
0.364
2.26
0.564
3.964
5.668
7.72
1.048
4.308
7.148
1.828
0.776
5.476
1.7
1.288
0.944
4.588
5.236
3.74
1.656
0.148
1.196
2.14
1.744
0.62
0.832
6.364
0.308
2.284
0.444
0.332
0.18
2.888
3.468
1.204
0.164
1.128
1.648
1.636
2.44
2.256
1.472
5.336
0.328
2.344
4.32
5.66
6.592
0.328
1.112
0.204
4.12
0.144
6.372
0.624
0.1
1.804
4.688
0.54
1.332
5.984
2.756
2.132
1.328
1.796
0.376
3.62
0.132
0.392
1.256
0.848
0.556
1.456
3.72
1.632
2.516
0.48
0.908
3.068
2.188
1.932
3.468
1.632
6.884
1.708
3.4
1.18
0.652
6.38
2.996
7.364
0.204
4.124
3.512
1.972
7.032
3.6
7.132
0.932
0.588
0.568
0.884
2.456
0.976
0.636
0.3
2.74
10.844
2.48
0.104
0.2
1.18
5.272
4.492
0.832
1.952
1.416
0.316
1.176
0.488
2.188
9.092
4.356
1.58
0.7
0.568
0.212
1.108
0.34
0.896
0.532
1.992
0.828
1.164
2.844
0.24
1.088
0.256
4.132
2.088
0.236
0.68
0.276
3.02
1.936
0.224
2.044
3.02
2.116
1.468
0.812
1.032
2.6
0.6
1.124
2.764
0.112
2.46
2.136
4.584
0.552
0.68
4.928
2.188
3.408
7.0
4.236
0.184
2.432
7.768
0.112
1.104
1.372
0.172
0.784
1.656
0.608
3.812
1.08
1.588
0.608
1.452
0.404
4.94
2.836
2.592
0.444
4.948
1.808
8.4
0.168
1.46
0.984
2.208
0.944
0.124
0.868
8.452
0.112
0.248
1.28
2.32
4.832
1.356
1.656
0.432
0.52
0.252
2.708
3.224
4.688
1.66
3.664
1.016
1.616
6.08
0.752
0.756
1.168
0.724
2.8
2.764
0.488
8.36
0.516
0.508
1.26
1.66
0.584
2.848
0.724
0.98
0.284
3.44
0.768
0.392
0.62
2.344
0.396
2.396
0.264
1.676
2.248
0.728
2.472
3.3
0.348
0.604
0.264
0.592
0.7
0.536
2.5
0.22
2.768
3.46
0.4
1.38
0.364
5.504
0.148
1.86
4.972
1.328
0.92
5.524
1.088
0.924
0.776
0.46
2.22
5.14
2.732
0.136
1.584
0.528
6.352
0.968
1.648
1.788
0.228
2.508
7.044
3.628
0.816
0.396
2.768
8.844
2.328
0.608
0.368
6.22
1.568
2.8
5.96
0.252
0.56
2.912
0.2
1.0
1.464
0.18
4.656
0.588
0.312
0.636
1.18
3.032
0.108
0.712
4.556
0.232
0.808
1.216
0.328
2.256
4.492
3.936
1.684
4.364
0.176
1.972
1.456
3.348
11.024
3.368
2.664
3.384
2.588
0.916
3.22
1.448
0.584
0.752
0.472
9.748
1.824
5.588
0.344
2.868
5.444
0.528
0.596
0.68
6.224
0.396
0.468
6.944
1.94
2.416
0.636
10.4
3.732
2.724
0.96
3.616
1.888
1.176
1.212
0.76
0.276
3.26
0.34
1.032
1.196
1.452
0.856
1.772
1.124
1.208
6.836
2.964
3.912
5.464
10.468
1.112
0.32
1.408
0.824
4.2
1.608
0.708
0.292
0.344
1.148
8.996
7.196
0.912
2.628
0.524
1.82
2.352
1.564
1.224
4.284
1.5
1.708
1.784
2.18
0.8
0.264
0.904
0.736
1.008
0.612
1.996
0.396
3.824
7.176
0.136
0.468
0.992
0.356
1.264
0.188
4.452
0.828
0.112
0.176
0.276
7.48
1.172
2.164
0.948
0.224
1.488
0.16
2.152
1.976
1.516
0.332
1.54
0.856
2.652
4.048
0.624
0.712
5.48
0.692
0.136
0.752
0.104
0.916
4.324
2.048
1.148
8.824
5.188
9.852
7.88
0.336
1.444
0.176
0.68
4.32
0.912
0.208
6.632
6.408
6.676
0.508
1.024
2.744
0.412
5.204
1.904
0.756
3.836
3.296
1.236
0.584
0.716
4.436
0.776
5.228
1.948
1.952
3.044
2.46
5.58
0.74
2.46
2.564
1.656
0.836
7.848
0.204
1.712
5.06
0.38
1.44
1.24
1.524
0.924
3.968
0.148
0.184
1.844
1.42
4.312
0.52
1.064
0.564
4.336
2.528
5.676
1.24
4.732
0.456
2.124
2.572
2.244
0.848
0.456
0.96
3.496
2.692
1.904
0.22
0.4
1.64
1.928
0.328
2.216
1.912
0.556
1.364
0.112
1.724
1.54
0.932
0.924
0.232
2.356
1.132
6.62
0.804
2.6
2.172
0.916
3.26
0.228
1.176
4.68
3.928
8.388
0.468
5.248
1.3
0.912
1.256
3.484
0.94
4.052
0.492
2.184
1.984
0.384
5.62
0.416
3.712
10.264
3.784
4.892
2.304
2.34
7.756
0.26
0.484
1.604
2.348
2.748
0.816
2.876
0.684
0.848
8.44
10.568
4.512
0.98
1.256
1.12
0.612
8.048
1.86
6.84
1.776
4.884
3.152
1.0
6.284
1.364
1.376
2.376
1.92
7.468
6.192
3.28
2.288
1.176
0.808
1.188
2.588
2.108
2.088
0.284
0.336
1.116
0.168
2.816
0.936
2.54
2.272
1.972
0.616
0.604
10.46
4.44
0.704
0.816
2.872
7.188
0.908
1.012
2.988
0.196
1.576
2.48
0.98
1.36
0.868
0.576
1.06
0.104
0.232
2.524
0.244
3.4
1.676
0.576
8.868
0.128
0.84
5.588
4.8
1.716
0.528
1.192
1.32
2.892
2.064
0.804
1.136
0.228
0.944
0.944
1.152
0.772
3.568
3.8
1.048
0.32
1.212
1.76
2.204
0.96
0.72
4.328
9.892
0.484
0.476
0.904
1.572
3.124
0.496
0.388
0.28
1.848
2.164
2.796
1.228
2.404
1.9
0.108
0.396
0.48
0.372
0.216
1.02
1.096
1.056
0.948
4.092
0.828
1.592
0.632
4.908
5.964
0.24
1.824
1.9
1.716
0.652
4.196
0.796
2.108
1.708
1.2
0.168
0.28
2.012
0.632
1.876
0.34
1.08
0.116
0.836
3.34
2.048
1.82
4.14
0.176
1.204
1.744
0.376
1.16
0.584
4.22
1.6
2.408
4.184
1.78
0.16
0.588
1.292
4.608
0.688
5.6
3.948
1.116
0.764
2.256
4.996
3.12
1.804
2.372
0.468
0.712
2.304
2.62
5.332
1.636
2.636
3.06
1.664
1.176
0.784
0.64
0.36
2.98
5.116
0.584
0.252
1.54
3.388
0.196
0.172
0.492
3.06
1.42
0.184
2.628
1.792
2.112
3.588
0.572
10.572
3.972
1.112
4.712
7.392
0.108
0.136
1.024
7.912
0.408
0.468
5.32
7.932
2.612
0.98
0.564
1.972
4.2
0.136
0.688
0.36
0.464
0.184
1.14
0.548
1.476
2.08
0.352
1.244
4.848
7.672
0.96
4.416
4.964
1.008
7.88
5.756
0.208
0.48
10.412
1.876
0.352
1.592
0.348
1.012
0.8
3.864
0.612
4.676
0.5
6.844
0.628
2.128
2.68
0.276
0.916
3.504
0.276
0.332
1.644
1.512
0.652
1.628
1.368
0.588
0.168
1.176
1.356
7.372
4.868
0.192
1.52
1.944
1.252
1.028
0.164
1.82
1.024
0.152
2.048
1.3
0.616
0.468
0.624
3.628
1.2
1.488
2.9
0.98
4.9
2.444
3.04
1.22
0.472
2.852
2.024
4.388
0.112
5.18
1.24
2.728
3.5
0.544
3.488
1.948
0.24
1.324
1.296
3.292
1.292
0.496
0.116
5.504
0.76
2.168
5.004
4.528
10.2
1.252
0.888
8.7
2.636
0.84
1.168
0.548
0.52
0.456
3.18
0.324
0.1
0.288
2.156
1.208
0.928
2.232
1.516
2.804
7.336
2.032
1.512
6.804
0.7
0.144
2.296
2.732
1.168
0.484
1.808
4.144
3.056
2.676
0.616
1.92
2.52
0.188
2.588
10.38
0.872
1.736
7.7
2.1
0.836
1.732
0.144
0.62
1.884
0.892
1.56
0.184
0.348
0.196
7.764
2.276
0.312
1.328
0.112
0.392
0.436
1.548
8.144
2.38
2.348
7.86
2.404
2.576
2.52
5.364
1.704
1.132
0.516
2.136
5.972
5.82
0.22
0.86
1.208
10.104
0.772
2.436
1.88
0.528
4.332
2.62
0.312
4.564
1.7
3.952
3.304
1.68
4.34
2.168
2.192
2.48
9.828
3.712
1.636
1.328
1.232
0.976
10.872
1.596
0.652
0.716
1.356
1.896
1.436
0.256
0.868
2.4
3.296
3.384
2.688
2.72
1.788
2.224
0.16
0.312
1.46
1.272
2.008
1.124
0.752
9.556
1.376
9.024
3.256
6.74
1.776
2.216
1.1
6.476
5.728
9.54
0.252
0.168
2.632
7.124
1.392
0.188
0.652
6.832
5.852
2.38
0.276
4.552
2.284
0.712
9.512
3.132
0.688
2.336
1.852
6.268
1.396
0.34
1.04
1.228
3.044
6.404
0.732
7.752
2.24
0.656
2.868
3.28
0.104
0.876
0.756
4.092
4.544
0.408
6.312
1.208
1.892
0.952
1.46
2.808
0.296
6.868
2.316
0.604
5.02
3.968
1.336
0.224
2.828
10.932
4.708
9.176
3.664
2.38
1.748
0.18
2.08
3.208
1.756
1.868
5.968
2.248
9.244
1.088
1.96
4.128
1.048
3.404
0.956
5.224
0.676
0.556
1.156
1.024
1.464
1.876
0.5
0.184
5.404
0.252
1.808
0.208
0.372
1.216
0.368
2.072
1.028
1.792
0.32
2.536
1.26
1.384
3.6
3.556
0.86
0.156
0.332
1.032
1.988
0.14
1.268
0.3
4.088
0.412
9.52
0.588
0.476
3.448
1.368
1.192
0.868
4.82
0.46
5.616
0.112
7.512
0.412
1.764
0.216
3.144
4.576
0.252
1.136
1.516
1.7
6.512
1.076
1.28
0.396
0.22
3.068
4.012
1.332
0.976
2.676
1.484
0.516
1.816
2.5
2.24
0.224
5.048
6.012
1.256
1.736
1.576
0.552
1.204
0.328
2.028
1.204
0.1
8.776
0.188
2.504
7.472
5.412
2.66
1.768
1.356
1.892
0.936
3.204
1.124
1.244
2.136
2.928
0.188
1.792
2.884
1.16
2.98
0.14
2.024
0.588
0.744
0.196
4.676
3.48
0.184
1.132
3.392
0.584
0.388
4.332
3.988
0.916
6.296
5.88
0.136
3.356
0.444
1.288
7.768
0.428
5.612
0.652
0.852
5.58
0.964
0.2
1.46
0.32
2.176
0.932
0.648
0.56
7.304
3.008
1.024
1.54
0.108
1.252
3.052
5.264
0.256
0.144
2.752
0.42
0.244
5.84
0.476
0.4
4.344
2.98
1.896
3.26
3.124
2.588
0.992
1.904
1.604
0.404
1.064
1.256
7.1
0.62
3.568
1.448
0.888
9.108
2.904
0.948
2.392
1.82
5.392
2.092
0.456
0.8
9.596
0.636
3.82
1.36
2.48
1.144
1.396
0.22
4.744
1.056
4.232
7.804
0.1
1.856
2.836
0.232
0.588
1.064
0.372
4.0
10.464
0.576
2.228
0.1
4.496
2.496
7.22
2.844
2.168
5.252
1.408
0.872
3.544
1.596
1.772
2.0
0.188
1.884
0.764
2.264
2.588
0.244
0.12
0.208
4.812
2.156
3.356
1.18
0.612
2.292
3.188
0.292
1.776
0.148
0.516
5.012
2.4
0.848
1.324
0.412
0.468
3.196
1.544
2.224
2.708
1.152
3.208
2.908
0.236
4.216
0.168
0.764
2.64
1.368
0.512
0.284
2.332
0.78
6.516
3.552
9.612
3.532
0.224
5.22
0.364
1.104
0.856
0.292
2.328
0.476
1.744
0.256
1.928
1.776
7.72
0.764
0.224
1.66
3.884
0.292
1.912
0.66
2.5
0.856
0.28
8.144
2.3
2.268
0.9
1.184
0.116
9.68
0.368
3.232
0.96
0.144
0.884
1.016
0.88
4.476
0.776
0.52
1.844
0.208
1.02
8.54
3.668
1.336
4.288
1.812
1.504
0.892
1.996
0.644
0.788
3.58
0.712
1.9
4.708
0.528
1.016
3.572
3.012
3.552
0.336
0.144
0.376
0.192
0.7
0.3
1.892
5.584
0.872
7.044
0.276
2.66
1.088
1.828
0.26
4.956
1.628
0.288
1.824
2.116
2.884
0.24
0.408
0.148
2.952
5.492
1.052
5.792
3.7
5.104
1.724
2.776
1.204
0.94
1.104
6.96
1.248
8.264
3.792
0.36
0.356
6.692
0.904
4.532
5.704
0.988
0.312
0.84
0.36
1.832
7.336
1.692
0.936
1.208
0.36
0.976
2.952
5.536
0.5
0.656
1.268
2.076
0.156
0.604
1.492
0.776
1.72
0.192
2.852
1.344
4.568
0.94
0.592
3.964
7.72
1.02
0.12
0.344
6.456
3.196
0.928
4.3
0.2
2.252
0.132
0.276
0.96
1.352
5.34
3.26
0.636
2.988
1.648
2.816
0.232
1.224
0.74
1.1
0.272
0.184
0.14
2.068
1.308
0.832
5.424
2.584
2.604
0.34
0.812
2.348
1.98
2.42
2.212
3.84
0.304
0.152
0.568
0.948
5.636
4.124
1.376
6.428
0.476
0.14
0.176
0.616
5.792
1.948
0.232
0.204
1.608
0.264
2.776
0.176
2.16
2.476
1.14
0.38
0.556
9.768
0.488
0.88
1.268
3.928
0.672
0.796
0.804
3.612
1.42
0.212
0.672
1.112
0.312
2.636
4.192
2.32
5.628
1.012
2.996
6.312
0.44
2.464
1.98
5.848
0.968
0.356
0.496
1.168
0.292
1.212
3.584
0.704
1.376
2.776
9.728
1.56
0.244
0.476
0.788
0.492
2.128
1.88
1.432
2.584
1.536
3.696
5.584
4.132
2.592
0.976
0.492
0.74
0.204
2.98
1.46
0.176
9.412
0.572
0.62
0.332
4.596
0.532
10.004
2.208
0.276
0.824
1.144
8.44
7.504
1.696
0.144
0.68
1.292
5.296
0.324
2.46
2.872
0.732
3.624
3.456
0.364
0.544
0.88
2.344
1.304
3.248
0.584
1.796
4.98
0.404
1.888
1.052
1.348
2.328
1.696
0.416
1.188
1.912
4.7
3.08
4.544
0.26
1.4
1.556
0.968
0.872
0.78
0.688
0.388
1.044
2.536
4.492
0.312
2.156
0.6
0.532
1.96
1.756
0.736
0.188
0.492
2.936
5.7
1.16
1.46
1.344
1.32
7.892
1.224
1.468
0.856
0.204
10.348
1.264
1.076
0.628
0.1
1.668
1.012
1.132
2.168
3.816
0.716
2.932
0.468
0.948
10.76
0.236
0.488
0.92
1.16
5.02
4.1
0.188
2.176
10.636
1.168
0.172
1.348
0.204
4.716
0.692
1.88
0.276
1.6
2.124
1.94
0.436
0.92
1.016
4.16
0.472
2.552
1.68
0.832
1.964
0.672
0.984
1.736
0.176
1.412
0.14
1.044
1.556
2.104
2.864
1.372
0.7
1.792
1.96
1.012
1.336
4.58
0.448
2.404
1.112
1.28
6.576
4.272
3.672
7.252
1.416
5.276
0.548
1.252
0.344
1.012
1.8
0.36
0.78
1.444
1.928
1.48
0.716
3.848
0.516
6.108
2.028
0.764
0.608
0.416
10.1
3.512
6.18
0.484
0.284
2.136
1.672
1.62
0.28
5.076
0.464
9.052
2.068
0.86
0.372
1.364
4.568
4.676
5.148
4.964
2.204
2.06
1.48
1.32
0.24
4.084
0.48
1.12
3.82
3.48
3.84
0.456
2.788
7.228
1.008
0.768
0.264
0.112
1.624
0.608
0.184
0.756
2.56
1.612
6.556
11.08
4.94
1.892
1.792
4.636
0.796
6.384
1.892
0.304
1.116
0.952
0.768
8.168
9.888
4.512
1.596
0.584
0.532
0.744
4.36
0.688
1.112
5.724
1.4
0.544
0.792
0.408
0.736
0.568
0.496
2.476
2.296
1.856
1.948
2.416
10.052
0.252
1.312
4.828
5.776
2.388
2.1
1.488
5.92
3.856
2.86
0.444
10.668
1.516
0.236
4.172
4.624
1.896
0.652
0.46
1.228
0.452
2.652
0.772
1.232
0.296
1.572
0.724
0.368
0.612
2.636
1.32
0.792
0.284
0.264
1.168
2.128
3.784
1.452
1.524
2.996
4.768
2.164
0.36
9.132
0.896
6.256
1.656
4.172
0.352
1.276
0.224
1.78
6.072
9.54
2.568
0.424
0.216
3.06
1.676
3.484
4.772
1.336
0.748
0.372
0.228
1.528
1.276
0.152
3.596
1.628
2.096
0.94
4.06
0.352
3.732
4.056
2.464
0.46
0.32
0.128
0.712
1.328
1.068
8.224
2.88
1.528
9.952
4.084
1.928
0.408
3.952
4.26
1.12
3.656
0.312
0.352
2.212
0.168
1.572
0.804
0.412
9.136
2.644
0.88
0.344
0.716
1.608
0.572
0.708
1.504
2.156
0.132
0.628
2.076
1.516
1.236
0.868
0.732
0.344
0.3
0.904
3.712
1.436
0.196
2.264
0.256
0.744
2.676
1.34
0.372
0.224
3.272
3.856
2.388
6.7
0.176
0.168
0.132
0.736
0.332
5.856
1.448
0.36
4.356
1.696
0.248
1.876
7.32
0.296
1.152
3.208
0.792
0.216
2.576
3.568
1.024
0.292
2.072
1.096
1.888
1.02
1.396
0.7
5.756
2.784
3.728
1.86
0.82
3.552
2.096
0.476
1.276
3.664
2.408
4.536
9.68
2.8
0.24
0.664
3.172
3.112
0.648
8.968
1.564
1.592
3.4
0.608
4.948
1.9
0.708
3.292
3.232
0.816
1.34
3.324
1.396
0.564
6.624
0.132
2.976
7.58
7.412
3.716
1.116
2.704
0.492
3.104
0.176
1.272
4.7
1.396
2.92
0.108
0.46
10.38
0.932
0.3
0.292
5.256
0.476
1.42
0.248
3.756
2.7
2.036
2.412
1.364
0.892
1.96
0.176
0.444
0.116
2.944
0.208
3.096
0.52
1.232
4.076
0.836
2.768
1.264
0.128
0.928
9.348
6.94
1.344
9.496
1.0
0.428
10.256
0.284
4.156
2.26
3.592
0.252
6.22
0.848
0.36
6.036
5.416
2.52
0.488
0.184
0.212
1.54
0.9
8.364
1.376
0.288
0.932
0.188
0.108
0.888
3.712
1.864
1.796
3.128
0.66
5.02
0.744
4.952
2.748
0.204
0.48
2.288
0.952
3.472
0.744
7.196
0.28
4.204
4.344
0.552
0.248
1.468
9.712
3.812
5.044
1.124
1.968
3.124
0.524
1.292
2.176
5.652
0.344
1.472
0.428
0.46
1.38
3.208
5.764
0.448
1.632
5.188
0.14
1.536
0.58
0.116
0.628
5.496
4.636
0.436
0.968
0.46
1.308
4.688
8.196
0.356
10.136
1.34
2.052
2.22
0.388
1.084
1.768
4.128
1.22
0.332
7.74
2.396
0.216
2.428
2.32
1.688
2.568
0.864
0.776
1.964
1.988
0.152
5.644
1.272
3.268
0.844
4.456
0.644
4.428
0.124
2.896
4.42
2.54
3.084
0.428
0.38
2.688
1.08
1.8
1.416
1.472
2.132
3.564
0.884
1.836
5.136
6.888
1.936
1.552
8.028
1.32
2.508
0.7
0.58
2.492
5.452
6.436
0.268
1.22
1.068
1.92
4.904
1.596
4.432
4.644
0.912
0.332
0.408
2.2
0.228
2.496
0.488
0.156
2.304
3.744
0.316
0.944
3.564
5.844
9.544
1.876
2.172
1.308
1.144
1.404
2.052
0.868
0.348
5.064
2.076
1.056
0.72
0.388
0.796
0.412
2.368
1.136
1.156
2.132
2.576
4.98
0.344
7.588
9.04
1.192
3.892
1.024
6.2
8.488
5.68
0.188
0.328
1.908
0.452
4.636
8.324
2.82
0.584
1.068
3.368
0.24
1.444
0.364
6.876
3.48
1.272
5.036
1.384
3.188
8.12
3.096
1.588
2.84
4.888
1.24
0.192
4.108
5.904
1.916
0.52
0.896
0.108
0.764
1.42
3.296
5.752
6.036
0.164
0.4
6.396
0.432
0.336
3.348
0.608
0.244
4.008
6.2
1.436
1.404
3.04
3.0
1.444
1.5
1.076
4.092
0.332
3.344
0.232
0.464
3.332
4.324
1.436
2.132
0.428
10.136
0.16
1.392
3.176
2.512
0.32
3.012
0.608
2.276
0.372
1.112
2.008
4.052
0.476
0.364
3.716
1.116
1.672
1.856
0.364
0.808
0.668
4.148
0.116
6.824
1.076
3.812
1.816
1.364
2.136
1.852
10.552
0.696
0.592
0.992
0.272
1.244
10.46
2.288
6.96
1.664
5.976
4.452
1.144
3.428
3.72
4.88
0.86
4.964
1.364
1.104
0.908
0.688
1.088
0.368
0.172
0.528
4.348
10.992
2.312
0.796
1.676
1.924
7.476
1.704
3.696
3.756
6.364
2.072
7.04
0.604
4.752
3.468
1.388
2.272
0.94
7.224
5.656
5.164
0.212
3.064
0.256
1.324
0.416
3.32
2.444
1.212
1.812
1.084
1.292
0.2
0.892
1.26
1.388
3.74
4.0
0.824
0.164
2.384
4.364
0.416
1.212
0.604
0.152
3.12
1.008
1.408
0.74
3.976
1.644
8.18
1.848
1.804
0.8
7.664
0.1
0.648
3.712
5.588
0.716
3.724
6.412
0.716
0.352
0.684
1.972
0.728
2.284
2.232
9.544
3.364
3.268
6.076
0.844
4.62
4.664
1.22
0.416
0.332
2.12
2.876
0.148
0.604
2.92
1.788
0.824
0.432
3.336
4.204
3.688
0.752
4.548
4.148
3.64
1.3
2.764
2.272
0.444
3.936
5.664
3.74
10.152
0.724
1.916
0.336
0.512
1.68
0.868
0.952
0.468
6.572
0.38
2.076
2.216
2.848
0.824
0.28
0.688
6.208
6.608
1.588
1.6
0.836
9.792
0.808
7.252
4.636
9.564
2.264
0.78
10.244
2.832
0.144
5.2
1.6
2.048
3.828
0.604
1.2
2.392
0.432
0.196
0.896
1.74
3.256
0.72
0.312
0.588
1.16
0.656
7.364
2.692
4.368
4.136
1.6
0.648
0.272
1.04
1.768
2.46
0.392
0.228
9.068
1.788
5.712
0.692
0.928
2.016
2.124
1.656
2.676
3.504
2.444
0.396
0.728
5.392
4.872
0.292
8.896
6.84
0.54
0.236
6.78
0.412
3.1
5.316
0.436
1.704
0.244
4.984
2.532
2.748
1.704
1.256
0.2
0.408
5.112
0.3
1.864
3.912
0.7
1.996
1.276
0.172
4.948
1.252
0.644
1.244
1.4
0.724
1.852
0.488
1.92
8.704
0.856
0.24
0.78
0.82
1.868
0.292
1.284
0.972
0.952
1.58
1.476
2.156
7.308
3.472
2.468
4.376
1.304
2.992
3.032
0.828
0.508
0.908
0.828
2.256
0.192
1.424
4.06
3.752
1.084
9.792
2.416
0.716
0.94
2.324
0.144
0.928
5.128
0.808
0.592
10.704
1.956
1.34
1.168
1.236
6.616
2.672
1.484
2.528
1.888
0.252
5.312
0.768
0.312
1.308
1.328
0.488
1.248
0.476
0.184
8.392
1.16
3.352
2.08
1.816
0.54
4.04
1.036
8.02
0.212
3.884
2.264
0.492
0.608
3.94
0.752
1.664
0.808
2.768
3.108
0.328
1.436
1.436
1.232
1.932
0.744
0.372
6.868
3.148
8.628
0.252
9.836
2.352
0.808
0.348
7.72
0.332
1.332
3.384
1.832
4.36
6.34
0.5
2.256
0.892
1.672
4.164
5.452
2.308
2.024
1.392
0.168
4.284
0.128
4.94
0.292
1.944
1.364
3.376
1.412
5.7
2.64
2.416
1.364
0.676
1.892
1.212
0.308
1.42
2.972
7.672
0.924
2.612
5.56
5.58
0.204
1.828
0.2
2.872
0.204
3.228
1.58
4.304
1.372
5.88
1.072
0.948
0.688
0.384
10.356
1.328
0.88
3.416
1.848
1.744
0.448
1.884
0.184
4.716
0.528
1.572
1.088
10.564
0.684
7.952
1.772
0.112
2.9
7.656
0.504
4.624
1.916
3.956
1.748
0.328
1.244
1.004
1.112
1.472
1.884
4.196
1.82
3.076
1.804
0.204
1.62
0.184
0.796
1.112
2.384
4.352
2.052
2.632
1.012
1.804
0.376
10.24
1.492
1.552
0.532
0.632
0.644
2.892
4.036
1.96
1.648
0.632
0.256
5.336
2.78
5.272
0.272
2.248
0.204
2.884
10.056
0.968
5.036
0.796
3.052
0.272
0.152
0.776
1.172
2.704
0.328
0.344
6.52
1.636
6.312
7.66
0.444
9.588
0.4
0.228
0.288
0.26
0.932
2.456
1.696
1.552
1.24
1.492
1.196
0.68
1.324
0.152
0.124
0.24
0.432
8.472
0.84
5.612
0.828
0.784
3.768
4.156
0.504
1.16
6.656
0.32
0.5
5.356
0.224
1.468
2.196
0.58
1.06
0.556
2.94
5.536
2.9
1.3
0.28
0.124
3.008
0.184
0.42
2.732
0.164
0.208
3.328
0.708
0.46
1.38
7.0
0.452
1.86
0.828
0.38
1.756
4.848
3.564
6.128
3.576
0.424
2.968
7.796
0.58
1.06
1.368
3.004
2.16
6.4
1.04
2.616
5.948
1.9
0.312
2.36
0.464
0.688
0.212
1.024
0.2
0.108
2.256
1.188
0.968
0.704
6.284
5.828
0.632
2.248
2.34
2.948
3.628
4.88
1.328
0.524
0.572
0.204
1.22
0.892
10.896
0.968
1.112
0.52
0.904
2.372
3.236
0.84
1.956
6.7
4.568
1.56
0.256
0.676
0.276
0.148
2.272
5.504
2.4
2.732
0.148
0.824
1.124
2.94
0.476
2.2
5.42
0.48
0.16
0.996
0.496
1.764
4.208
0.608
5.96
1.232
0.14
2.788
3.72
0.66
1.144
6.808
1.432
0.6
0.552
4.008
1.348
0.228
2.116
0.932
1.204
0.956
0.688
3.304
9.16
0.404
1.576
1.188
1.36
1.216
3.672
3.54
2.428
1.116
1.108
1.004
2.432
1.604
0.412
0.784
0.404
0.904
3.968
2.276
1.208
0.672
0.744
9.644
3.36
0.996
0.2
1.264
4.068
2.28
1.472
0.52
1.644
2.568
0.648
3.12
5.044
3.436
0.42
1.188
1.104
2.4
0.948
2.196
4.18
0.504
4.668
1.636
3.096
7.836
6.564
4.476
3.304
0.568
0.512
0.356
1.316
2.052
1.004
1.256
0.64
3.084
0.928
1.4
0.36
0.68
0.152
0.656
0.316
2.932
2.352
0.712
0.18
7.208
0.284
0.632
2.636
0.9
0.272
0.764
2.772
1.444
0.288
0.1
0.468
0.12
0.776
4.924
1.14
0.492
2.62
0.324
1.704
0.392
2.808
0.932
0.264
1.788
0.328
4.224
0.144
1.204
0.62
2.856
2.96
0.596
1.408
0.812
0.384
0.92
0.176
1.416
5.596
0.2
0.128
5.548
0.272
0.86
0.272
2.016
3.436
6.1
0.132
0.256
0.172
4.836
0.348
0.388
0.592
0.82
0.204
0.468
1.516
0.34
0.108
9.828
4.248
0.788
0.16
1.24
1.236
0.22
2.132
2.232
2.644
1.684
0.236
0.184
5.112
0.368
0.352
2.148
1.62
0.656
3.492
0.208
0.22
1.12
1.068
2.34
3.416
0.108
1.28
0.16
0.504
0.164
0.392
2.016
2.42
0.944
1.396
0.72
0.36
0.732
10.872
1.32
1.904
10.252
0.468
0.856
4.7
3.488
1.748
6.412
1.52
2.324
3.0
7.184
3.072
1.464
0.868
9.536
1.96
8.008
4.572
0.504
2.032
0.3
8.068
1.06
4.08
3.02
0.804
2.496
0.144
4.332
1.288
0.308
4.012
0.656
1.032
2.492
0.176
0.24
0.204
0.332
0.332
3.384
1.544
2.308
0.232
0.444
1.708
0.964
0.808
10.592
5.064
1.832
0.752
1.98
6.164
2.376
1.28
3.16
0.136
0.444
3.72
4.456
8.288
3.932
2.756
8.708
2.276
0.692
0.924
2.328
4.6
2.36
8.384
3.004
2.652
0.64
5.144
1.56
3.928
1.532
0.572
2.752
9.252
5.504
0.524
0.904
2.508
0.392
2.016
0.12
1.152
0.42
0.588
0.208
0.312
2.66
2.804
1.12
2.2
2.82
1.76
0.2
1.712
0.152
3.224
2.344
0.944
1.768
0.364
0.324
0.94
2.392
5.252
0.948
0.352
0.972
0.916
0.528
0.232
0.168
0.552
0.156
0.152
0.3
0.76
1.192
2.44
1.54
1.08
0.392
0.792
3.972
4.188
1.08
4.96
3.18
1.156
1.036
1.86
3.656
0.568
3.748
1.888
7.628
0.824
0.904
0.228
0.892
2.488
2.26
3.724
6.444
0.664
0.968
2.6
1.376
1.728
2.368
2.78
4.308
0.4
1.44
3.696
0.168
1.936
3.54
2.036
0.884
1.16
1.896
2.356
0.14
0.908
6.468
3.088
1.032
0.34
1.68
0.236
1.464
1.944
2.448
3.764
3.152
0.112
3.016
1.576
2.216
2.192
0.556
6.824
5.128
0.14
1.156
1.332
0.46
0.36
0.8
0.204
1.032
2.568
0.616
0.144
3.464
2.392
1.736
0.284
4.44
1.56
0.7
0.372
0.932
1.936
1.272
1.456
3.552
3.28
1.688
0.76
0.292
0.268
0.592
4.62
1.424
0.992
0.312
0.82
9.276
0.224
2.224
7.42
7.456
1.488
3.116
1.068
2.648
6.268
3.528
0.108
0.544
3.408
1.58
2.108
6.52
5.356
2.608
6.824
0.292
4.016
6.164
0.412
0.4
5.24
0.884
0.548
2.98
5.504
5.428
5.564
2.428
0.188
2.02
0.284
0.828
1.436
0.62
0.452
3.352
0.772
0.476
0.944
0.576
5.34
1.756
0.972
1.156
0.704
0.424
1.34
4.708
3.8
0.732
6.016
0.576
0.336
0.164
1.492
1.072
4.252
2.368
4.16
3.016
0.58
1.28
2.196
5.12
1.316
2.016
1.224
0.324
1.304
0.796
1.836
1.468
0.232
1.776
5.852
0.904
2.24
2.036
4.552
0.716
0.14
1.696
0.804
1.22
2.18
0.536
0.744
8.84
0.696
2.52
1.668
0.508
0.208
1.54
2.184
3.4
2.612
0.812
0.492
4.024
0.356
0.276
0.224
0.892
4.636
3.064
1.452
6.584
1.172
1.376
2.604
1.688
6.476
0.512
0.348
0.42
0.152
2.552
5.516
1.024
4.092
2.076
0.248
0.16
0.628
0.512
0.276
1.936
0.74
9.648
3.604
2.308
0.296
0.224
3.488
2.708
1.396
0.444
1.732
2.284
5.08
0.276
0.4
1.62
5.464
2.088
0.496
0.6
0.976
0.236
0.152
9.52
0.844
0.404
1.836
2.172
0.572
1.228
0.652
3.8
0.656
5.92
1.428
10.096
2.992
0.444
1.16
0.216
2.168
0.392
0.688
5.668
0.272
0.488
0.628
0.116
2.54
1.512
0.192
2.988
3.236
2.056
7.136
0.876
0.516
10.32
0.536
0.436
6.216
4.688
2.404
0.832
4.012
0.732
2.132
0.972
4.688
4.288
2.748
1.356
0.272
1.828
5.812
1.736
1.344
0.28
0.376
2.0
1.64
0.264
2.3
2.456
0.272
0.512
2.936
3.26
0.364
1.32
7.44
1.888
1.928
0.204
1.468
3.076
3.868
3.636
0.668
2.252
0.688
0.836
0.224
9.108
7.304
1.7
1.2
0.816
0.336
2.188
3.428
0.204
0.716
0.756
1.076
0.184
0.1
1.28
0.712
1.932
2.7
0.468
2.02
0.144
0.232
2.7
3.9
2.416
2.596
1.544
0.156
1.512
5.924
1.488
4.596
1.836
1.752
10.552
4.28
0.488
2.952
0.872
0.14
0.196
1.8
1.568
0.908
0.368
1.584
2.26
0.132
0.312
2.5
0.124
0.556
0.236
1.288
2.216
0.628
1.936
3.08
4.08
0.888
1.992
3.008
0.728
0.224
1.116
1.42
1.404
0.192
0.38
3.004
0.96
4.956
8.804
0.44
2.14
1.944
4.708
0.548
0.728
1.172
3.144
5.1
1.22
0.604
0.34
0.636
1.644
2.388
0.368
1.856
7.964
0.344
0.2
1.184
0.124
0.404
0.56
2.416
1.22
1.572
0.14
2.08
0.608
1.376
6.232
0.708
8.024
6.476
1.8
4.18
7.928
0.244
1.22
2.54
0.252
8.82
0.948
6.472
0.308
7.876
1.128
4.856
1.572
1.832
2.164
0.432
3.104
1.696
0.532
0.224
6.96
6.988
3.384
0.168
3.232
1.128
9.092
2.58
0.34
4.2
0.456
2.528
7.22
2.668
3.436
0.828
0.456
0.112
1.82
0.9
0.1
0.284
2.116
1.132
0.396
1.108
0.62
1.436
0.568
0.832
0.276
0.536
0.3
6.416
4.104
1.464
1.32
0.324
0.424
1.364
0.268
0.512
0.116
2.712
0.836
4.78
0.684
0.564
2.312
0.344
0.328
1.832
0.704
3.704
2.108
0.872
2.964
0.368
1.844
4.984
3.024
4.216
3.196
0.092
1.484
3.336
9.176
3.076
1.732
2.108
0.136
0.796
0.892
5.472
3.712
2.9
0.544
0.148
1.024
10.644
0.212
1.768
0.368
0.644
3.408
0.132
0.192
4.432
0.568
0.98
1.032
2.86
0.676
6.508
0.304
8.572
1.708
1.532
0.696
0.336
1.932
0.552
2.1
3.34
4.144
1.772
0.396
2.36
1.276
1.68
1.612
0.492
4.26
0.784
0.12
2.884
1.536
8.552
1.408
0.556
1.416
2.716
3.428
0.364
5.232
7.148
0.808
0.872
0.712
0.104
0.456
0.616
0.868
0.972
8.328
2.22
0.964
0.168
3.132
3.148
4.108
0.46
0.104
0.2
7.932
8.076
5.504
0.7
7.312
0.812
1.032
0.632
1.304
0.844
1.556
4.248
2.912
0.36
5.26
1.48
1.648
6.932
1.452
4.268
0.112
0.644
8.6
1.836
2.86
0.5
1.488
0.672
1.836
7.604
0.772
2.152
1.004
0.452
2.436
1.18
3.564
1.816
1.852
4.72
0.968
0.472
0.544
4.988
1.544
2.744
2.928
0.252
0.64
0.8
0.932
6.548
0.252
0.54
7.684
0.828
1.636
0.592
0.132
2.26
0.128
0.352
1.664
2.492
0.928
0.796
0.776
8.236
1.316
1.488
6.364
3.216
3.22
1.024
0.472
8.952
0.816
6.728
3.484
0.14
1.172
5.712
1.784
0.276
0.944
1.06
1.088
1.988
0.556
0.104
0.252
2.388
6.712
6.54
1.664
4.18
2.284
1.88
0.192
1.008
0.9
2.588
0.204
1.248
4.036
2.388
1.812
0.132
0.172
0.244
2.912
1.7
0.4
0.344
0.748
0.228
0.924
0.456
1.94
0.204
3.068
5.728
0.24
0.876
0.36
3.404
3.684
1.8
0.904
1.296
0.78
0.756
2.384
8.388
4.156
1.54
0.512
1.0
3.32
10.172
0.144
7.74
1.248
0.776
2.172
2.532
6.092
0.176
2.54
1.088
0.896
1.204
1.516
0.716
0.236
2.524
0.244
0.484
4.644
0.948
3.584
0.952
0.376
2.36
0.24
3.076
0.188
1.928
3.328
0.684
4.348
2.824
0.9
0.32
0.224
0.828
1.204
0.396
1.216
0.164
1.38
0.14
0.916
1.616
10.68
6.544
0.98
7.584
1.132
9.616
2.84
3.328
0.36
1.952
0.38
0.572
0.172
4.492
0.304
3.824
0.96
4.736
1.036
0.38
2.468
3.82
0.44
0.544
0.176
1.432
1.284
0.988
0.924
1.016
2.56
0.472
0.956
1.864
0.768
1.136
0.46
1.556
2.752
0.9
6.132
4.508
0.688
0.168
5.468
0.972
4.608
0.16
0.28
5.096
4.064
0.836
2.988
0.188
0.868
5.016
2.192
3.328
3.86
3.596
5.876
2.116
0.144
3.5
2.052
0.68
4.392
0.488
0.76
1.692
0.596
0.164
2.32
0.832
2.132
3.488
5.148
3.024
0.86
0.648
1.628
1.836
1.236
0.968
2.188
1.984
2.62
1.82
3.496
1.416
1.012
0.404
0.2
0.86
0.128
0.248
3.928
0.724
4.0
2.852
0.284
0.888
1.488
9.108
0.244
3.432
0.74
2.36
2.568
1.58
1.244
1.36
0.236
0.26
3.372
0.74
0.72
0.244
1.82
4.784
0.368
0.28
2.32
0.808
1.244
0.52
0.836
0.288
1.284
2.14
3.728
4.388
0.144
0.548
0.712
0.248
3.088
0.22
3.152
0.44
0.144
2.096
1.796
0.136
3.764
4.78
0.728
4.376
1.744
3.836
2.772
0.168
1.012
1.16
2.084
1.756
0.844
0.76
0.812
0.388
0.624
2.16
0.256
5.2
1.268
1.584
0.312
0.556
0.844
0.3
3.912
4.532
0.504
0.42
4.844
0.78
2.172
4.056
0.36
3.64
0.436
0.108
4.036
1.096
1.996
0.584
1.652
2.708
1.06
1.332
0.328
2.1
0.684
2.484
2.448
6.996
0.588
4.536
1.384
0.38
0.428
5.144
2.1
3.332
1.884
2.196
11.116
0.676
0.192
3.984
0.688
2.364
2.76
0.876
2.324
2.404
6.16
5.048
1.076
0.516
2.204
0.356
1.56
1.98
1.144
1.016
0.544
0.22
1.292
4.732
1.356
1.576
0.136
0.476
6.756
1.328
1.02
0.92
1.156
4.808
1.072
5.06
0.172
2.672
3.256
10.224
5.02
2.292
1.068
0.764
4.08
3.168
0.696
0.62
9.38
2.944
0.284
0.728
3.692
4.628
4.472
0.772
4.732
0.828
6.288
3.3
0.828
3.844
3.1
1.108
0.824
2.416
2.032
0.208
0.744
0.372
0.388
2.196
9.416
0.436
1.092
0.212
0.788
0.128
1.116
3.16
1.528
1.848
0.752
10.488
1.104
3.392
0.44
0.748
3.596
2.384
5.26
1.24
3.168
0.52
0.312
3.824
0.488
2.388
2.908
0.524
1.108
0.84
1.588
1.488
5.132
0.232
0.848
2.444
1.068
0.192
0.188
2.98
0.216
0.464
9.808
0.872
0.856
4.5
3.54
1.376
2.376
0.88
2.812
4.736
0.236
0.132
4.0
6.836
5.296
0.336
1.28
1.56
0.336
8.38
3.124
1.8
0.624
9.536
0.34
9.864
2.812
0.876
0.38
11.096
0.496
0.112
0.276
1.488
1.848
2.28
1.004
2.144
4.012
1.344
1.296
0.612
2.916
0.332
1.552
3.98
0.16
3.096
2.892
2.624
0.12
0.576
0.952
0.752
4.488
1.2
1.544
3.836
7.628
0.692
0.836
0.448
1.548
1.012
1.564
1.644
4.528
3.828
0.364
10.172
0.112
0.736
0.108
9.564
0.248
0.168
1.78
0.636
0.976
1.188
1.18
0.564
2.908
4.16
1.348
1.192
0.172
0.184
1.652
0.496
0.764
0.16
0.232
1.744
4.156
1.312
2.224
0.284
0.544
2.964
0.996
1.98
3.804
0.804
11.06
0.208
0.548
0.116
2.124
0.32
0.34
1.696
0.46
2.628
0.648
1.36
0.456
2.916
3.384
3.236
1.356
0.524
3.14
0.112
1.064
2.044
0.872
1.916
2.704
0.992
2.512
1.112
1.712
8.06
4.644
2.028
0.684
1.28
0.628
1.156
2.336
0.504
1.164
1.38
2.224
2.844
0.796
0.148
0.588
0.292
2.3
1.696
1.0
0.104
1.58
2.188
0.94
10.512
1.54
0.24
4.764
0.288
1.344
1.964
3.668
3.816
3.592
0.536
3.864
1.264
2.152
3.16
0.224
2.06
2.616
1.404
0.856
4.196
0.632
0.52
1.656
8.192
0.252
0.716
2.844
0.632
0.292
4.716
1.264
3.444
0.384
0.196
0.36
9.436
0.188
1.724
7.232
0.78
1.136
0.4
1.296
2.24
2.408
0.88
2.88
0.18
0.58
4.3
1.46
3.24
0.968
3.332
2.052
2.988
6.004
3.172
0.356
5.644
2.356
0.352
0.464
1.912
0.144
2.1
3.46
3.528
3.384
0.592
2.608
1.46
2.924
1.712
1.54
2.896
0.216
0.648
4.532
0.484
1.108
2.46
0.384
1.572
2.508
1.784
1.464
0.616
1.18
1.352
8.664
1.4
10.888
0.856
0.368
0.676
2.324
0.344
0.136
0.636
4.344
3.14
0.54
0.304
1.328
3.424
4.452
1.828
9.964
2.332
1.144
1.468
0.244
3.416
2.176
0.384
0.376
6.912
1.416
2.38
1.26
1.376
0.404
3.88
0.112
0.164
2.316
0.92
0.556
3.776
0.488
0.52
5.036
2.164
1.792
1.672
0.2
9.556
1.368
1.284
0.62
0.708
0.184
0.812
5.556
0.36
0.86
0.64
3.252
0.748
0.2
0.328
6.388
1.344
0.748
2.892
0.256
8.012
0.44
0.648
2.588
0.164
0.708
1.752
0.388
0.312
1.22
1.372
0.66
0.328
0.664
0.516
0.948
0.372
0.196
3.292
1.212
0.98
2.388
6.508
0.504
3.292
4.392
1.508
1.508
3.548
0.656
4.82
1.232
0.296
1.26
3.156
1.88
3.32
1.776
1.732
0.28
2.78
3.044
1.476
2.352
0.66
3.104
0.196
1.392
5.284
1.688
2.908
2.116
8.216
1.324
1.312
3.556
8.852
0.7
6.436
1.36
1.752
0.88
2.192
0.568
0.24
2.588
0.12
0.196
3.492
4.972
3.612
0.22
0.66
0.316
4.364
3.888
1.288
1.496
0.168
1.756
0.928
0.748
0.724
3.26
0.74
1.78
8.296
1.216
1.316
0.812
0.664
0.736
8.852
8.2
1.3
4.204
0.776
2.644
1.98
1.484
1.696
0.988
3.396
1.828
1.208
6.952
1.26
3.764
8.256
1.108
0.544
0.572
0.468
2.232
0.572
1.84
0.308
6.284
2.868
3.168
1.808
2.016
1.76
1.036
0.988
1.04
7.132
0.42
5.28
3.392
2.104
0.456
2.92
2.22
2.984
0.928
3.976
2.928
0.492
3.924
8.404
3.244
5.432
2.488
2.516
2.368
0.292
1.624
3.052
0.228
0.428
1.156
0.2
0.24
1.964
6.892
2.352
0.168
0.892
3.412
2.772
1.624
9.724
3.616
0.272
0.272
0.288
1.044
1.768
0.868
0.188
2.232
4.604
5.76
0.2
1.212
0.22
5.936
2.324
0.28
0.3
0.66
1.16
1.828
3.28
0.22
0.936
0.728
0.628
1.092
4.448
2.524
0.2
0.564
3.072
2.34
2.5
3.064
1.048
3.568
5.636
2.628
0.952
0.18
2.032
0.412
1.752
0.12
7.68
0.12
0.832
4.884
0.812
2.04
0.128
1.02
0.456
3.212
1.292
4.256
3.064
0.492
8.568
0.892
0.132
0.252
1.376
1.36
0.316
4.064
0.296
4.364
6.464
1.696
0.172
3.524
0.828
4.256
2.58
6.788
0.732
6.424
1.088
1.484
1.92
1.6
5.94
0.22
1.684
3.16
2.688
1.74
0.388
0.748
0.26
0.504
1.732
3.74
1.18
0.996
6.588
6.288
4.776
2.592
1.836
0.584
3.22
0.444
6.232
2.04
0.82
0.332
0.468
7.688
3.364
0.376
0.652
0.376
1.516
4.288
2.78
2.144
1.316
0.152
0.592
0.176
5.292
1.016
2.172
0.852
2.192
1.016
0.612
0.492
3.424
1.188
0.288
0.196
1.344
8.512
1.192
0.808
2.312
1.94
0.74
0.796
1.376
0.908
1.092
0.46
5.28
4.38
0.22
0.276
1.384
5.244
1.432
0.884
4.452
1.516
1.972
0.528
1.908
2.344
1.188
0.28
3.496
1.196
1.54
0.604
1.056
2.816
4.344
0.288
1.52
0.152
3.364
8.34
4.568
0.936
5.708
0.244
2.48
1.456
0.512
0.408
0.596
1.592
1.408
3.776
1.324
1.172
2.764
1.148
1.088
2.508
1.196
1.04
0.224
3.048
1.68
0.276
6.256
0.868
0.136
1.292
3.808
0.24
3.14
0.416
0.448
0.436
2.168
1.944
0.624
0.328
1.292
1.436
3.696
3.5
3.716
7.324
4.628
3.764
3.564
6.008
0.592
1.056
0.136
2.448
3.384
0.272
1.352
0.904
3.928
0.46
0.172
4.456
3.304
1.736
0.436
2.688
0.556
0.652
1.792
6.32
1.38
0.672
7.28
0.8
2.976
0.464
1.712
2.984
0.46
2.848
3.068
0.448
4.636
6.436
1.564
1.496
0.796
2.768
1.78
2.012
0.684
0.492
3.084
5.424
2.004
5.78
0.476
1.192
0.34
0.432
0.888
4.796
0.76
0.248
1.384
0.168
1.808
3.044
0.388
0.148
3.184
0.168
1.072
6.668
1.768
2.82
2.84
0.248
3.42
10.24
0.86
1.98
4.752
2.772
3.036
6.944
2.108
0.656
1.036
0.68
1.636
2.0
5.348
3.168
7.512
0.644
1.256
1.96
1.028
1.096
9.832
6.652
2.996
0.672
1.684
0.136
5.696
0.696
6.372
7.464
0.328
1.016
7.652
2.616
0.224
2.108
2.632
0.288
0.244
4.744
0.224
0.796
5.848
1.584
6.876
1.768
0.096
0.132
6.856
1.072
1.66
0.812
0.136
10.792
1.776
3.244
0.1
1.488
4.46
3.1
4.108
0.924
3.412
0.636
2.364
0.616
3.04
0.164
8.2
2.444
0.196
5.6
5.376
0.28
1.064
0.656
2.128
2.196
0.444
0.196
4.352
4.148
0.236
2.372
2.952
1.528
0.248
0.12
9.184
0.4
2.16
0.228
5.308
0.34
0.884
0.484
0.256
4.228
3.8
2.012
1.672
0.296
1.784
1.16
0.596
4.224
0.888
3.012
0.592
1.016
1.432
0.98
2.032
3.036
0.732
1.008
0.54
1.404
1.68
1.688
0.32
2.496
4.148
2.732
1.2
3.5
3.108
1.572
5.072
1.42
0.308
0.4
0.316
0.608
6.092
1.512
4.728
0.492
1.32
2.576
2.724
0.316
0.632
0.368
0.164
2.576
0.864
0.788
0.488
3.44
2.3
0.608
0.176
2.1
4.036
0.62
0.856
3.436
2.336
1.044
0.192
0.496
7.028
2.064
0.32
3.232
0.328
6.468
3.852
1.032
7.536
1.032
1.972
0.384
3.316
5.54
0.328
0.408
0.848
10.712
2.02
0.792
3.928
1.32
2.736
1.18
2.244
0.472
0.216
1.976
1.196
1.12
1.592
0.892
2.864
6.616
1.28
2.076
1.072
2.46
3.216
5.028
3.1
1.984
5.192
2.936
5.08
4.844
3.012
0.748
0.78
1.764
2.588
1.212
2.464
2.108
1.808
0.1
0.42
0.908
0.212
2.296
0.696
4.072
2.704
2.044
0.576
0.448
2.716
6.76
1.908
0.34
0.124
1.464
0.564
7.608
4.188
5.576
0.968
2.264
0.856
3.4
1.58
5.3
1.68
5.12
0.208
3.504
1.416
0.692
1.068
8.608
4.48
6.924
4.78
4.084
9.2
6.152
0.24
0.172
2.164
2.548
1.104
0.2
2.228
5.06
6.428
2.416
2.124
5.068
6.7
0.796
1.06
2.084
1.684
3.036
0.892
10.94
0.404
0.584
1.432
2.336
9.056
2.764
1.244
0.108
0.392
1.332
4.308
0.168
1.3
7.408
1.212
1.424
0.192
2.864
3.716
3.04
0.964
0.16
6.132
2.62
0.204
3.9
2.164
2.652
0.436
8.552
1.052
1.444
6.84
2.912
0.984
4.204
0.38
5.6
0.36
0.776
1.16
0.468
3.052
0.52
0.34
0.848
7.888
1.768
2.984
7.1
2.7
1.216
2.664
3.484
0.404
0.844
1.02
0.84
0.196
0.88
1.42
3.612
3.408
2.008
0.676
0.8
3.028
2.244
5.3
2.472
2.512
10.152
0.908
1.068
3.132
0.944
0.276
0.128
0.584
1.04
2.612
0.372
7.572
0.112
0.508
2.404
2.34
0.284
9.6
11.06
1.376
0.136
0.508
1.016
0.944
1.62
0.316
0.128
6.592
1.272
0.864
1.508
0.628
0.368
2.12
2.012
0.164
4.032
1.64
0.292
0.108
0.48
0.372
8.828
2.972
1.836
1.0
5.492
4.512
2.112
0.556
1.456
2.356
0.468
0.568
2.244
1.352
0.168
1.176
0.192
5.92
1.336
0.532
1.984
8.516
1.716
3.744
6.412
0.86
1.024
2.076
1.336
0.32
5.32
3.64
2.616
5.796
2.436
4.024
4.188
2.0
0.116
0.12
0.408
0.192
1.608
1.36
2.672
2.14
0.436
5.12
0.384
4.756
2.196
0.144
0.652
5.948
0.384
1.412
0.832
0.972
0.268
0.864
10.008
1.372
6.82
2.004
3.276
5.524
3.812
0.532
1.036
0.456
1.064
1.78
2.944
0.452
3.896
2.836
0.236
3.792
10.252
1.624
4.836
0.208
0.108
2.412
0.456
0.1
4.012
0.356
5.38
10.268
0.84
2.456
1.6
3.236
1.344
0.12
2.604
2.984
1.156
0.668
0.2
0.968
5.216
3.852
5.7
0.656
2.244
0.256
3.468
0.528
1.004
8.972
2.432
2.188
1.464
0.78
0.228
0.344
5.348
1.48
1.892
1.04
1.62
2.224
3.304
0.256
0.58
9.084
1.988
0.852
0.136
6.964
3.696
1.248
4.628
8.648
2.396
2.904
3.692
0.464
1.048
3.344
0.328
0.144
7.584
1.016
0.368
0.796
5.3
2.284
4.256
1.04
0.476
0.196
0.76
2.184
0.716
0.78
1.888
3.564
0.564
3.74
0.368
1.088
0.872
0.444
0.212
4.34
7.34
2.092
0.672
3.488
0.648
4.436
8.488
3.352
0.828
1.492
0.128
0.716
0.268
6.836
2.368
5.052
1.912
2.336
0.128
8.74
0.28
0.608
1.124
4.688
0.564
0.512
2.588
0.948
0.156
0.188
2.98
0.38
0.792
5.544
0.112
1.436
3.524
0.908
0.876
1.012
0.196
0.336
0.76
1.484
1.448
1.68
2.676
0.476
7.112
0.204
1.04
3.864
0.124
1.952
1.944
1.408
0.204
7.688
3.156
2.896
0.424
0.192
0.368
2.792
0.144
1.336
1.928
1.488
0.18
3.048
0.624
0.38
0.2
1.632
6.316
0.508
0.944
1.42
0.184
0.58
4.504
0.432
1.492
0.472
2.476
1.3
5.032
0.5
0.196
3.26
7.692
8.916
1.332
0.196
2.664
0.544
4.268
1.956
7.132
1.428
2.516
0.592
3.0
7.172
1.836
1.948
6.052
0.608
3.968
2.48
8.752
2.608
0.46
0.352
0.468
1.044
4.332
1.912
0.196
1.968
0.864
0.488
4.82
1.456
0.172
0.544
0.708
1.888
1.828
0.604
1.232
0.732
0.188
5.988
2.936
2.056
6.064
6.392
1.3
0.136
1.616
0.268
4.14
1.98
6.336
1.212
0.548
1.88
0.464
0.684
1.932
0.496
0.272
0.168
1.676
0.176
0.476
0.46
0.4
3.428
1.22
0.38
3.58
8.012
0.212
0.268
1.64
0.176
0.26
1.256
1.056
1.708
0.704
1.204
9.012
6.144
5.848
2.02
1.308
4.824
0.212
0.332
0.452
3.992
0.3
3.272
0.98
0.796
0.404
2.6
0.896
1.224
0.116
1.256
0.5
2.144
5.08
1.548
4.764
8.9
6.288
0.616
7.544
5.776
2.28
1.188
1.748
0.644
9.148
4.268
1.176
5.14
0.852
3.272
6.252
9.984
9.272
1.264
0.952
0.14
0.204
1.796
1.836
0.184
11.048
0.448
4.988
0.324
0.156
0.152
0.944
1.352
1.94
3.768
0.72
1.044
2.944
2.712
3.144
0.936
2.856
0.444
5.036
0.592
8.016
4.256
0.536
1.62
0.452
5.436
3.116
0.856
1.028
2.776
3.3
0.34
0.232
1.676
3.328
3.188
0.32
1.296
1.868
1.08
0.752
2.216
1.28
1.128
2.596
2.06
4.268
2.18
2.804
0.14
1.372
0.316
1.108
3.22
1.176
6.312
1.884
6.568
1.072
2.252
0.82
0.636
1.668
0.22
4.152
0.216
6.536
1.228
0.712
1.968
0.684
0.412
0.136
0.192
0.168
1.168
6.964
6.38
0.228
3.868
1.608
1.228
0.556
0.732
7.4
0.348
1.388
1.032
2.168
3.056
2.504
4.004
0.584
9.088
0.864
1.248
0.156
1.26
0.144
1.276
0.656
1.152
0.124
1.112
0.128
0.572
0.676
9.304
0.62
0.484
0.108
8.788
4.248
0.816
3.116
0.152
0.568
10.608
0.408
0.124
3.648
2.9
0.9
0.904
1.684
0.308
4.692
0.436
1.272
2.9
1.232
1.444
0.468
6.824
5.356
2.532
2.524
0.788
2.272
0.576
0.292
0.628
3.392
3.232
2.916
0.604
10.02
0.696
2.148
2.232
0.596
1.608
0.576
1.976
0.372
0.72
2.18
0.216
0.544
0.184
1.824
0.812
0.376
1.036
1.168
0.684
2.1
0.128
2.852
8.556
1.156
2.34
2.296
2.176
1.684
3.064
0.148
5.92
0.3
1.552
0.208
3.02
0.564
0.804
10.628
0.456
1.32
1.58
1.672
3.732
0.168
1.432
0.356
0.1
2.936
3.42
2.364
6.588
2.104
0.104
0.676
5.264
1.52
0.232
2.148
0.728
0.372
0.768
2.556
1.96
2.052
0.172
7.968
0.256
0.524
3.032
8.18
0.72
3.264
1.484
0.624
3.408
3.672
2.756
3.972
0.372
10.532
0.384
0.212
1.172
0.416
0.368
0.616
0.156
4.884
1.392
0.892
2.816
2.004
2.384
8.884
1.888
1.432
0.808
1.976
0.848
4.036
0.836
0.608
0.568
3.064
1.26
0.684
1.516
4.892
0.268
0.608
7.432
0.776
1.3
6.388
2.844
2.2
0.196
3.696
4.616
0.348
0.132
1.572
6.008
0.636
2.404
2.472
1.432
7.78
2.3
0.948
3.28
1.384
0.44
4.168
2.512
0.212
0.556
2.368
0.288
1.256
3.084
8.012
3.44
4.86
0.42
3.848
3.012
1.096
2.172
1.156
0.372
1.212
0.84
1.516
0.584
0.764
1.484
7.536
1.236
6.14
6.292
2.348
8.264
0.588
2.224
0.116
3.124
1.608
5.504
1.896
0.476
0.844
0.308
0.12
0.228
1.152
0.312
2.096
1.68
3.504
0.208
5.08
4.392
1.22
0.94
1.964
3.032
1.396
1.152
0.16
1.996
0.12
0.38
10.048
0.584
2.808
0.596
0.592
0.42
1.148
1.732
5.616
0.436
1.84
0.84
9.252
2.744
6.26
1.68
0.856
2.312
0.688
1.428
7.452
0.148
0.632
3.208
0.252
2.768
0.54
0.504
1.036
2.668
2.128
1.772
1.496
1.704
2.676
2.2
3.176
0.844
5.192
0.52
0.52
0.812
4.396
6.692
2.08
0.656
1.016
0.544
1.664
2.452
3.18
0.928
4.884
3.044
0.532
1.112
1.096
1.048
4.152
0.684
1.356
3.524
2.52
0.22
0.372
0.488
6.288
3.236
5.692
4.66
2.66
5.988
2.444
1.272
9.444
5.592
1.384
0.576
1.116
1.008
3.964
0.2
5.872
0.212
1.588
1.816
3.208
0.208
1.66
0.34
0.132
0.316
4.516
8.504
3.292
3.324
0.132
3.336
2.312
1.164
2.276
3.172
4.484
6.496
2.312
1.476
0.304
1.076
0.716
1.284
5.312
0.328
0.504
0.66
0.976
0.332
1.032
4.976
8.68
5.56
7.64
2.052
1.992
1.94
4.852
0.248
2.708
0.724
1.748
0.696
1.896
0.66
1.124
4.84
0.284
1.496
1.384
5.06
3.996
0.148
4.332
5.808
2.048
0.484
1.42
5.148
0.54
0.336
0.576
1.492
0.132
8.052
0.176
2.492
0.32
0.456
0.324
1.28
1.772
2.728
2.776
0.624
0.396
7.452
1.564
0.828
2.864
4.732
3.924
2.08
1.748
0.984
2.244
1.62
2.764
4.144
5.06
0.9
0.664
0.528
0.308
5.276
0.348
1.056
1.788
2.088
6.956
0.296
5.292
4.316
3.04
1.784
0.496
0.152
1.608
0.28
1.1
1.736
4.328
3.208
4.172
0.272
3.968
0.584
0.66
10.928
0.52
2.136
1.452
2.008
4.092
1.952
1.428
0.104
2.336
8.964
0.292
1.356
8.876
11.012
2.316
3.48
0.416
10.516
4.512
0.16
2.196
0.984
2.648
0.62
4.68
0.608
5.436
1.096
1.904
1.12
0.364
8.48
1.78
0.316
10.232
1.432
0.856
2.868
0.26
2.084
0.984
0.136
1.216
2.104
2.444
1.12
2.012
0.124
1.452
10.292
1.16
0.34
0.208
1.444
0.372
1.196
0.288
0.668
0.592
1.484
1.068
2.648
1.684
0.636
0.58
0.94
2.768
1.996
2.556
2.172
1.268
3.312
4.516
1.272
3.404
0.836
4.188
9.5
0.328
1.036
1.924
2.2
2.012
0.82
0.304
3.996
0.644
4.916
0.128
0.416
5.232
0.132
0.616
5.932
3.052
1.4
1.264
2.804
0.12
2.04
0.104
1.576
0.984
2.212
0.448
9.968
1.744
0.396
2.028
2.908
1.208
7.128
0.368
0.676
1.588
0.74
1.344
3.472
4.468
4.22
3.024
1.432
1.252
7.556
0.64
8.772
1.416
0.772
3.44
5.016
1.564
7.984
1.884
1.7
10.716
0.532
0.884
0.7
0.16
3.416
3.592
1.444
0.792
2.824
7.556
1.74
2.28
2.948
0.536
0.812
1.108
0.252
2.352
0.196
1.352
0.28
0.384
7.268
0.256
0.124
9.0
4.72
0.316
1.072
0.444
6.36
0.112
1.104
4.756
0.784
1.976
1.032
0.384
0.684
0.36
0.612
0.776
1.052
0.496
1.924
1.576
4.152
0.936
0.332
0.2
0.684
0.3
2.008
0.892
1.164
2.544
0.384
1.732
4.212
0.6
0.264
0.316
0.932
3.484
1.372
5.792
0.424
4.416
0.42
2.836
3.06
1.888
1.344
2.56
0.124
3.204
0.328
3.34
3.688
4.504
0.496
2.16
0.88
0.928
2.68
3.744
0.572
0.768
0.652
0.752
0.356
2.368
9.332
0.296
4.696
0.816
0.144
2.396
6.68
1.176
0.536
1.964
2.44
9.816
10.396
3.904
2.32
0.636
0.516
0.3
1.052
1.288
3.412
3.424
3.532
0.288
1.376
4.88
0.676
0.888
3.284
0.54
1.076
0.492
6.812
3.624
0.256
0.464
1.5
9.156
0.364
0.62
0.888
1.484
1.744
0.324
2.924
0.184
4.164
0.828
1.264
2.084
0.816
1.084
2.116
1.44
0.98
1.08
0.564
1.18
3.424
0.604
0.384
0.408
0.276
0.324
1.436
0.756
3.348
1.012
0.24
0.36
7.124
2.752
0.82
1.688
4.784
0.784
5.128
2.732
0.956
4.9
0.5
0.312
2.508
1.868
0.508
0.316
0.784
5.732
0.36
5.2
1.636
2.952
1.192
0.464
1.848
2.02
3.036
1.408
3.364
1.376
1.6
8.832
0.376
3.372
1.928
5.228
1.38
0.412
3.152
1.468
0.72
2.156
0.34
5.364
1.728
0.188
4.088
7.1
0.824
1.792
4.524
0.948
8.032
0.292
5.788
4.648
1.204
2.384
0.932
2.76
0.16
0.936
0.292
0.868
5.656
0.912
0.66
0.472
0.192
8.568
0.564
5.788
4.924
0.152
1.5
0.964
0.868
1.092
4.016
0.976
0.912
0.608
3.136
1.552
0.272
0.6
0.32
0.9
1.112
2.816
4.924
8.86
1.248
1.012
7.016
0.54
0.096
0.624
3.516
4.488
0.436
0.184
2.108
0.46
1.58
2.468
0.196
0.796
0.988
0.464
2.66
1.0
0.6
2.108
0.516
0.976
0.124
0.144
0.132
1.536
0.808
0.724
0.516
0.476
0.148
5.24
0.36
2.436
0.124
9.308
1.356
3.416
2.648
3.632
1.668
2.0
0.368
0.352
4.056
2.568
0.584
0.22
0.28
0.196
4.352
0.236
0.924
3.324
5.296
1.236
7.908
0.116
4.544
7.196
2.428
2.176
2.524
0.964
0.396
0.984
1.436
3.8
1.628
0.432
2.324
0.604
2.492
5.52
1.24
0.94
6.672
5.432
2.592
1.168
3.996
1.472
10.504
0.488
1.28
0.516
1.428
0.66
0.348
3.1
1.532
1.076
1.244
1.944
0.34
1.328
1.568
2.696
0.46
4.828
4.344
7.568
0.772
0.34
0.14
0.26
1.02
