2.628
2.172
0.256
1.896
4.792
0.736
0.868
1.816
0.432
0.472
1.128
6.552
0.208
1.092
7.292
1.132
0.62
0.248
2.724
3.448
2.84
1.948
1.624
7.408
2.948
2.12
0.38
2.276
1.504
0.496
3.084
0.676
5.028
0.788
3.752
1.936
4.712
0.496
0.68
2.496
1.484
0.468
5.036
0.22
3.872
0.424
1.396
0.392
1.396
4.684
0.24
2.456
4.14
0.628
1.068
0.424
0.876
4.636
0.484
0.068
3.288
0.764
7.188
5.06
1.448
0.392
1.848
10.552
0.608
3.8
6.304
2.064
0.488
0.632
2.632
1.92
2.324
2.568
1.736
3.34
0.944
2.2
2.716
0.384
0.628
0.876
0.38
1.08
0.592
1.484
0.816
5.168
0.428
2.436
1.864
10.412
3.82
1.128
9.112
3.236
1.732
5.996
5.38
2.316
0.588
0.32
2.472
1.972
0.252
4.552
1.952
0.36
0.604
1.36
0.856
1.944
9.588
1.048
3.492
0.536
1.624
6.88
7.804
0.324
9.764
0.584
0.244
3.82
5.368
3.32
1.436
1.616
2.24
4.94
0.908
0.524
4.728
0.672
0.888
6.092
10.452
3.316
1.764
5.612
0.732
0.624
3.6
0.392
2.604
3.176
1.184
1.788
0.52
0.908
0.82
0.304
0.84
0.516
1.42
1.336
3.108
0.892
0.68
4.024
0.272
0.724
0.924
5.808
1.06
5.356
0.308
1.376
1.348
2.5
0.94
1.664
2.492
1.172
7.016
1.124
2.328
1.864
0.152
10.208
5.048
0.124
2.724
2.92
1.376
0.68
2.308
5.188
4.816
0.164
9.932
0.328
0.324
9.92
3.396
9.136
8.172
2.156
0.872
1.828
0.536
0.92
1.784
3.152
0.66
2.224
4.028
6.608
0.568
1.756
0.848
2.284
2.78
1.144
0.124
6.144
0.788
0.144
0.216
9.292
0.824
2.972
0.264
0.28
3.488
2.436
1.212
2.964
1.544
1.78
2.928
0.196
0.376
1.056
0.904
0.98
9.628
5.296
1.92
3.788
1.344
3.532
0.276
10.04
0.128
0.568
0.492
0.184
3.848
3.988
4.156
2.352
2.688
4.564
0.94
0.4
2.812
4.668
2.468
10.744
1.496
0.308
3.624
7.904
3.636
8.856
0.152
2.26
1.936
2.192
2.256
9.724
2.536
6.38
4.76
0.296
3.048
10.36
1.184
8.06
1.924
4.108
0.252
2.168
1.104
0.244
1.168
6.392
1.216
1.512
3.092
1.06
0.98
0.78
0.276
0.428
7.032
0.172
2.272
0.268
3.524
3.276
3.58
9.204
2.816
3.472
0.348
4.432
4.744
4.892
7.172
0.868
3.392
0.224
1.124
4.328
4.36
0.864
1.324
1.728
6.652
0.68
8.304
1.156
0.176
1.944
1.24
3.764
0.756
0.148
0.88
0.54
0.36
8.472
3.904
2.72
1.848
0.844
2.348
2.024
0.1
7.048
0.464
3.312
0.924
2.704
6.904
2.352
2.252
1.596
3.96
5.048
6.2
1.884
9.296
0.264
0.128
0.188
6.272
1.148
2.328
9.42
0.2
1.016
0.668
2.468
4.464
3.768
1.584
0.072
2.368
0.892
0.368
3.216
2.268
3.2
5.084
1.492
0.204
2.396
0.364
0.448
4.796
1.956
5.052
1.672
8.404
4.284
2.636
4.576
0.904
1.948
1.984
0.368
0.204
3.724
1.864
5.048
0.588
0.348
0.972
0.728
2.792
1.104
0.896
0.332
0.948
4.08
4.668
1.284
3.332
4.22
1.36
1.016
3.08
0.648
2.692
0.556
0.804
3.88
1.704
0.628
6.9
3.12
3.124
0.68
1.068
0.704
4.6
1.428
2.888
5.164
4.5
6.048
5.8
0.704
0.204
0.444
0.672
1.328
6.708
0.988
0.076
0.26
1.136
3.68
3.036
0.352
3.06
0.564
3.112
0.216
0.716
2.148
8.688
3.22
0.696
0.884
0.16
0.792
1.668
1.332
1.348
0.788
2.852
0.756
0.996
1.104
8.168
9.276
2.116
4.524
4.728
1.972
0.448
0.128
3.852
4.188
2.988
4.184
10.268
1.676
0.208
0.344
2.832
1.984
2.804
1.092
0.864
10.084
0.884
1.116
6.108
0.2
6.724
2.328
1.628
2.06
1.156
3.12
0.916
1.544
0.436
1.972
6.704
0.276
5.92
4.26
6.148
1.536
4.412
4.852
2.768
7.42
1.804
0.216
0.496
1.416
0.412
2.9
1.684
7.76
1.16
4.976
0.336
0.78
0.568
3.852
6.16
2.472
0.512
0.592
1.188
1.344
0.588
0.076
6.616
2.08
0.392
0.08
0.4
2.264
0.768
5.228
1.196
0.28
1.248
8.04
2.164
0.704
3.312
1.736
0.388
8.776
3.396
7.628
3.896
3.412
0.964
0.52
4.724
1.952
8.396
1.604
0.112
2.124
3.572
4.984
9.168
10.496
2.444
0.344
0.74
6.928
4.628
0.524
0.436
9.476
1.528
1.568
0.204
2.936
2.148
0.128
2.1
1.604
3.668
1.972
10.74
0.856
6.088
1.156
0.352
8.528
1.32
2.0
1.052
2.324
2.212
1.82
1.248
4.664
6.328
0.856
0.092
2.648
5.056
0.22
4.704
3.316
0.476
0.716
7.624
2.296
5.072
1.572
0.764
7.316
1.84
3.0
0.376
1.3
4.212
0.216
7.732
1.356
0.396
0.712
2.096
0.952
2.004
2.5
0.672
0.416
2.372
2.712
2.632
0.172
1.408
8.14
11.048
3.232
1.22
0.448
7.012
3.916
0.348
0.316
1.08
2.992
4.208
4.42
0.632
0.548
3.14
0.78
5.604
3.516
1.916
0.984
0.46
1.428
1.46
0.276
2.052
1.148
5.48
1.728
1.232
0.372
2.94
1.556
0.38
4.468
0.476
0.528
5.772
0.168
0.6
3.424
0.44
0.656
1.816
3.7
0.884
0.912
0.352
2.184
0.588
0.556
1.52
2.72
1.984
0.352
1.136
1.784
2.444
0.976
3.26
0.676
1.02
0.812
2.78
3.548
1.532
1.396
1.52
3.78
0.4
0.088
1.4
3.656
2.032
1.824
1.548
5.66
0.3
9.048
1.868
8.892
2.428
0.092
1.244
0.548
5.04
0.584
2.256
1.552
0.52
1.12
6.24
9.54
1.524
0.812
1.164
6.372
0.652
0.464
1.28
7.32
0.488
4.892
0.308
1.212
0.644
3.556
0.192
4.388
7.664
0.208
1.104
0.3
0.436
3.064
1.148
3.416
0.12
1.504
0.676
0.292
7.66
3.14
0.104
7.36
0.364
0.404
9.16
2.396
2.284
0.872
0.82
2.784
0.48
6.016
3.776
9.868
6.652
8.324
0.324
2.032
0.296
0.068
0.324
0.32
1.484
0.98
1.18
2.748
1.888
0.464
0.596
1.432
4.7
1.7
0.684
0.7
4.08
0.688
2.032
1.74
5.9
6.136
1.068
1.456
0.328
2.876
0.46
3.66
3.428
1.684
1.116
7.744
5.468
0.536
0.188
6.176
2.2
0.668
5.124
1.716
2.076
3.224
0.244
3.384
2.852
1.844
5.144
0.284
1.576
4.756
0.984
1.224
1.772
1.992
0.48
0.964
1.388
0.28
2.304
6.02
3.664
2.152
5.948
0.08
4.66
2.908
5.664
4.248
3.896
1.084
0.22
4.956
2.868
0.82
0.164
1.532
2.38
2.5
0.116
0.916
4.648
2.128
0.856
0.96
0.484
0.808
0.076
9.596
2.808
3.276
1.696
1.036
2.408
0.176
0.464
3.128
1.812
4.548
3.464
9.596
0.308
3.868
1.0
0.752
0.2
2.116
0.536
2.024
3.348
0.764
0.496
3.744
0.168
1.572
9.428
2.272
2.076
4.956
1.352
0.584
5.596
5.804
0.268
0.428
0.964
0.5
7.088
0.212
0.52
10.144
0.228
1.22
0.396
1.156
1.984
0.108
6.148
8.592
2.692
1.764
7.932
2.012
0.628
2.54
1.032
1.696
6.612
0.432
4.752
2.24
2.604
2.128
1.44
0.78
1.792
0.792
2.704
7.88
8.568
0.62
1.404
1.928
0.436
0.508
0.084
0.816
2.2
1.84
2.42
1.548
1.424
0.42
6.424
0.408
0.368
1.572
0.54
10.76
1.12
7.852
7.516
0.296
0.116
2.296
0.64
0.676
1.82
2.32
0.26
4.724
5.228
0.94
10.62
1.096
1.368
1.884
1.06
0.232
1.284
1.836
0.992
9.44
2.804
4.908
2.052
3.508
3.968
1.908
3.88
3.516
8.624
0.216
0.768
6.088
1.928
4.548
0.552
1.352
2.688
1.332
1.396
0.124
1.668
4.136
4.396
2.26
0.676
3.464
7.0
7.116
1.52
3.46
1.98
0.772
0.556
0.1
5.24
3.308
2.04
0.276
1.516
1.492
3.78
0.64
1.5
1.824
3.364
2.004
10.296
2.928
0.436
1.636
2.952
10.404
0.112
0.884
9.02
0.204
2.572
4.148
2.3
1.364
1.172
10.572
0.428
1.908
1.172
1.916
0.128
1.912
3.584
0.9
0.548
0.568
0.152
5.452
1.736
0.308
1.504
4.432
4.184
3.352
3.116
3.076
0.404
2.876
1.264
0.592
0.956
0.84
2.0
0.784
1.164
2.72
9.812
0.36
0.184
0.688
8.144
9.564
1.28
10.304
4.4
1.272
0.9
3.52
2.42
6.116
0.844
1.388
2.096
3.112
0.612
0.204
1.02
2.132
1.648
1.068
2.124
0.76
1.008
2.896
1.188
2.32
2.064
1.152
5.86
1.024
2.84
1.18
2.968
0.688
2.74
7.088
2.58
1.384
5.912
0.228
2.58
2.456
0.212
0.236
3.172
2.228
5.784
2.604
4.824
0.608
0.532
0.488
0.348
1.752
7.66
3.556
0.22
0.432
1.104
1.96
4.748
0.712
1.548
1.024
0.836
0.424
1.024
0.688
0.4
3.052
1.076
2.548
0.36
3.556
0.216
4.284
0.464
2.716
0.236
8.34
4.652
0.432
0.164
3.42
2.88
0.844
2.368
1.172
0.456
7.128
2.476
1.02
2.152
10.736
4.58
2.488
0.068
1.932
3.696
2.06
3.324
3.24
9.756
0.416
2.036
0.128
4.928
1.632
1.084
3.46
5.312
5.072
3.644
0.152
0.472
2.12
2.08
0.204
1.752
0.364
3.564
2.536
8.432
4.98
4.348
1.684
1.5
2.728
3.268
3.056
3.348
1.672
1.484
6.992
3.268
1.088
4.676
3.784
7.812
4.488
2.216
11.024
5.772
0.732
1.12
0.88
0.092
4.272
0.992
7.88
0.1
0.072
2.028
0.896
0.244
0.088
1.292
0.932
2.228
5.648
6.748
2.156
1.076
0.192
0.348
2.036
2.108
0.928
6.204
0.408
5.408
0.452
5.288
1.904
3.012
7.752
2.892
0.316
10.608
5.74
0.236
0.448
2.712
0.988
1.824
4.26
2.608
0.796
5.888
0.248
5.624
0.824
2.736
0.764
1.104
3.768
4.632
1.012
0.504
4.916
1.512
0.752
0.496
0.148
1.0
0.36
3.248
1.404
2.92
1.532
8.98
2.204
1.096
0.384
1.856
6.808
0.372
7.784
3.372
10.012
4.78
3.696
0.916
7.04
1.308
0.388
1.42
2.832
1.232
1.692
0.62
1.064
1.236
7.488
1.176
0.188
1.324
4.176
0.636
1.064
0.696
1.044
5.22
0.224
0.7
1.1
1.1
1.992
0.276
0.956
1.132
0.748
8.612
0.3
6.512
2.884
0.552
4.54
7.98
1.272
4.296
6.928
0.18
1.304
3.588
0.212
3.8
2.188
1.04
3.888
3.876
2.484
0.936
3.66
3.52
0.188
4.98
10.7
6.192
7.104
1.392
0.396
3.092
2.704
2.2
1.964
3.796
2.868
1.772
0.712
3.056
6.932
0.82
5.46
0.332
4.94
0.328
1.136
3.516
4.412
0.892
0.336
0.532
0.28
0.072
2.472
8.628
0.248
0.592
9.04
0.788
4.408
0.46
0.608
1.18
3.268
0.28
1.332
6.36
8.012
6.82
1.256
2.76
0.62
1.032
5.54
0.448
1.312
1.292
0.588
1.14
3.32
1.28
0.816
0.86
0.952
0.732
1.28
4.28
6.5
5.732
2.448
0.228
1.508
0.936
1.596
2.116
10.976
0.636
4.84
0.952
6.296
0.472
0.848
1.76
0.9
0.2
3.544
0.856
3.612
2.056
1.716
2.36
0.612
6.76
0.188
6.08
2.304
0.712
0.604
1.288
2.684
1.156
0.964
3.216
4.456
0.196
1.28
0.504
0.34
1.164
2.504
1.36
1.468
6.144
1.816
4.212
4.656
0.18
0.228
2.588
1.76
1.068
9.816
0.124
4.136
0.244
3.692
0.696
4.288
0.24
1.328
0.1
0.604
3.968
5.296
0.084
2.548
2.604
1.036
4.192
10.472
2.296
1.064
2.356
8.272
5.204
4.68
1.784
0.692
0.884
0.308
1.508
0.76
0.652
1.592
2.712
6.984
0.64
0.212
1.764
0.344
7.812
3.828
3.908
8.232
1.964
1.708
2.748
3.88
2.824
5.704
9.32
1.58
1.312
1.52
4.092
0.324
1.536
0.568
1.468
0.4
1.232
1.96
4.504
0.172
3.272
9.26
0.144
4.24
6.0
0.18
0.396
0.116
0.572
1.54
0.936
0.632
1.12
3.58
0.492
0.112
2.096
1.404
0.288
6.024
8.072
1.032
2.208
0.784
2.316
7.656
2.232
3.4
6.696
0.412
10.08
2.572
4.52
4.196
0.272
0.5
1.956
0.116
9.024
2.1
1.388
4.648
0.476
0.28
7.088
7.4
4.788
2.356
1.516
3.568
1.812
4.656
5.064
2.184
1.956
2.248
1.448
1.016
1.692
6.58
10.928
6.648
0.916
5.116
1.86
4.52
7.456
3.9
1.456
3.524
0.796
0.848
0.192
0.564
6.232
0.096
2.728
1.984
6.224
4.112
0.204
0.36
1.124
0.696
0.436
1.772
1.548
2.728
2.6
0.892
4.272
6.128
0.296
0.804
0.24
2.008
0.336
0.984
4.692
6.568
6.384
0.112
2.804
2.872
2.776
0.232
2.328
7.708
2.012
5.368
1.64
4.848
1.3
1.88
2.972
0.972
2.264
0.956
1.324
7.56
2.6
3.876
1.184
8.9
0.272
2.32
0.892
4.832
7.06
1.532
0.188
3.068
2.968
1.484
3.5
1.656
2.356
0.976
1.024
0.82
1.096
3.848
1.932
0.888
0.536
3.164
7.108
6.912
10.956
6.288
1.888
0.972
1.676
9.688
5.276
0.724
0.128
1.932
1.984
2.484
0.76
2.96
1.24
3.792
0.132
4.712
3.336
0.42
5.06
0.212
1.416
0.228
0.148
0.112
8.888
1.308
1.412
0.956
0.948
8.024
2.424
2.676
0.58
6.876
9.204
0.872
0.232
3.444
0.3
1.068
1.62
2.968
0.212
4.256
10.116
1.508
2.04
6.104
4.2
1.248
1.736
0.228
3.052
1.908
1.976
1.888
0.08
1.48
1.06
0.932
1.792
4.852
9.472
1.784
4.216
0.144
0.716
2.528
4.86
1.948
7.116
1.116
1.292
2.592
1.244
6.372
3.096
5.44
5.18
5.376
4.552
0.1
2.796
0.688
5.668
9.364
0.336
5.632
0.656
2.244
0.34
0.084
2.668
6.092
0.46
11.072
0.488
0.412
0.96
0.868
0.528
1.692
4.1
6.184
2.08
8.436
0.692
8.5
0.18
2.268
1.048
3.748
1.904
2.328
1.36
0.752
0.78
0.872
2.368
0.616
4.404
2.464
5.6
2.404
3.56
2.04
1.548
3.24
0.54
0.152
6.92
8.78
0.812
2.168
0.656
0.184
1.696
3.592
3.532
0.208
0.324
1.24
9.792
4.824
2.852
0.496
9.724
3.544
2.34
3.588
0.896
0.436
2.544
1.0
0.84
5.088
1.044
5.82
2.124
0.232
1.684
0.236
0.96
1.572
1.04
3.344
0.392
1.164
2.32
1.816
5.332
0.844
3.568
1.316
3.316
3.82
0.772
6.044
1.48
0.212
0.204
5.844
4.952
1.172
1.116
3.34
2.016
4.464
1.232
1.652
2.06
0.552
3.656
5.7
1.252
5.104
6.048
4.1
0.508
0.396
2.864
4.576
5.952
3.108
2.48
0.964
4.536
2.6
0.128
1.124
1.456
3.612
0.416
2.444
0.296
0.3
6.404
0.08
4.932
7.044
5.796
1.276
6.596
0.252
1.088
0.964
3.96
2.752
1.268
1.532
1.544
0.556
5.06
6.02
1.112
6.972
0.488
1.7
0.164
0.16
0.516
1.872
0.768
1.64
0.972
0.336
2.612
0.452
9.088
10.36
2.516
0.764
0.12
0.616
1.308
7.0
0.144
2.956
4.908
0.56
3.82
3.344
2.164
8.976
0.7
4.704
3.208
0.224
7.328
2.612
8.812
0.236
0.248
0.856
0.584
6.568
0.4
1.208
0.16
0.696
0.528
2.42
1.86
0.24
6.444
5.34
0.324
2.124
0.648
1.376
0.232
0.5
0.136
5.808
2.824
0.636
4.212
0.552
1.536
9.088
0.096
5.544
0.272
3.916
10.468
1.936
1.672
0.436
8.952
3.236
2.792
1.884
6.316
0.556
0.292
1.968
0.988
0.128
0.944
2.864
3.036
0.088
3.832
2.008
0.764
0.152
10.808
3.568
1.456
3.388
1.608
0.324
2.696
2.804
0.896
8.432
0.476
2.76
1.876
10.088
4.968
3.252
0.268
1.452
0.204
3.752
10.192
1.492
0.192
0.984
4.096
7.052
0.492
8.944
2.728
4.56
0.484
6.188
0.412
0.34
2.272
0.704
3.396
2.708
4.284
2.992
3.948
0.276
6.424
0.124
4.424
4.204
2.896
2.952
0.684
1.0
0.928
1.032
0.876
1.192
6.264
3.66
0.208
1.372
1.74
1.896
1.192
1.308
0.46
1.372
1.624
1.76
1.584
3.548
1.508
0.308
3.616
2.436
1.62
3.884
1.54
5.292
3.572
8.192
3.804
3.172
0.988
1.76
3.02
8.304
2.056
3.5
5.192
3.172
0.236
1.344
1.268
2.06
5.552
0.156
0.56
3.8
0.744
0.192
0.484
4.524
0.992
3.984
0.864
0.604
7.32
1.608
0.208
0.7
1.352
10.736
1.012
0.428
0.772
4.24
5.928
0.252
1.252
0.516
0.4
2.948
1.448
2.532
1.908
6.66
6.436
0.392
0.964
0.864
6.932
1.58
2.476
0.38
1.352
4.472
1.84
1.812
1.044
0.22
1.736
0.84
0.744
3.336
1.956
0.324
0.932
1.084
1.804
0.476
6.564
0.372
8.856
2.348
5.776
0.256
0.56
3.944
0.084
0.808
2.288
0.488
0.692
3.904
10.868
0.616
4.016
0.748
3.228
10.412
2.276
2.244
0.296
9.168
0.908
3.16
2.676
3.964
4.62
0.86
1.1
0.132
2.16
0.28
7.692
0.852
0.964
9.572
2.384
4.98
0.328
7.984
6.876
9.668
8.264
7.616
0.884
5.74
0.472
7.46
2.432
0.084
1.112
0.376
2.076
3.08
0.436
2.04
0.348
3.416
2.408
0.172
1.368
0.472
0.712
0.116
1.044
2.76
1.048
7.664
0.3
0.4
1.276
0.936
9.452
0.708
0.38
4.1
0.58
0.896
3.64
4.484
3.872
1.832
4.112
5.828
5.988
1.036
0.56
0.408
5.804
3.66
0.472
0.512
7.736
0.208
2.756
5.124
10.532
0.352
0.076
3.608
5.776
1.832
5.084
6.04
0.604
3.292
1.308
0.992
6.036
2.596
2.956
0.38
2.392
4.148
1.052
0.824
7.432
0.104
0.828
0.532
0.092
2.18
1.304
1.228
0.144
1.164
2.324
6.18
0.124
0.66
2.456
0.352
0.404
3.644
1.42
5.864
8.352
1.612
0.96
8.332
1.908
4.4
0.432
0.96
1.0
2.288
1.9
3.472
0.516
0.356
2.244
0.12
0.196
2.384
2.004
2.852
6.54
0.7
7.196
0.188
2.08
4.436
0.636
1.208
0.424
2.052
2.688
0.528
6.104
1.9
0.364
0.404
1.552
2.116
1.06
3.892
1.544
1.128
3.128
0.452
5.736
0.988
1.0
0.512
4.5
4.248
2.808
0.396
4.536
2.088
0.204
1.776
2.656
3.652
2.956
1.548
2.636
4.136
2.46
0.16
2.384
0.86
1.528
1.476
1.876
0.32
0.604
2.956
0.712
0.928
2.316
0.088
1.136
1.0
0.188
1.276
2.348
0.712
5.164
0.084
1.424
9.508
5.364
1.292
2.656
1.652
0.312
0.296
6.748
4.788
6.24
0.588
1.028
0.52
0.712
0.528
4.496
3.512
4.228
0.088
2.744
1.432
0.352
4.204
2.856
0.988
0.804
3.912
5.584
2.74
2.396
5.576
1.212
0.948
2.24
1.148
1.476
0.972
6.956
2.52
1.088
0.428
1.216
2.28
0.456
1.624
0.996
8.248
0.592
0.852
0.984
7.8
1.792
0.864
0.084
0.828
4.448
3.524
1.572
7.812
5.168
0.18
1.364
0.18
0.848
3.296
1.464
0.828
0.804
0.392
5.512
1.908
1.752
0.284
3.272
0.396
0.188
1.232
8.248
0.448
0.692
0.528
2.008
0.096
8.508
2.08
3.824
3.764
1.68
0.332
0.412
2.432
3.116
1.172
2.956
0.848
5.296
1.668
0.24
0.108
1.072
0.776
0.604
5.168
0.152
3.204
0.156
0.656
5.196
3.296
3.948
0.64
8.428
1.26
0.34
1.328
0.516
2.392
5.852
0.856
1.14
0.64
4.308
0.376
1.496
0.5
5.152
0.952
0.624
0.792
0.5
0.944
2.44
0.144
3.448
2.484
4.32
1.104
1.924
0.732
0.596
1.3
4.6
1.52
0.576
3.212
2.792
9.852
1.984
5.636
1.328
0.968
1.144
0.772
2.136
2.184
0.82
2.632
0.72
3.684
1.16
6.384
8.084
5.116
0.688
1.388
0.58
8.292
1.936
0.18
5.644
0.408
8.636
6.88
1.148
5.548
4.076
1.0
0.236
1.552
2.916
1.944
0.504
1.364
6.812
1.28
0.708
0.408
0.684
3.268
1.712
0.196
1.024
0.872
0.404
0.076
4.644
3.724
1.436
3.64
0.668
5.416
1.636
0.496
1.46
9.124
2.852
2.436
4.148
0.288
3.008
0.804
0.668
2.888
0.628
5.22
0.26
1.992
0.652
11.028
2.88
9.156
1.74
0.472
0.576
1.104
0.88
7.164
9.716
0.916
1.312
1.196
3.16
2.2
0.212
2.608
3.244
5.664
3.104
6.576
0.776
3.876
4.184
0.984
1.892
0.508
4.98
0.796
3.596
2.72
3.92
1.112
9.716
9.748
0.584
0.284
3.44
1.168
1.848
5.612
8.624
5.868
1.324
1.304
5.824
1.456
0.18
5.4
0.42
1.768
1.66
1.376
0.092
1.472
2.564
3.728
0.836
1.48
1.408
2.716
0.172
9.548
0.772
1.052
9.82
2.288
1.94
1.936
0.712
1.5
1.508
3.308
1.144
0.276
3.548
2.356
1.504
0.908
1.704
1.36
10.396
1.556
10.24
0.328
3.516
0.636
1.024
1.652
3.352
1.284
0.676
0.344
2.672
2.516
1.02
0.72
1.536
0.348
0.484
1.872
1.2
3.772
2.664
0.908
0.348
0.244
0.388
2.872
1.28
1.336
3.792
4.268
3.116
0.668
2.576
0.108
1.888
0.128
1.136
4.132
0.996
0.224
7.88
4.444
2.848
0.3
6.332
0.176
0.312
9.808
0.496
4.812
0.268
0.588
2.476
4.544
0.188
2.444
0.4
2.28
0.48
10.764
1.404
0.2
0.216
5.992
0.116
0.092
2.88
4.416
7.44
0.156
6.708
1.528
3.24
4.556
2.228
1.94
0.32
2.164
2.048
10.912
9.772
3.632
0.424
0.336
3.416
3.42
2.748
0.716
1.008
8.78
2.024
1.132
0.288
2.496
0.628
0.644
2.712
5.236
0.288
1.244
4.88
1.08
1.664
1.86
1.916
0.2
2.124
0.216
0.476
1.572
5.456
2.112
0.12
0.12
0.176
1.312
1.156
1.56
0.392
1.728
1.168
0.708
6.904
6.892
0.46
0.884
0.108
4.052
7.2
0.632
1.568
4.492
3.048
0.772
3.42
1.808
3.452
1.048
6.124
4.2
0.372
1.224
0.576
4.54
9.932
0.932
0.564
3.332
1.696
0.12
0.812
2.292
1.708
0.488
0.08
5.14
8.132
0.4
2.044
1.216
2.448
2.316
3.944
5.556
0.696
1.696
0.208
5.244
0.64
3.688
0.74
1.644
2.432
0.544
0.1
2.032
2.58
1.432
1.748
1.956
6.96
0.7
2.132
0.564
1.052
1.044
3.492
1.568
3.3
4.18
1.828
3.004
7.14
2.06
0.176
2.04
2.956
0.816
10.616
1.768
0.972
1.044
1.136
5.16
7.656
0.472
0.588
3.276
2.956
0.892
2.348
0.548
6.112
0.856
3.068
6.176
0.388
1.72
0.992
1.944
4.492
1.892
3.1
3.96
0.412
5.724
1.724
1.176
3.348
2.312
9.68
0.088
4.232
1.152
0.752
3.896
8.74
1.796
0.496
1.364
2.412
3.3
1.656
0.528
1.32
2.46
0.404
1.26
8.14
4.5
4.244
3.532
1.176
8.468
1.144
2.18
8.488
0.972
2.328
0.228
2.02
2.152
2.124
1.34
0.16
3.376
7.292
0.308
4.452
2.64
0.22
2.228
1.932
0.556
2.52
0.5
0.82
0.412
1.8
3.772
1.476
0.744
6.512
2.852
0.216
4.66
1.332
0.108
1.944
1.524
1.364
1.168
0.748
0.736
0.4
0.908
2.888
4.984
0.716
2.44
0.94
1.932
0.948
6.204
2.484
1.1
0.348
2.568
2.044
3.776
1.88
0.508
1.488
0.252
0.132
0.244
3.004
8.348
0.56
0.96
0.452
1.592
9.944
2.784
2.788
2.724
1.812
1.724
9.208
1.18
0.432
2.66
0.94
5.14
0.672
6.864
1.4
4.936
1.172
0.74
4.344
1.512
7.044
10.476
0.176
5.44
6.62
0.324
7.38
1.868
1.188
5.124
1.236
1.312
2.48
0.68
1.028
6.084
0.496
4.656
2.076
1.552
1.02
1.672
1.396
0.728
3.04
1.384
1.488
0.204
0.196
3.552
0.856
1.588
1.576
0.596
1.004
4.1
0.6
0.876
1.468
4.068
0.26
6.152
1.388
2.32
1.104
1.984
4.56
3.16
1.876
0.516
2.232
3.728
4.088
1.608
0.928
0.6
5.228
4.172
0.176
3.936
1.5
5.072
0.632
1.792
4.396
0.968
2.636
9.86
2.116
0.124
0.076
5.592
0.192
0.984
0.248
3.764
3.468
4.932
0.356
6.076
1.352
1.072
0.208
0.144
5.664
5.048
0.336
2.684
2.096
0.292
1.664
4.44
0.288
0.256
3.336
1.748
1.504
0.744
0.256
0.796
0.18
5.356
1.484
2.116
1.892
0.192
0.856
0.476
5.864
0.216
5.392
0.492
1.352
0.308
1.016
1.644
8.772
3.04
4.952
1.664
3.564
0.328
1.312
2.044
4.48
7.292
1.796
2.8
1.276
2.704
4.788
5.544
8.364
3.812
3.8
2.248
8.504
1.68
8.272
2.12
0.76
3.78
5.872
0.568
7.652
3.472
0.504
1.06
1.272
2.22
3.052
3.692
1.228
1.392
2.856
0.448
0.188
2.72
5.304
0.34
0.432
0.168
3.672
0.62
0.712
1.632
2.708
2.392
0.84
1.232
0.644
5.488
5.064
5.8
1.028
3.336
0.196
0.272
0.176
2.092
0.38
6.908
1.756
0.296
0.28
6.148
2.76
1.384
1.8
9.712
2.244
1.632
0.072
2.448
2.076
0.396
1.952
0.464
1.788
3.832
1.832
3.384
7.456
2.156
1.152
0.324
1.304
6.052
1.264
9.812
3.328
1.564
2.844
3.616
4.236
1.176
0.988
1.6
0.708
1.444
1.764
8.972
1.552
0.296
2.068
0.48
0.816
3.552
0.768
5.484
3.84
3.168
0.872
3.068
0.256
0.68
0.148
9.66
1.132
0.208
2.184
0.92
6.732
2.92
3.896
0.116
1.256
0.468
0.072
1.532
4.78
0.48
1.696
1.472
0.64
1.888
0.788
0.216
4.236
9.672
2.732
0.072
1.128
1.452
2.792
1.708
3.848
2.012
4.232
5.592
0.436
0.624
2.672
0.308
5.908
0.52
8.116
1.896
9.528
0.836
3.82
3.16
5.572
0.76
2.4
4.492
2.152
4.568
0.628
0.972
1.876
0.508
2.436
0.94
10.156
1.668
5.736
3.96
3.716
0.908
2.024
3.612
1.796
2.364
1.192
1.76
0.532
10.564
0.884
2.66
5.892
1.228
1.916
0.524
0.244
1.532
6.36
3.936
2.532
1.276
3.044
1.956
2.74
0.312
4.396
0.996
0.668
0.756
0.2
1.68
1.492
3.284
9.328
4.888
0.336
9.688
1.544
4.896
9.828
0.652
3.288
2.72
0.42
0.128
1.188
0.168
5.8
0.1
1.816
0.704
0.62
1.236
3.68
0.2
0.132
2.04
0.072
0.472
10.176
4.208
1.488
0.152
0.676
3.148
1.4
3.7
0.224
0.628
0.592
0.24
0.792
0.248
3.216
6.116
1.38
6.82
1.328
0.1
1.816
3.56
1.632
2.556
0.34
2.028
0.316
3.872
2.356
3.54
0.148
0.672
2.7
0.408
0.852
1.424
1.744
0.66
1.044
2.548
0.268
0.16
0.992
0.484
1.736
1.12
0.128
0.124
1.172
0.144
4.824
2.084
1.996
1.6
7.648
2.304
1.464
4.296
3.756
10.06
0.664
4.068
2.428
0.356
3.132
0.496
6.496
2.292
4.98
3.592
1.152
2.88
9.276
7.224
0.46
0.412
0.848
0.976
1.284
2.092
5.512
1.72
4.208
1.244
2.936
8.84
0.124
6.732
1.028
1.776
2.068
0.184
1.608
10.184
1.196
1.74
2.376
1.74
0.824
2.052
2.24
2.68
6.6
0.144
0.16
1.864
2.916
0.42
1.104
6.312
0.636
1.228
0.904
2.296
2.984
3.112
0.616
1.208
2.592
2.268
10.168
0.892
0.104
0.5
1.2
2.3
2.356
9.324
0.436
1.148
0.288
2.62
1.132
0.696
8.964
1.856
1.048
2.976
3.284
4.804
0.36
1.368
4.06
2.596
3.228
0.084
10.472
0.2
1.08
0.32
2.616
1.156
0.148
2.2
0.58
2.12
1.024
2.232
3.08
1.624
0.644
2.74
0.336
0.856
6.884
1.772
0.88
2.892
6.056
2.784
1.8
0.3
3.656
2.012
5.46
0.984
1.716
0.132
2.052
0.196
1.236
0.592
0.992
0.2
2.264
7.3
0.188
0.848
1.004
2.84
1.416
2.228
2.848
5.26
4.232
2.692
2.26
0.896
5.712
0.376
4.144
4.044
0.22
0.204
0.292
0.796
1.164
1.708
0.62
3.588
3.744
1.712
0.344
2.892
3.62
0.668
10.376
0.528
0.2
1.204
2.28
1.38
0.832
6.372
0.28
6.868
0.944
3.3
1.556
6.024
0.7
0.152
2.236
5.0
1.376
0.244
1.312
1.324
7.488
0.16
5.04
8.22
1.5
0.156
0.464
1.196
6.552
2.276
1.384
0.428
4.2
0.968
1.012
0.22
4.16
2.208
2.296
0.1
6.156
4.856
0.576
1.612
3.544
0.3
3.928
2.808
0.196
6.492
1.744
2.92
3.336
1.74
2.136
8.412
0.436
2.472
4.46
10.444
2.568
2.428
0.704
8.236
0.384
10.576
2.576
0.164
5.72
5.608
0.772
3.032
0.172
4.292
0.664
2.54
7.396
0.284
0.16
0.472
2.572
3.148
0.62
0.228
1.348
2.636
3.972
0.776
5.652
10.02
1.032
0.44
0.956
3.836
0.136
1.148
0.224
1.832
3.212
0.988
0.848
0.108
1.008
1.832
11.044
3.352
0.684
2.072
2.248
4.216
3.976
10.32
0.98
0.184
1.148
0.228
6.928
0.308
0.096
0.324
5.02
0.888
4.96
0.128
0.512
2.392
0.08
1.904
0.224
4.208
0.424
1.372
2.288
2.148
1.532
6.468
1.044
2.088
0.956
5.112
2.956
0.368
0.828
4.932
0.112
9.564
0.516
1.044
4.732
0.128
2.26
3.276
0.1
1.212
0.46
1.32
4.932
1.88
3.868
2.584
0.372
3.16
0.196
3.864
4.132
10.372
0.22
4.66
3.36
7.48
1.784
6.94
7.592
8.244
1.424
1.66
0.196
0.804
1.848
4.324
2.464
1.348
3.168
1.1
1.096
4.096
1.276
7.44
4.452
0.848
2.316
3.348
2.232
3.568
4.76
6.592
0.364
5.796
0.2
0.38
1.304
1.056
0.256
1.364
0.132
1.232
0.472
2.228
5.216
0.176
2.92
5.996
2.208
10.52
2.504
1.26
0.824
0.9
9.116
0.24
1.308
0.22
5.5
0.592
0.076
6.692
0.38
1.104
4.808
0.664
0.188
0.452
0.2
3.436
2.972
1.836
0.204
0.252
0.256
1.768
3.652
4.62
4.476
1.232
4.244
9.172
1.408
1.228
1.26
1.62
0.6
0.472
0.608
0.068
0.548
0.552
4.324
5.176
3.104
1.044
0.5
5.888
2.48
1.136
8.74
7.952
0.992
10.552
3.42
4.524
0.336
0.108
0.632
2.32
0.396
1.72
0.192
2.088
0.516
1.352
1.356
3.54
2.404
1.196
0.504
1.328
1.528
0.508
2.988
6.996
3.92
0.088
4.556
4.196
2.104
2.012
0.9
1.568
1.26
0.532
0.272
10.236
10.14
5.192
2.648
3.376
2.448
0.652
6.164
0.344
0.452
3.404
5.84
1.612
1.096
0.42
5.24
3.628
3.436
0.572
0.32
0.516
3.744
4.024
1.68
2.324
4.112
4.752
1.168
1.392
0.532
3.36
0.892
1.084
0.268
5.02
2.368
1.4
0.52
2.376
1.444
1.288
0.764
0.844
2.536
2.46
3.708
7.42
1.824
8.412
7.248
1.92
1.78
2.292
4.532
2.752
1.552
1.548
0.72
3.42
3.7
8.968
0.952
3.908
5.144
2.572
0.436
0.452
4.544
0.42
1.424
6.988
0.348
2.288
1.536
4.92
9.568
2.14
1.14
0.08
5.628
1.424
2.2
2.06
1.476
1.168
0.344
4.62
0.196
1.496
1.436
1.14
4.628
0.424
5.028
2.392
5.116
1.472
1.076
0.792
3.952
2.32
1.716
0.948
4.984
1.676
0.224
1.564
2.228
3.264
4.396
0.756
0.356
0.768
2.716
0.776
6.472
5.448
0.332
0.58
0.136
2.012
3.76
1.512
1.224
0.964
0.14
2.868
0.368
0.148
0.148
0.804
0.844
1.012
0.696
0.088
4.852
0.1
2.264
0.448
0.096
0.824
0.528
1.692
10.58
7.38
4.024
1.628
1.12
0.904
7.444
2.344
0.816
2.944
1.464
0.268
1.184
2.7
7.556
5.176
6.228
0.672
0.32
0.944
1.432
1.26
0.748
3.924
3.128
8.812
3.536
0.796
0.276
5.9
3.688
2.06
0.176
0.156
8.36
7.876
4.336
0.392
1.612
0.988
10.744
0.692
1.208
4.128
2.128
0.56
1.488
1.22
1.66
1.416
2.624
9.888
2.224
3.816
4.736
6.22
2.424
0.784
1.1
3.308
4.84
0.572
0.08
0.2
3.336
2.1
1.368
3.184
0.68
2.16
4.236
2.656
1.74
8.48
4.036
0.576
8.9
2.824
0.244
8.452
3.556
1.44
0.112
4.02
1.932
0.264
2.648
0.968
2.328
0.46
0.412
0.772
1.924
2.892
4.896
3.632
4.264
4.048
4.5
2.264
3.54
0.096
1.212
0.116
6.072
8.596
8.148
1.112
2.72
1.28
1.036
5.276
2.928
0.208
5.192
2.356
0.54
7.512
3.176
1.052
2.356
2.66
0.88
1.188
1.128
0.692
0.48
4.096
0.192
2.616
4.488
10.248
0.672
2.48
7.596
2.532
4.548
9.172
1.688
1.404
1.408
0.496
1.076
0.568
0.132
0.288
2.8
10.072
0.944
2.432
0.548
0.712
3.848
1.62
1.62
1.272
9.512
1.804
3.428
0.808
1.872
1.452
1.52
2.108
0.592
1.268
1.292
0.984
4.952
2.88
1.08
4.344
5.228
4.128
0.148
1.308
0.692
2.504
0.308
0.1
5.524
0.076
5.856
3.832
4.484
1.636
2.292
6.228
3.52
6.332
5.56
2.364
0.62
0.496
2.668
0.856
0.388
1.38
2.964
2.784
1.148
2.632
6.328
0.868
1.456
1.588
1.44
1.016
1.344
0.336
0.144
0.092
0.22
1.812
2.248
2.732
2.1
0.396
8.136
0.224
8.564
7.128
6.344
1.112
1.78
2.412
7.176
0.144
1.464
4.432
5.368
3.796
0.788
3.7
0.896
7.484
0.236
2.58
0.176
4.152
0.92
3.76
1.676
6.764
4.268
0.452
3.12
0.68
1.808
6.192
5.152
0.532
2.592
2.072
2.348
1.144
0.12
1.556
0.664
2.78
1.192
3.776
1.516
1.056
2.652
3.896
0.704
2.716
0.932
0.6
0.772
2.348
10.876
1.904
0.864
5.596
2.332
9.12
0.968
8.588
2.12
5.18
3.476
3.196
0.724
2.304
1.748
1.748
0.616
1.236
0.5
3.448
4.94
2.332
2.356
0.224
4.712
4.808
4.34
1.0
3.728
1.292
8.588
1.1
1.368
0.64
1.824
0.168
3.092
2.684
2.324
5.432
3.604
0.74
0.356
0.316
1.516
0.304
1.224
8.784
3.144
3.992
1.424
2.764
0.968
0.964
3.004
0.544
0.516
0.252
0.316
2.724
5.784
4.864
0.252
0.248
11.024
6.14
3.152
2.908
3.624
6.064
2.4
10.46
0.352
0.796
0.332
0.84
1.752
1.64
0.324
0.752
1.956
0.324
3.732
3.648
1.732
0.484
6.884
2.036
4.276
3.732
2.004
7.796
1.896
9.44
0.38
0.392
1.344
10.64
7.684
0.352
4.464
0.96
1.044
6.704
4.492
0.6
0.972
2.14
0.18
3.284
1.708
3.508
6.8
3.48
1.664
5.104
3.376
0.244
0.308
1.96
0.516
10.968
2.548
0.136
2.056
1.624
5.704
0.608
4.572
2.832
1.1
0.568
7.432
2.684
3.544
1.472
0.768
2.792
1.448
1.568
1.176
0.944
3.38
0.532
0.232
1.044
0.604
0.328
2.304
1.772
1.436
2.84
5.712
0.148
3.364
2.296
1.016
0.404
2.828
0.876
9.068
3.476
6.5
1.3
0.456
1.0
0.684
1.0
0.084
9.268
1.936
3.368
1.532
1.312
0.364
1.172
2.972
5.24
5.612
2.864
1.12
0.536
1.612
0.336
0.524
1.228
1.304
1.712
2.212
2.8
8.024
3.384
0.776
2.672
6.5
0.384
1.056
1.636
0.316
1.096
4.04
0.364
0.116
4.7
1.668
0.192
0.332
1.136
0.516
0.252
2.704
2.12
4.564
0.816
0.192
1.488
1.196
2.076
1.804
4.46
0.304
8.14
0.632
2.26
0.728
1.148
4.208
0.988
1.392
0.9
2.912
4.58
7.56
0.184
5.48
0.132
2.764
5.34
1.224
0.7
1.936
0.296
1.292
8.592
1.384
0.688
0.372
1.216
1.108
0.172
7.684
3.568
3.1
0.616
0.292
0.924
1.968
1.64
2.52
2.208
0.576
0.608
2.048
1.728
2.444
5.78
2.768
0.344
0.804
3.124
1.004
2.268
10.356
10.08
4.252
6.056
1.548
1.736
1.744
8.952
0.14
0.816
0.532
2.576
1.156
0.476
1.192
4.528
2.904
0.904
0.9
1.564
1.14
4.592
1.804
6.6
4.592
0.152
1.58
1.596
0.984
0.376
1.412
1.796
0.936
0.46
1.436
7.04
0.88
1.52
2.932
6.856
1.38
0.668
3.592
1.608
1.756
1.42
0.872
0.216
0.204
0.144
0.74
1.3
0.436
1.96
1.512
9.976
1.16
1.156
1.528
3.112
0.572
0.22
1.996
0.064
5.412
2.904
2.596
0.512
1.5
0.492
1.492
3.64
0.908
1.556
0.58
1.992
3.004
1.108
0.364
2.764
3.844
1.492
0.668
0.296
1.492
4.364
3.408
1.872
0.648
1.94
5.292
9.384
7.696
6.412
2.196
1.46
2.408
0.792
5.14
2.868
0.236
0.852
0.812
1.428
0.896
1.952
7.208
5.992
0.152
10.66
9.088
3.912
3.952
2.836
0.92
0.272
4.772
3.156
1.94
6.32
2.248
2.104
0.116
3.692
0.196
6.512
1.464
0.388
0.732
0.064
0.552
1.16
0.432
0.268
1.94
0.16
2.016
0.648
1.396
3.12
2.112
1.468
0.788
0.692
1.404
0.336
2.724
1.048
1.296
1.072
5.648
3.852
2.024
0.344
1.528
7.884
0.38
1.484
9.56
0.804
3.868
2.212
0.544
3.036
4.304
1.276
0.132
1.96
2.616
0.116
0.484
3.152
0.872
2.776
1.12
0.532
0.524
0.204
0.3
0.32
1.344
1.42
3.048
2.128
2.356
5.928
0.824
0.844
2.896
0.536
0.444
1.892
2.46
1.64
0.56
1.108
7.34
1.168
3.988
0.264
7.036
1.692
0.24
5.828
2.712
1.092
4.06
0.992
2.576
1.704
1.756
3.648
0.476
2.568
8.888
5.852
8.448
1.476
2.568
0.332
0.292
4.276
0.76
4.08
5.64
3.016
1.764
7.124
0.424
0.88
8.9
1.128
0.82
0.676
2.152
1.256
2.16
2.352
3.652
1.044
3.324
0.848
0.98
6.5
0.944
2.96
0.968
4.504
2.268
6.424
0.636
1.336
9.356
1.348
1.592
2.956
2.704
1.236
1.044
0.612
3.4
0.128
1.832
1.752
1.552
10.4
6.708
1.344
2.912
3.4
5.248
0.54
0.892
1.864
2.076
3.104
0.576
0.484
0.968
0.844
3.66
8.136
4.24
0.668
0.128
5.212
5.792
4.528
10.892
7.208
0.704
0.152
3.564
1.896
2.348
1.564
1.524
2.828
7.552
7.872
2.572
2.828
0.704
2.428
2.0
3.572
1.82
1.176
1.076
6.196
0.608
2.26
0.636
1.932
0.58
2.476
2.46
2.528
7.324
4.92
3.532
2.116
1.584
2.7
7.052
1.228
1.644
1.448
1.244
8.836
0.084
0.756
1.3
0.956
0.62
10.604
0.516
6.616
2.26
0.332
2.68
0.144
0.068
3.288
4.368
2.816
1.404
6.88
6.772
2.264
0.496
0.192
0.204
8.512
10.292
2.696
3.288
4.628
1.556
1.984
1.06
0.484
9.78
1.008
3.272
2.72
1.144
1.856
0.336
4.348
4.344
0.376
5.936
0.808
6.624
0.884
0.124
3.752
0.204
2.868
0.572
5.88
0.58
3.94
0.628
2.236
0.1
0.696
2.78
0.252
4.52
2.712
6.928
1.312
0.748
3.464
3.02
0.576
1.576
0.608
8.684
0.16
0.14
3.004
2.976
0.2
6.244
1.008
2.872
5.7
3.2
0.16
1.112
1.892
3.836
7.756
2.532
0.312
1.8
1.652
1.38
0.336
7.556
0.128
0.476
1.22
1.972
4.208
1.348
8.276
2.344
0.888
1.436
5.044
0.644
8.376
3.72
2.896
0.432
3.108
1.36
0.412
3.912
6.932
4.768
0.192
0.664
1.256
1.412
3.428
0.196
4.852
3.332
2.396
1.844
0.316
1.036
4.94
4.412
4.356
1.972
0.148
2.712
0.544
0.204
0.136
1.084
4.352
1.34
3.792
0.748
0.136
2.224
0.772
7.876
2.764
0.956
0.336
0.852
2.984
2.036
1.144
1.396
1.904
1.776
1.568
0.86
0.94
1.192
1.736
0.136
3.12
9.164
1.932
1.616
8.904
1.86
6.464
3.8
1.128
2.592
2.836
9.536
0.756
0.22
0.52
6.1
0.54
3.064
5.1
1.708
0.352
2.544
1.192
2.2
2.616
0.204
0.7
0.38
2.456
4.68
3.46
0.148
4.532
9.708
8.892
4.748
4.972
1.416
1.592
0.68
1.248
3.324
5.124
7.988
0.672
1.52
0.232
0.436
2.064
2.336
0.948
1.504
3.048
5.516
4.528
0.636
1.372
3.428
10.756
0.528
0.696
1.18
1.1
8.7
3.828
2.96
6.008
0.22
2.248
4.508
1.132
1.144
2.332
7.856
4.264
4.232
4.012
4.864
0.604
1.464
5.628
1.272
1.012
0.808
2.176
6.76
1.068
0.132
10.756
0.744
1.416
1.852
0.176
0.312
6.916
2.984
4.7
3.088
0.528
10.22
4.172
2.468
4.108
4.304
1.888
0.46
2.308
5.316
1.716
1.516
9.428
0.348
1.256
0.656
1.908
1.42
4.336
2.672
3.232
4.292
8.232
2.592
0.328
0.832
0.116
4.396
0.348
0.596
0.452
5.84
7.808
0.684
2.952
1.276
0.088
0.516
7.332
4.032
1.344
4.876
2.812
1.18
1.972
10.34
1.724
6.164
2.98
1.536
4.672
2.524
2.532
1.432
0.476
0.652
1.772
3.472
4.16
0.336
2.48
8.24
0.352
2.864
4.308
1.244
3.78
0.78
5.252
1.244
0.724
1.868
0.64
0.284
0.628
2.732
5.052
0.216
5.336
1.792
0.072
1.436
0.344
1.044
6.944
2.016
0.296
4.336
0.356
2.552
0.96
0.948
9.54
0.984
1.952
0.232
4.304
0.996
0.944
3.496
0.436
0.1
2.068
1.184
0.46
10.104
6.368
3.436
6.668
2.812
1.36
10.5
1.0
1.012
1.696
2.052
0.544
0.964
0.372
1.832
5.076
1.984
0.668
1.732
1.528
4.528
0.792
0.428
6.688
2.592
1.42
2.272
3.22
1.604
0.884
1.636
2.168
4.26
3.224
0.268
4.224
0.072
1.94
0.404
4.116
0.292
3.856
0.728
0.1
0.188
0.256
1.808
2.008
0.58
5.044
1.588
1.228
0.376
2.12
3.064
0.528
1.256
3.788
0.884
0.484
2.78
3.24
3.136
1.056
2.512
0.54
0.652
0.348
5.164
0.24
0.324
2.172
1.5
9.44
11.032
0.204
0.38
4.224
1.308
3.24
5.876
1.412
1.452
0.128
5.464
2.056
0.944
1.312
0.068
2.432
0.6
0.46
2.6
0.568
1.968
0.684
2.988
1.332
2.448
1.964
8.056
0.892
2.324
6.656
0.488
2.5
1.292
1.808
4.168
0.284
7.26
4.192
7.548
0.264
7.44
2.452
0.428
6.612
3.864
0.38
1.336
2.18
4.188
0.504
2.532
0.26
1.656
2.588
0.432
0.728
6.348
8.712
0.356
2.452
1.624
0.196
0.916
0.864
2.172
3.512
1.828
0.484
2.1
1.58
2.264
0.992
2.556
1.328
1.496
0.476
7.764
3.204
2.156
0.312
0.58
0.68
0.396
0.584
1.396
6.996
1.112
1.776
4.78
6.192
4.152
2.788
2.536
2.224
1.904
0.96
2.04
0.764
4.784
1.408
2.832
0.6
1.492
3.12
1.692
2.616
2.696
0.332
3.596
0.452
0.228
0.88
0.792
4.66
4.616
1.892
5.224
2.648
2.544
1.676
0.068
0.32
6.148
1.008
9.2
9.82
2.204
4.692
0.652
1.048
1.8
1.492
0.604
0.204
1.344
4.904
1.712
0.568
4.108
1.78
0.412
7.4
0.5
1.648
1.576
0.116
2.964
3.732
1.38
0.992
1.996
0.184
0.14
1.404
1.6
0.444
7.352
2.712
10.884
0.688
6.28
0.472
2.784
0.576
0.228
4.696
3.18
4.004
2.828
4.072
0.224
3.928
0.928
0.26
0.076
2.236
0.864
3.472
4.104
0.108
2.896
6.088
3.02
2.084
1.272
0.576
0.44
9.932
2.876
3.58
0.476
2.3
0.252
2.62
1.932
0.508
0.688
5.748
1.752
2.332
2.856
2.444
3.64
4.244
0.868
0.212
2.856
0.588
4.312
4.008
0.856
9.384
2.064
7.6
0.116
6.148
1.024
0.624
0.876
1.804
2.4
2.424
3.852
3.872
10.612
3.68
6.436
1.228
3.852
1.216
4.524
1.14
3.86
2.004
2.624
0.58
0.392
7.204
1.892
2.3
1.224
2.604
0.232
0.3
2.724
1.816
2.172
2.548
4.524
0.116
2.1
1.748
0.38
0.304
0.732
0.536
1.524
1.252
0.384
0.264
2.78
0.416
0.612
0.692
0.784
6.344
1.148
2.576
6.42
1.564
1.44
8.12
1.436
0.588
0.816
0.956
0.504
3.584
1.848
1.12
2.14
0.948
3.38
4.432
3.88
0.288
0.648
1.848
0.844
4.36
2.952
1.564
1.628
2.256
1.168
4.608
4.192
0.712
1.2
1.204
1.192
0.392
0.668
1.236
0.872
6.948
1.568
5.268
4.132
1.328
3.848
0.088
0.612
1.184
0.54
4.344
2.792
0.164
0.44
0.568
2.168
7.148
1.9
1.316
0.5
1.028
10.672
4.828
0.552
0.436
0.66
0.62
2.504
4.724
0.504
1.664
2.656
0.144
2.516
2.16
4.008
3.228
4.896
4.892
9.76
5.948
0.28
1.42
1.604
0.572
0.928
1.108
9.224
5.432
0.204
0.076
1.244
0.096
4.6
1.592
0.196
9.94
0.42
1.404
2.4
0.372
3.536
0.636
0.708
0.956
0.344
1.3
2.932
0.192
3.148
3.236
8.688
0.384
0.128
0.492
0.916
0.636
0.788
0.652
2.124
4.744
6.368
0.372
0.436
8.496
1.028
0.864
0.576
1.692
0.252
0.212
4.276
0.448
1.904
3.552
2.86
3.336
1.096
1.024
1.896
3.144
1.364
10.696
0.784
0.268
0.688
4.696
6.124
2.708
2.176
1.008
1.14
1.872
0.096
4.156
0.564
2.22
10.468
2.04
5.232
0.572
2.236
0.08
1.024
4.012
1.096
0.192
0.192
2.772
1.556
0.848
2.168
0.864
1.192
6.648
1.324
4.28
0.344
0.692
2.092
2.728
3.028
1.232
3.008
0.556
0.592
0.68
1.98
1.812
6.224
3.584
0.488
0.348
5.684
0.168
0.792
5.632
4.96
1.36
0.68
2.728
2.32
1.0
0.132
8.372
1.708
8.524
0.496
0.624
0.656
4.788
0.788
0.26
6.016
2.284
9.676
1.348
3.896
1.144
1.772
0.284
3.368
6.072
4.312
0.892
1.784
0.336
0.464
8.332
1.672
7.704
1.924
9.1
0.2
2.652
1.776
2.392
0.132
6.1
0.08
0.964
6.38
3.016
0.24
0.876
1.028
0.548
4.852
1.252
0.86
0.384
0.264
0.44
6.54
0.348
1.856
3.136
8.228
1.628
0.632
5.012
0.692
2.032
1.992
2.332
0.236
2.604
0.848
0.416
3.964
2.368
0.08
1.988
7.124
1.564
0.596
4.12
0.796
4.164
0.116
8.74
0.564
5.384
0.524
0.356
0.82
0.148
2.836
1.436
0.908
1.852
1.372
6.364
1.984
3.372
2.364
2.752
1.016
3.716
0.68
1.6
0.088
10.0
2.452
8.652
0.456
1.08
0.716
1.664
1.828
6.572
5.852
2.628
2.108
0.572
0.976
9.28
1.688
2.076
2.46
5.1
0.54
3.104
0.692
0.56
6.02
3.08
3.696
4.708
10.308
0.3
3.528
0.344
1.876
0.992
6.124
1.012
0.568
1.564
0.692
7.768
0.26
0.928
0.228
2.688
10.08
0.78
2.4
1.504
6.244
2.72
3.436
0.26
0.944
6.268
1.524
0.532
5.46
2.436
1.08
1.76
0.72
0.124
3.012
2.788
0.236
0.4
0.444
0.12
0.152
1.504
1.952
0.08
0.888
1.208
4.608
1.54
2.708
2.168
4.2
7.704
0.868
0.092
5.648
0.9
1.912
9.792
2.26
0.548
1.768
0.136
0.272
0.18
0.608
2.392
0.104
1.864
5.064
1.288
0.244
0.26
0.816
0.556
1.748
0.584
5.072
4.3
4.996
10.476
2.76
1.724
0.292
0.324
1.38
0.512
2.864
1.144
2.484
2.52
0.748
1.76
1.152
2.32
2.3
0.336
5.664
0.228
0.224
6.88
1.864
0.596
3.356
0.328
1.608
0.244
1.528
2.944
0.164
0.224
2.316
5.144
2.076
0.716
10.784
3.984
3.784
0.34
3.228
2.944
4.592
3.356
3.088
0.176
1.828
0.476
5.44
1.316
0.116
2.496
2.46
3.436
0.1
0.324
3.232
5.884
0.108
1.012
0.936
3.544
0.984
2.936
2.372
8.244
1.3
0.2
4.464
0.264
4.224
1.784
5.104
0.84
0.98
1.184
2.436
5.712
0.128
1.412
2.368
2.948
1.816
5.688
0.312
2.472
0.948
6.32
4.44
6.628
2.272
4.188
2.972
4.192
2.012
0.32
2.024
3.092
3.676
2.26
0.608
0.12
1.408
3.448
0.62
0.268
1.984
5.596
1.9
2.676
0.3
8.416
5.412
10.136
0.928
3.024
0.696
2.336
2.6
3.972
4.444
1.068
1.228
1.472
0.204
0.084
1.668
1.78
1.968
2.672
1.06
5.06
1.752
3.784
3.952
0.476
0.228
1.064
0.62
0.624
0.08
2.024
2.124
1.06
4.44
1.824
8.008
0.176
0.164
0.324
4.456
0.52
3.488
1.172
4.78
3.168
0.156
4.724
1.248
1.468
2.9
1.104
1.332
1.872
0.1
0.508
3.516
4.488
4.132
0.692
2.012
2.716
0.196
4.248
4.424
1.812
0.548
0.784
0.132
0.488
2.136
1.536
2.364
0.66
0.08
2.52
0.672
1.608
0.308
5.696
0.972
0.248
3.34
3.604
8.236
1.268
2.648
0.776
0.388
1.456
1.388
0.412
6.904
1.092
4.004
6.944
1.82
2.516
2.544
7.188
1.36
2.38
5.64
4.864
1.144
4.684
1.652
0.676
1.468
0.876
0.924
0.972
7.86
10.904
0.152
0.268
1.028
3.992
3.24
8.944
2.836
2.352
1.824
0.944
1.956
8.992
0.928
0.076
0.856
1.6
1.684
10.66
0.436
1.076
0.304
0.492
0.524
0.424
0.632
5.772
0.116
0.54
5.32
0.316
7.82
1.656
0.184
0.52
0.924
2.736
0.2
0.724
0.088
0.416
0.116
0.812
1.564
0.456
8.592
0.528
6.276
1.524
3.576
0.812
0.828
0.284
3.28
0.604
1.14
1.168
0.344
4.992
3.416
0.932
3.016
4.972
5.456
0.528
1.364
10.744
5.492
1.416
1.38
2.832
2.2
0.644
0.86
1.416
1.368
1.176
2.392
9.136
0.884
1.048
4.028
1.324
0.64
2.48
0.596
1.88
2.608
1.964
8.412
1.4
0.56
0.98
4.544
0.292
2.868
4.296
3.504
0.196
2.94
0.888
1.484
0.548
3.252
1.916
0.652
7.288
7.66
0.304
0.084
0.9
2.172
0.608
4.968
8.752
4.056
8.256
1.508
4.0
0.548
3.348
0.164
3.468
0.58
3.096
7.296
3.32
1.044
0.428
0.344
1.084
3.52
1.732
0.336
5.296
6.008
1.028
0.604
0.704
4.464
8.064
1.86
6.064
6.38
7.048
1.792
1.292
4.748
1.712
5.224
3.18
2.368
0.264
2.824
0.192
1.724
4.412
2.512
1.436
1.192
3.292
2.14
0.636
1.132
0.896
0.396
1.28
2.932
1.244
4.44
0.54
0.192
7.492
0.456
4.588
1.456
2.716
2.58
5.896
0.844
6.056
1.516
1.648
0.788
0.16
2.584
1.624
0.648
0.1
3.124
0.34
1.044
5.54
2.3
1.008
3.0
1.616
1.044
1.064
1.064
0.132
1.004
1.652
1.048
3.432
0.932
2.564
1.648
4.116
2.124
1.424
3.46
3.416
2.892
0.548
3.316
2.836
2.04
5.396
0.484
3.228
2.068
6.336
4.852
7.416
5.956
8.168
2.264
1.54
4.636
2.88
4.648
6.116
5.22
7.16
1.924
2.864
2.436
1.612
0.328
0.928
0.496
0.564
1.524
2.08
0.832
3.636
0.256
4.728
0.72
0.412
2.756
0.556
2.108
5.08
1.308
5.128
0.948
0.264
1.884
0.828
2.344
3.808
0.896
5.56
9.432
1.58
2.252
0.88
0.9
1.044
2.392
1.296
3.852
1.368
0.452
2.34
0.084
1.032
3.58
1.536
5.06
2.284
2.652
0.204
1.148
1.884
5.74
5.344
6.324
5.16
6.284
7.004
0.964
2.38
10.064
0.644
3.0
1.9
0.468
1.112
7.1
1.664
1.812
5.584
0.528
0.356
0.852
1.076
1.676
3.156
0.2
0.32
3.948
6.764
0.96
2.368
0.6
2.416
4.068
8.652
0.82
2.692
0.628
2.368
10.84
2.16
5.856
0.792
1.376
8.304
0.276
1.172
6.424
1.856
1.704
10.044
8.992
1.576
1.252
2.16
0.128
2.46
1.372
2.32
0.392
2.596
1.476
1.792
0.84
2.544
0.28
0.524
1.348
1.504
6.124
0.756
0.212
2.036
0.064
2.808
10.572
1.076
1.076
1.14
6.684
3.172
5.56
1.664
2.516
6.936
2.9
5.124
0.536
2.636
1.24
0.136
0.84
1.172
8.316
2.152
0.276
2.848
2.896
2.048
1.332
2.228
2.812
2.064
0.696
1.288
0.428
3.552
0.116
1.244
0.132
0.328
0.26
3.796
1.188
0.764
0.292
1.852
0.2
4.156
0.216
0.728
0.392
1.0
5.612
0.092
4.572
0.496
3.624
0.308
0.4
1.104
0.272
1.328
0.844
0.984
0.636
0.336
0.504
1.36
1.184
2.412
1.908
8.036
7.704
0.24
1.72
0.112
1.296
1.376
0.176
1.128
5.996
0.576
0.428
3.396
0.088
2.548
1.24
0.456
6.016
3.424
1.064
1.22
4.86
6.876
7.924
3.936
1.2
1.312
0.704
1.656
0.42
0.128
0.904
7.672
1.888
5.82
1.456
0.392
10.588
1.18
0.816
0.82
2.008
0.684
3.108
1.952
2.648
4.212
0.264
1.284
1.928
4.156
0.628
1.292
0.548
3.984
6.292
0.136
2.276
1.972
0.792
7.108
0.488
2.32
5.756
2.932
3.42
2.556
1.308
10.508
2.964
4.76
0.8
2.124
1.888
8.72
1.02
1.304
4.124
0.36
1.32
1.196
2.892
0.244
3.648
1.804
1.536
8.612
1.12
0.204
8.36
1.216
10.66
1.744
0.068
1.648
0.156
0.684
0.96
2.536
5.468
7.904
5.52
0.968
0.156
4.964
4.372
4.704
0.168
2.784
1.12
0.088
2.34
1.84
9.992
0.204
3.828
0.672
0.412
4.332
7.808
2.996
0.304
0.4
2.304
1.704
0.08
1.384
1.924
5.596
0.36
2.512
3.26
0.62
1.716
2.092
1.992
0.616
1.552
0.244
0.98
0.068
0.348
0.592
2.408
1.072
1.26
0.476
0.48
3.372
0.368
0.772
1.008
2.284
0.764
1.792
9.424
4.008
1.272
2.416
6.372
3.352
1.0
0.3
0.68
0.104
1.104
1.644
0.1
1.652
0.532
1.276
0.792
9.972
6.652
1.204
5.052
5.472
5.104
6.86
3.084
0.736
0.484
2.292
0.556
2.572
1.56
2.344
7.992
1.276
1.848
1.26
0.192
0.168
1.08
0.668
0.196
1.72
2.18
2.344
2.52
0.24
0.22
5.368
2.428
0.244
0.54
1.492
3.832
5.136
0.412
0.624
0.788
1.856
1.212
0.072
3.916
0.224
8.92
5.36
0.596
1.4
0.396
0.452
1.132
3.004
3.592
3.1
0.848
6.52
8.336
2.536
2.804
0.512
7.8
0.844
2.088
6.612
6.212
0.468
1.324
2.528
3.888
0.188
3.536
4.736
4.088
5.676
1.796
10.628
5.456
2.216
0.968
1.376
5.144
0.692
1.3
0.176
9.288
1.124
4.452
5.524
1.096
0.384
10.656
0.2
0.376
0.564
0.612
1.704
10.516
8.1
0.2
0.528
0.756
11.016
1.088
2.84
2.556
0.404
0.196
5.292
5.38
3.72
2.332
4.916
4.24
0.9
1.52
0.764
3.496
9.912
2.924
7.916
2.872
5.676
10.248
3.316
1.684
0.864
1.34
6.756
4.468
1.78
0.524
4.74
0.468
0.1
2.372
3.908
0.644
2.924
0.64
5.744
1.1
3.888
0.904
6.156
1.944
2.168
0.332
2.516
1.312
1.428
7.38
3.112
0.328
9.524
2.344
0.244
0.628
0.612
3.124
7.964
0.292
0.18
3.404
10.372
1.088
1.112
9.268
0.26
1.708
2.056
1.188
4.072
0.132
3.98
0.744
0.424
0.732
0.244
8.14
0.16
3.148
0.724
0.776
0.916
8.28
0.668
2.06
3.784
11.068
0.976
1.496
7.084
0.248
1.904
0.372
0.872
0.184
2.404
5.464
4.368
2.908
4.972
6.772
0.976
1.044
5.648
2.408
0.8
5.504
0.196
0.984
8.648
6.704
2.58
4.236
1.908
0.368
2.76
3.144
0.244
4.208
2.312
8.992
3.16
1.584
1.78
0.604
2.264
1.052
1.216
1.312
1.464
0.328
1.568
0.392
0.632
0.592
6.908
9.42
4.792
8.532
9.444
6.084
0.092
2.892
0.084
8.3
0.212
5.152
0.34
1.2
1.104
2.372
1.684
1.484
2.672
2.988
2.388
0.7
1.856
0.832
0.644
2.296
0.288
0.436
0.196
2.18
2.6
1.048
0.576
2.212
0.132
1.304
6.228
5.036
0.188
0.232
0.26
6.468
0.772
3.0
0.352
1.032
0.752
1.572
3.208
1.452
1.716
2.828
6.7
1.704
0.14
4.484
5.824
0.256
0.464
1.528
1.656
8.02
1.232
0.168
0.392
0.288
0.7
3.996
3.712
8.412
7.304
0.464
0.552
0.2
0.424
9.9
3.848
2.712
0.172
1.34
1.508
0.944
0.128
1.312
0.784
2.636
1.192
2.7
1.028
7.456
0.644
2.364
1.892
0.944
3.412
0.448
1.144
0.804
4.676
7.048
2.392
1.604
0.976
6.756
0.36
1.764
4.796
9.564
1.744
0.22
4.808
2.736
2.524
2.728
4.292
2.488
1.056
2.516
2.308
8.916
5.632
3.82
0.488
3.6
0.828
1.58
4.504
0.644
1.028
9.748
0.1
2.096
9.28
1.78
8.116
1.868
4.968
2.476
0.372
0.392
1.4
1.184
0.776
1.644
1.376
3.42
1.584
2.248
0.428
1.256
2.692
3.22
9.532
1.724
1.256
2.976
1.004
0.224
3.932
3.352
0.22
9.616
7.076
0.224
1.028
0.324
6.888
7.06
1.612
3.196
2.08
4.308
0.084
0.104
0.468
0.212
0.336
0.92
0.136
8.496
0.636
0.88
2.164
0.628
0.528
4.04
2.3
6.948
1.144
4.816
3.14
2.416
0.336
0.328
0.28
0.428
2.736
2.164
0.58
1.804
1.304
3.504
3.044
3.52
0.464
3.944
1.124
0.132
0.296
5.492
0.584
1.116
1.152
1.196
0.084
2.428
5.812
0.672
0.16
1.568
0.884
1.564
0.872
1.696
2.168
0.112
7.204
0.476
0.188
5.564
1.652
0.96
1.82
1.376
1.324
3.028
2.032
0.944
6.784
2.764
3.036
3.456
8.892
0.296
0.9
0.076
2.992
2.612
0.064
2.816
0.52
2.452
3.068
0.22
2.324
3.268
2.536
1.968
1.712
0.584
1.364
2.304
2.4
2.304
5.644
0.92
1.376
1.58
2.844
1.856
1.024
1.396
4.336
4.66
0.232
1.58
5.0
8.764
2.592
4.652
0.596
0.916
0.484
1.156
1.388
0.584
0.124
3.836
3.464
4.328
1.652
0.912
1.22
0.372
2.328
3.076
8.396
0.364
1.028
3.62
9.268
0.42
1.584
6.224
0.508
1.6
5.256
0.372
2.684
4.536
2.472
0.832
4.052
9.424
3.264
1.124
3.452
6.74
1.736
1.856
1.192
4.312
0.168
0.556
2.128
3.184
0.324
5.604
0.284
1.544
0.14
2.888
1.48
1.104
4.336
0.908
2.16
1.688
9.644
2.372
0.844
0.476
0.7
2.1
2.3
0.636
1.352
2.724
2.372
0.444
0.844
4.096
0.292
0.232
6.148
0.3
0.812
6.544
2.096
0.588
4.428
0.12
0.656
0.428
3.784
8.444
6.704
3.88
3.216
3.288
1.324
1.124
1.628
3.924
2.08
9.788
3.424
1.92
0.244
9.864
1.672
0.768
2.144
6.872
1.48
0.336
3.936
2.404
3.888
1.664
2.76
5.892
0.196
1.56
3.236
2.132
1.328
0.076
0.688
0.3
4.36
1.82
0.868
2.268
2.436
3.22
0.468
0.616
2.028
1.376
0.336
7.712
0.464
1.856
1.608
7.336
1.216
1.068
7.364
9.224
0.136
0.88
0.748
7.02
2.368
0.652
5.1
2.9
1.456
1.348
3.792
1.472
3.196
0.168
0.14
3.52
4.052
3.376
2.916
1.86
0.408
1.808
1.196
9.124
1.176
1.46
8.824
0.064
3.992
0.536
5.348
6.504
0.86
8.76
1.44
0.416
1.164
0.344
8.924
1.08
0.46
3.716
1.016
0.408
1.376
7.44
2.912
5.22
4.104
0.348
0.32
1.968
0.128
6.236
1.36
0.3
0.464
1.236
0.772
1.788
0.932
3.588
0.14
3.812
1.608
1.916
2.444
2.604
0.192
0.14
1.852
2.804
3.256
3.06
0.324
3.064
2.176
2.448
0.128
0.372
4.144
2.652
0.476
1.332
2.004
2.412
2.184
10.856
1.608
1.624
0.912
3.76
4.024
0.252
5.38
0.636
0.072
0.296
10.672
0.256
4.312
4.592
0.152
0.288
0.344
2.112
1.952
7.244
0.076
2.888
0.86
7.528
2.576
0.416
0.764
1.108
1.352
2.532
1.328
0.716
1.632
0.088
1.144
0.252
0.52
2.816
1.256
3.048
0.54
0.152
0.2
5.172
0.468
2.412
3.708
1.236
0.424
2.8
0.476
0.284
3.248
0.392
2.804
1.28
2.288
0.64
2.116
5.904
1.744
1.848
0.136
10.968
0.456
0.304
3.14
2.016
0.448
3.904
0.208
2.192
0.36
0.652
0.744
8.34
0.7
3.984
3.132
8.592
2.184
0.476
0.132
3.584
6.436
1.536
1.2
6.78
2.184
4.012
2.616
1.524
1.464
8.544
3.484
5.364
0.276
2.384
0.448
2.644
0.26
5.764
2.036
0.552
0.464
8.756
8.824
0.932
10.184
5.308
4.356
3.036
0.608
0.364
4.128
2.5
1.388
8.68
8.164
0.904
1.572
9.2
0.6
0.1
4.28
0.908
2.212
2.752
1.352
7.856
3.188
9.4
1.924
10.14
1.068
8.688
0.248
3.372
0.204
0.188
1.432
0.18
0.144
10.432
1.576
2.436
0.184
0.332
0.504
0.088
0.7
0.716
0.164
8.472
3.096
3.3
0.7
0.152
3.588
0.288
0.5
3.768
0.936
0.824
0.74
6.236
2.48
1.104
0.916
10.824
1.752
3.616
1.008
5.612
4.992
3.504
0.208
0.072
1.936
4.884
7.268
5.756
2.092
2.248
0.232
4.952
2.92
7.172
1.1
8.58
0.656
2.048
3.14
1.44
0.36
0.508
4.904
1.156
0.996
6.256
2.956
4.928
0.24
4.484
2.284
0.764
7.36
0.78
0.352
7.632
3.548
3.568
2.176
0.288
4.224
1.76
1.052
0.808
0.556
1.936
0.376
1.196
0.208
0.28
0.596
0.384
1.52
0.64
1.292
4.068
2.552
2.472
0.444
4.484
0.464
8.132
1.644
1.868
5.896
2.836
2.268
5.448
3.764
2.284
10.368
0.376
0.444
0.712
1.896
3.0
2.52
2.704
2.2
2.976
8.48
1.536
6.24
1.408
0.544
3.46
3.228
1.104
4.712
7.848
3.204
0.968
3.832
3.88
1.888
0.288
4.928
0.62
1.312
6.624
0.872
0.2
1.816
0.82
0.672
0.768
1.46
10.328
0.136
4.712
0.972
0.968
0.356
2.824
2.648
2.96
1.452
0.212
0.212
3.024
0.916
1.512
0.568
0.312
9.944
1.92
0.968
8.148
0.188
10.2
5.6
1.496
1.76
2.012
0.136
4.836
0.252
4.964
11.068
0.544
0.4
4.796
1.212
1.116
0.748
0.26
0.364
1.556
0.468
2.428
0.44
1.52
1.088
1.776
9.868
1.288
0.692
1.46
3.268
7.704
0.276
0.196
0.676
9.064
0.2
3.152
0.792
0.916
0.216
2.044
2.176
0.564
0.204
0.08
1.936
2.304
7.116
3.844
0.832
1.78
0.5
1.308
5.14
11.012
1.096
0.208
0.576
0.228
2.208
3.848
0.332
2.472
3.136
2.496
0.084
2.196
10.856
0.592
6.112
0.068
0.196
0.336
3.652
2.528
6.276
0.836
1.224
2.572
5.144
0.916
0.148
1.552
6.868
1.58
3.096
6.596
1.448
0.648
2.904
2.568
2.728
2.544
0.364
4.164
3.104
1.636
7.004
8.192
1.0
1.52
1.072
6.664
2.488
3.836
3.556
5.96
3.912
3.768
0.368
3.924
2.836
1.392
3.58
0.124
3.252
3.128
0.628
6.176
5.076
1.432
0.12
0.708
2.916
1.436
8.584
0.156
6.208
7.048
0.232
3.772
4.188
2.408
0.684
1.568
6.944
3.724
0.996
6.388
0.464
0.556
1.944
2.036
1.04
0.82
2.928
1.576
3.964
4.776
8.172
2.336
5.012
8.016
4.016
6.916
2.66
1.724
5.436
0.456
1.888
0.536
2.12
0.752
7.564
6.488
3.696
0.072
0.596
0.176
1.468
5.62
1.132
0.276
3.236
2.936
0.572
6.292
2.568
0.228
1.604
2.56
0.192
2.292
3.112
1.76
1.612
1.956
0.872
4.136
2.268
5.112
3.124
6.552
1.728
3.72
1.86
