1.5
1.656
0.808
1.172
4.892
0.236
0.5
0.272
0.156
0.568
0.232
1.416
0.884
0.1
5.228
1.584
0.1
0.416
2.172
1.476
0.136
1.492
0.54
0.1
0.1
0.444
0.98
4.668
5.828
0.608
4.396
1.856
0.44
3.1
1.276
3.628
2.84
8.204
0.148
0.936
2.688
1.488
1.884
1.216
0.136
0.932
2.032
0.936
0.128
0.348
5.452
0.352
3.148
2.068
2.292
0.124
0.58
1.336
5.152
0.124
0.14
4.192
0.44
3.748
1.1
0.352
0.176
0.1
1.148
0.16
5.42
1.152
3.12
6.86
1.364
0.86
0.34
1.408
2.14
0.604
0.672
6.532
4.012
1.236
4.968
0.848
1.224
2.368
0.516
0.604
0.264
2.836
0.548
1.08
3.56
0.648
1.98
1.152
2.804
0.38
1.168
4.872
0.3
0.144
1.696
0.66
0.472
0.212
0.156
2.948
0.12
0.82
2.24
0.648
1.824
3.904
2.924
3.908
0.156
1.624
2.892
0.124
0.172
1.892
0.14
0.144
1.168
3.228
0.156
0.412
7.588
0.096
0.884
0.112
1.96
4.728
0.448
0.296
0.292
0.484
4.132
0.44
0.384
2.532
1.228
1.064
6.796
3.492
0.116
0.524
0.188
0.664
0.592
3.276
1.0
0.36
0.32
0.164
0.1
1.12
0.652
0.148
0.168
0.144
0.556
2.508
0.384
2.58
0.752
3.18
0.112
1.42
4.868
3.42
2.908
4.38
0.148
3.072
0.232
0.172
2.048
6.092
1.064
0.368
0.22
0.156
0.964
0.108
0.444
1.376
2.22
1.844
0.292
0.32
1.576
8.456
2.828
3.892
0.14
1.392
0.132
0.244
0.136
0.24
0.1
1.628
1.044
2.652
0.14
0.288
5.984
7.916
0.344
0.128
0.22
2.092
5.048
0.784
0.568
4.92
5.36
0.32
0.204
0.264
0.332
0.828
3.88
2.52
0.736
3.232
0.108
0.096
2.556
3.816
3.66
0.88
1.772
1.944
0.712
0.432
0.704
0.208
0.296
3.184
0.1
1.468
1.764
1.008
1.66
0.728
0.116
0.128
0.096
1.812
1.604
1.104
4.584
1.516
5.272
2.496
10.392
0.52
0.732
3.78
2.06
1.648
1.936
0.136
0.9
0.132
5.376
1.008
3.292
0.544
2.328
0.148
6.98
0.136
4.364
0.304
6.564
4.628
2.66
0.46
0.116
0.52
4.08
0.288
0.144
1.976
2.668
0.104
1.768
0.556
0.188
1.576
1.728
0.848
4.116
1.232
4.98
0.652
0.096
2.068
0.644
0.116
3.356
2.756
0.164
1.668
3.216
0.496
4.996
0.272
1.656
2.1
0.588
4.076
1.996
1.708
0.132
1.432
2.272
3.532
2.868
5.284
1.476
1.84
1.132
3.84
4.956
1.116
1.06
0.172
1.956
0.148
0.288
0.804
0.18
0.852
0.152
3.24
0.1
3.916
0.128
1.236
1.312
4.936
0.404
7.216
0.092
2.972
4.964
3.276
1.424
7.764
2.74
0.116
0.284
5.388
3.024
4.6
1.016
0.212
4.46
2.312
0.912
0.992
0.992
0.424
3.624
2.024
1.952
0.1
0.84
0.312
5.424
1.9
0.716
6.176
0.62
1.364
1.736
7.74
1.144
1.74
0.232
0.9
2.216
0.112
3.916
0.148
0.672
0.092
2.08
0.476
6.884
1.836
4.976
1.152
1.056
0.416
0.948
4.452
2.548
3.736
2.056
0.424
0.26
0.168
0.38
0.1
0.776
1.244
0.772
0.148
8.352
2.412
0.948
1.752
7.8
7.076
1.808
8.336
1.844
2.628
1.78
0.7
0.148
1.4
0.652
1.828
0.292
0.748
2.128
0.108
2.752
0.884
2.916
1.092
0.2
2.652
1.636
0.268
1.868
0.892
9.68
0.156
0.204
0.096
0.1
3.272
3.204
2.88
0.928
0.508
0.496
3.748
1.128
1.516
1.712
2.44
0.472
1.564
3.592
3.736
0.168
0.108
0.848
2.376
0.096
4.608
10.116
0.204
4.828
0.768
0.972
1.1
1.524
0.752
1.868
7.016
4.408
6.196
3.32
1.504
1.408
0.096
1.612
0.98
0.096
0.444
0.536
0.26
0.82
0.128
0.268
0.856
0.68
0.12
1.148
6.092
0.448
3.188
0.092
0.148
6.664
9.376
1.14
0.736
0.816
0.096
5.612
1.28
0.096
0.876
0.216
3.92
1.644
1.592
9.268
0.152
0.88
2.46
0.16
0.12
0.124
0.14
1.34
1.016
3.548
0.124
0.108
2.376
0.2
1.768
4.116
0.76
0.672
2.98
0.892
6.824
2.964
3.412
0.436
1.252
4.48
1.148
0.348
1.104
4.492
0.768
2.732
3.684
2.204
7.016
0.54
2.096
0.944
2.764
0.1
1.492
1.372
0.712
4.16
0.688
0.836
6.724
0.348
3.3
2.476
4.488
1.712
0.156
9.192
10.064
4.608
0.828
1.036
0.1
0.284
0.124
0.18
1.26
0.472
0.096
1.436
0.892
0.9
5.164
1.204
1.064
0.296
1.02
2.84
1.116
1.272
0.868
0.104
0.124
1.488
2.28
9.752
2.156
1.916
1.24
5.304
0.116
8.176
1.58
0.144
3.344
5.176
0.216
0.104
2.368
5.62
0.904
2.396
3.012
0.116
0.14
0.256
3.788
1.188
0.172
0.572
0.332
1.352
0.4
2.58
1.676
0.18
0.56
2.436
0.38
0.164
2.264
2.82
2.644
0.264
5.228
0.344
4.704
8.604
3.112
3.34
1.636
10.396
0.728
0.148
1.428
2.608
2.556
4.408
1.268
1.128
1.216
1.268
1.384
2.868
0.136
0.132
1.304
0.684
0.196
0.108
1.78
0.152
1.284
1.732
0.132
2.012
1.74
1.744
3.428
2.296
0.372
4.312
0.96
4.844
0.152
0.924
5.132
2.728
2.46
0.704
0.54
0.54
2.928
0.624
0.732
0.1
0.444
1.672
0.1
2.984
3.256
0.848
7.276
0.852
0.612
4.856
0.18
0.112
0.54
1.092
1.848
3.956
0.632
1.964
7.076
1.596
0.324
0.46
0.824
0.096
3.812
1.864
3.7
1.532
0.14
0.536
0.192
0.644
0.148
2.512
0.148
2.14
0.144
3.748
4.796
0.156
3.544
0.12
0.212
2.232
2.488
1.584
3.036
1.008
0.1
0.22
0.36
0.436
1.0
0.34
9.684
0.672
1.568
0.096
6.472
3.792
3.008
1.06
10.98
0.108
0.464
0.32
3.24
2.008
2.492
2.196
1.828
9.5
1.944
1.368
0.944
1.592
1.148
0.156
1.028
3.332
9.2
0.72
8.892
0.86
0.26
0.148
0.828
0.236
0.532
0.272
2.288
0.1
0.372
0.096
0.552
4.536
3.08
2.86
6.54
0.324
8.02
4.132
0.152
0.104
0.216
3.132
0.108
3.076
1.46
0.716
7.816
3.012
1.212
0.152
0.096
0.152
0.98
1.092
4.172
1.952
1.216
0.836
5.764
4.304
0.424
0.152
3.512
1.868
0.144
0.892
3.956
8.596
1.196
3.94
0.144
0.836
5.26
3.728
1.92
1.212
2.516
3.54
1.06
0.32
0.372
0.124
10.288
1.4
1.02
1.516
0.1
0.132
0.1
2.888
0.816
3.164
0.144
1.308
4.588
3.116
6.24
1.656
0.2
3.328
0.096
2.864
1.348
0.752
1.04
0.72
0.844
2.152
5.732
0.196
0.128
1.456
0.096
0.288
1.492
3.192
0.348
1.044
0.124
1.604
1.824
2.096
0.1
8.144
1.04
0.18
2.068
0.144
0.808
2.556
0.132
5.056
1.252
6.68
0.672
5.708
0.68
0.128
0.892
1.936
1.392
1.156
1.028
1.264
1.268
8.64
2.732
0.208
1.416
0.128
0.3
0.156
4.928
0.1
6.192
0.524
3.468
4.592
4.136
0.12
0.176
2.108
0.248
1.188
5.464
5.8
1.52
6.108
2.176
0.856
0.776
3.204
2.108
2.396
0.86
0.904
0.16
2.452
0.808
0.432
0.188
0.112
0.148
1.368
1.976
2.684
4.78
1.572
1.08
1.448
0.144
3.036
5.052
1.652
0.132
2.86
0.344
0.112
0.136
2.364
0.108
0.204
0.896
2.48
0.736
6.908
2.18
5.096
2.992
2.92
0.56
2.012
0.092
2.152
4.436
3.432
0.284
0.888
1.032
0.12
0.732
3.608
0.524
0.572
2.352
2.284
0.228
0.488
1.808
1.716
0.632
6.748
0.108
0.54
3.548
2.628
0.108
0.712
4.548
2.316
0.94
1.168
7.292
1.288
5.608
1.8
7.608
2.976
0.26
2.864
1.968
3.344
0.476
0.672
0.744
1.26
3.904
0.2
0.1
0.148
9.508
0.616
1.076
0.512
2.548
1.152
0.296
5.02
0.38
0.108
0.212
0.72
5.864
1.284
1.292
0.132
0.504
0.224
0.228
1.568
1.62
2.264
0.144
5.372
4.132
0.592
0.1
2.04
1.7
3.56
5.26
2.212
4.24
4.108
2.644
3.1
0.148
3.004
1.108
0.744
0.552
1.732
0.096
2.844
0.24
2.312
0.6
5.492
0.096
3.484
0.112
0.12
2.636
4.592
0.124
1.072
0.24
0.1
2.052
0.24
1.672
10.564
0.38
1.368
0.584
2.636
0.692
1.24
0.096
0.108
2.212
0.132
0.644
1.048
0.236
1.64
0.984
0.492
0.12
5.448
4.164
0.208
1.392
0.376
0.12
0.416
4.828
0.788
3.6
0.904
0.108
1.616
4.948
0.352
2.184
0.812
0.66
5.188
0.148
0.124
2.38
4.756
0.728
3.256
0.84
8.372
3.696
6.488
0.296
3.112
1.68
3.008
0.476
0.4
0.1
0.904
3.516
0.804
7.82
0.128
1.588
0.912
2.476
4.06
0.932
0.124
3.064
0.388
0.904
0.164
1.02
2.596
7.004
2.272
4.768
0.6
0.144
2.868
1.408
2.54
0.112
0.568
1.984
0.512
0.62
0.912
2.224
0.1
2.9
3.292
1.708
0.096
1.32
0.764
4.772
3.372
5.476
3.908
1.996
0.244
0.252
1.44
0.108
2.26
2.784
0.128
1.552
0.148
1.384
1.348
0.208
0.1
0.836
2.42
0.524
7.476
5.72
0.492
1.176
0.996
0.548
0.56
0.1
7.416
0.224
0.144
0.104
0.788
0.264
1.08
0.376
1.708
0.336
1.04
0.228
7.528
5.028
1.316
2.116
1.944
0.132
0.152
0.908
2.448
1.776
0.488
0.124
3.552
4.884
0.104
10.952
0.676
0.256
3.412
0.924
2.076
1.028
1.8
1.308
0.156
5.664
4.804
7.696
6.216
0.26
1.064
6.356
1.936
1.824
1.156
0.144
8.204
2.432
0.128
1.604
0.556
0.304
0.648
0.372
0.152
4.276
0.636
2.116
6.848
0.148
6.632
0.104
0.236
0.644
3.72
0.488
0.976
0.148
0.404
2.212
2.732
0.1
1.252
2.396
2.692
0.128
0.992
0.812
0.132
0.236
2.336
0.18
0.316
3.916
2.388
5.548
3.26
1.252
1.212
0.512
5.984
2.452
1.46
2.264
1.104
0.168
2.272
0.48
0.348
10.852
0.164
2.008
0.228
2.792
2.6
0.092
2.136
1.168
3.324
1.448
0.816
1.092
0.096
0.088
4.672
4.988
0.524
7.044
1.104
2.44
4.404
7.58
0.964
1.388
0.156
0.724
0.104
0.456
0.828
2.396
0.932
0.1
0.092
1.612
2.032
5.76
0.892
2.944
1.324
0.904
1.824
1.788
0.248
0.692
2.448
0.288
0.848
0.396
0.092
1.756
0.62
1.756
0.148
3.592
7.968
1.948
0.148
0.1
2.124
0.888
1.004
1.848
1.272
3.232
0.096
0.34
1.312
0.176
0.568
0.692
1.956
2.66
1.464
3.956
0.104
1.58
1.508
4.392
3.728
1.576
1.552
4.36
0.3
6.48
1.216
0.096
0.1
0.22
2.84
0.416
1.808
9.56
5.864
5.352
0.348
2.724
0.216
5.796
0.916
0.504
0.128
0.148
3.976
0.912
2.34
2.648
3.812
0.1
1.048
5.512
0.1
0.632
8.952
8.328
4.2
0.268
0.184
1.348
0.264
0.528
0.256
8.224
1.008
0.78
1.624
0.652
0.296
7.204
2.408
2.316
0.148
0.336
0.268
0.14
2.04
3.692
0.228
1.772
1.024
0.52
4.484
1.352
6.872
2.088
9.196
3.072
7.424
1.648
1.12
0.428
0.764
0.232
0.148
2.776
0.612
0.096
0.732
2.424
1.428
1.968
0.16
5.708
1.428
9.752
0.32
1.476
0.784
0.108
0.564
2.14
2.776
0.476
0.14
7.344
0.404
2.92
5.18
0.216
2.848
3.292
0.156
0.808
0.092
1.752
8.588
2.036
2.724
0.264
3.748
4.664
4.408
0.212
3.876
1.136
0.768
2.596
0.448
1.58
1.22
3.708
4.54
0.768
0.212
1.216
0.592
0.26
4.008
2.98
0.124
0.64
0.148
1.44
1.612
0.128
0.296
1.536
0.88
1.252
9.8
0.128
0.192
1.572
4.852
3.672
0.092
0.3
0.552
0.876
9.852
1.228
0.176
0.252
4.476
0.128
3.54
0.096
0.1
3.488
3.624
0.176
5.432
0.128
1.912
0.8
2.856
0.324
0.956
0.16
0.24
0.144
6.076
3.728
2.716
0.156
3.328
2.772
3.62
1.412
0.112
0.308
2.872
9.416
0.164
0.464
0.512
0.82
1.008
0.576
1.9
0.56
1.56
3.12
1.088
0.132
0.14
0.116
6.58
0.988
2.132
1.44
1.296
9.64
0.152
0.132
0.316
0.524
0.356
1.424
3.896
6.244
6.728
0.1
0.62
7.464
3.216
4.528
8.884
0.1
2.596
4.636
0.68
9.196
0.86
0.84
0.136
0.116
0.136
0.592
0.144
1.52
1.104
0.628
0.112
2.512
2.676
1.152
0.576
0.684
0.448
0.584
9.068
0.704
0.552
0.096
0.156
0.104
3.736
0.152
0.692
1.444
5.3
0.288
5.428
4.676
5.0
2.012
3.828
0.836
0.144
2.352
1.392
0.392
0.292
3.6
2.088
0.256
0.836
3.952
0.104
4.168
0.892
3.06
1.184
0.28
0.824
1.708
0.62
2.248
2.532
0.14
0.132
0.648
0.588
2.048
1.176
0.12
0.536
3.04
1.664
10.716
2.66
0.136
0.244
1.192
4.564
0.7
1.804
2.536
3.22
7.212
1.828
2.792
0.156
0.428
0.18
5.944
2.032
1.516
2.268
0.26
0.216
0.152
2.136
0.364
0.164
4.344
0.18
4.528
1.308
3.02
3.228
5.628
2.856
1.344
1.708
2.028
2.132
0.1
1.288
0.668
0.18
0.352
0.216
0.544
5.864
0.212
0.176
0.1
0.108
2.78
2.548
2.096
0.416
1.156
2.136
2.0
1.128
3.992
0.148
1.916
2.524
6.524
0.172
0.928
0.128
5.42
0.968
4.212
0.096
2.796
0.128
1.112
0.144
0.244
2.28
0.092
0.456
0.204
1.704
2.716
0.372
0.236
1.668
0.996
2.5
0.94
0.172
0.152
0.204
4.564
0.956
0.628
0.104
1.336
0.6
0.1
2.316
2.072
9.28
0.668
0.844
0.156
0.328
1.272
0.152
7.804
2.284
0.744
0.096
1.228
0.124
0.588
1.32
0.1
3.332
8.216
0.9
1.084
2.292
0.868
2.344
1.66
1.236
0.104
2.7
0.308
0.78
0.8
2.232
0.936
0.468
3.128
0.336
1.784
0.696
2.94
0.128
3.08
1.064
1.4
2.296
0.108
0.136
1.252
2.884
2.196
0.64
0.248
3.236
0.176
0.148
10.412
2.68
1.036
10.328
0.1
4.0
0.204
0.844
4.032
0.184
3.584
3.028
5.392
0.368
3.868
1.736
0.128
0.152
1.444
3.88
0.108
0.152
0.54
6.916
0.348
0.152
1.76
2.268
0.848
0.248
1.18
2.904
0.12
0.552
1.124
0.612
4.144
0.844
0.24
0.1
0.224
1.984
8.452
4.876
1.516
0.328
0.816
0.816
0.704
0.148
0.228
0.136
2.256
0.78
0.288
0.336
0.1
2.58
0.148
6.828
3.152
3.68
1.656
0.12
2.208
0.616
2.284
0.868
2.7
0.124
1.884
0.696
0.448
1.796
0.496
1.024
0.096
0.38
2.256
8.148
0.208
5.896
0.996
1.872
0.396
0.12
0.1
0.156
0.648
0.208
0.184
0.432
0.252
1.132
0.688
1.648
8.9
0.152
0.172
1.648
0.152
1.156
0.976
3.924
0.184
5.008
5.524
0.1
0.38
4.904
7.38
0.64
0.544
0.124
1.096
0.5
0.184
1.044
0.1
0.684
0.144
1.296
0.136
0.124
1.548
1.328
3.752
1.564
3.948
3.568
0.116
1.492
3.884
2.928
0.976
2.152
2.024
1.952
0.248
0.292
5.424
0.108
5.596
0.332
0.268
0.156
1.596
0.708
2.9
4.496
0.104
3.68
2.176
0.92
0.196
1.604
2.704
0.652
1.188
1.156
4.636
1.1
0.1
0.616
0.692
1.668
0.796
1.272
0.584
1.06
0.868
3.596
0.484
0.128
3.472
1.928
2.48
0.208
0.124
2.8
1.172
1.252
0.248
2.72
0.176
0.152
0.208
0.148
0.932
0.112
1.012
0.604
0.152
0.144
0.152
0.304
9.036
0.476
3.676
4.248
0.712
0.952
0.496
3.896
3.004
1.948
0.684
0.9
1.036
6.764
1.928
1.22
0.276
0.124
0.448
1.48
0.712
1.288
5.996
0.12
0.756
0.432
0.252
8.7
0.164
1.98
0.156
0.428
0.244
1.94
0.1
0.644
0.36
0.232
0.388
0.248
1.796
1.276
0.444
0.152
0.152
3.368
0.8
1.428
1.992
0.184
1.16
4.408
0.136
0.764
6.092
7.124
1.012
0.748
5.612
1.228
0.84
0.128
0.168
3.4
1.048
0.48
2.188
9.448
0.36
1.14
5.288
0.104
7.272
1.988
0.14
6.708
1.028
0.148
0.524
0.272
1.052
1.316
0.104
0.928
2.06
1.252
1.144
0.288
2.704
0.76
0.152
1.564
1.332
0.152
0.148
2.772
5.348
0.584
1.088
0.156
0.508
0.132
0.128
6.212
0.1
3.392
0.808
2.216
9.948
0.832
0.1
0.112
2.552
3.82
0.1
1.344
1.824
3.708
1.76
5.816
1.984
0.14
0.152
2.336
3.616
1.496
1.292
3.676
1.144
0.16
1.316
0.204
2.06
0.584
3.984
7.62
2.328
4.032
0.876
0.24
0.384
2.42
0.128
0.1
0.608
1.464
0.116
0.108
0.132
2.0
0.372
0.332
1.78
2.78
0.92
0.16
0.168
4.1
2.02
2.88
0.144
2.456
2.208
1.328
0.492
0.632
4.436
0.152
0.672
0.156
2.264
0.156
0.116
0.64
0.728
0.52
0.492
0.128
0.1
0.632
0.452
1.08
0.58
5.8
0.584
2.632
5.94
0.148
0.852
0.096
5.316
0.096
2.908
0.756
4.672
5.18
0.968
0.096
0.5
0.116
1.728
1.984
1.056
0.34
4.08
2.144
0.156
7.532
0.56
0.128
2.32
0.148
1.56
1.864
0.284
0.532
0.54
1.696
0.14
1.304
0.152
0.92
1.04
1.944
9.248
0.128
0.24
10.592
1.192
0.172
5.596
2.672
2.74
0.584
0.096
4.7
0.68
0.148
0.996
2.608
1.06
1.12
0.932
0.196
0.248
1.304
0.124
1.216
1.216
3.148
0.096
0.356
0.316
2.776
0.1
0.196
1.532
0.704
3.912
6.992
0.46
0.1
1.348
0.092
0.376
1.084
0.62
2.224
0.14
0.104
0.536
2.032
2.7
0.916
2.076
0.304
3.696
4.288
0.148
1.2
1.56
3.7
0.516
4.276
0.612
5.696
0.56
0.556
1.876
0.652
0.384
0.596
0.896
6.512
0.1
0.768
3.612
2.94
2.544
6.096
2.044
1.576
0.256
8.38
0.12
0.096
2.028
1.288
10.388
9.348
4.312
1.64
2.084
2.116
1.1
1.912
2.824
2.16
0.756
1.812
0.756
2.884
1.672
1.348
0.188
4.552
2.644
0.148
10.364
6.264
0.164
9.356
4.424
9.824
2.076
0.124
1.404
1.128
3.004
0.28
2.768
1.16
0.396
1.564
1.98
0.124
1.476
0.448
0.128
0.576
3.78
1.704
3.352
0.5
1.104
1.492
0.1
0.288
1.496
1.056
0.316
0.892
7.108
0.748
0.368
1.996
0.1
3.58
0.144
2.096
1.288
8.964
0.228
0.392
0.116
0.184
1.6
0.096
2.4
0.484
0.18
1.644
0.092
1.948
4.14
2.788
0.152
0.124
4.124
3.448
4.604
0.144
0.12
0.132
0.124
0.092
0.156
1.112
1.468
1.148
1.012
0.24
2.908
0.58
0.116
0.104
1.272
0.86
0.796
1.1
0.12
1.376
0.32
7.192
1.86
1.44
0.988
3.02
3.264
1.56
3.036
0.148
1.064
4.232
2.744
0.288
2.408
0.22
0.16
0.22
3.692
0.604
0.096
0.1
9.524
0.096
1.808
1.524
0.132
0.152
0.412
3.332
2.816
0.092
0.896
0.932
0.688
0.72
3.272
0.512
1.296
10.772
0.332
0.952
1.268
0.32
0.584
2.236
0.9
0.14
0.4
1.42
0.676
0.144
0.744
0.264
0.14
0.664
1.908
5.212
0.092
0.236
2.556
1.536
4.112
0.116
0.148
0.356
8.36
0.872
0.412
1.22
1.316
3.996
0.148
0.204
0.388
0.504
1.144
0.868
4.48
1.328
4.036
0.168
0.812
0.1
0.1
0.148
0.148
0.12
0.096
2.8
2.988
2.008
0.212
0.86
0.132
1.648
0.164
6.832
1.512
0.768
0.156
5.092
0.092
0.148
0.096
7.144
0.588
0.156
1.988
1.848
0.236
4.668
2.712
1.216
1.164
0.76
4.248
0.184
0.272
0.784
0.256
0.1
1.74
0.092
0.336
1.088
3.184
1.616
1.932
2.584
1.568
0.208
0.1
2.432
1.52
1.688
0.104
0.14
2.108
3.88
0.224
0.848
3.596
1.992
0.148
1.012
0.824
0.66
0.34
2.22
7.56
0.648
1.692
1.296
3.048
1.236
0.1
0.688
0.728
0.148
6.02
4.988
8.44
1.52
0.1
0.788
0.176
0.188
0.48
4.564
0.856
0.784
0.788
0.12
1.724
0.592
3.672
1.164
0.18
0.524
10.8
0.752
0.144
4.148
3.296
9.76
2.048
0.744
0.884
0.504
2.148
4.3
2.88
0.628
4.564
0.128
3.348
0.096
1.12
0.148
0.204
2.768
0.648
1.216
0.216
0.204
0.876
0.176
0.144
2.06
3.936
2.276
1.344
3.14
3.66
1.448
0.416
0.608
0.832
1.592
0.1
0.444
2.052
2.816
0.364
1.6
4.516
0.696
1.032
3.952
1.656
0.588
1.808
1.892
2.588
0.48
0.144
2.5
0.152
9.892
1.344
4.86
0.104
0.256
0.26
4.14
6.3
4.304
0.104
0.74
3.48
0.784
2.044
0.136
4.744
3.868
0.156
1.828
0.684
4.224
1.668
0.1
3.712
0.6
7.508
0.128
0.368
1.636
1.592
1.508
6.284
0.096
0.148
0.356
0.292
7.804
0.428
1.164
1.448
1.448
4.4
0.156
6.872
4.32
0.476
0.152
0.996
0.092
0.48
0.788
0.536
0.108
4.024
1.528
0.72
3.832
0.336
0.072
2.0
0.148
2.8
2.54
4.212
0.768
1.576
1.584
7.132
4.736
5.36
2.584
1.224
2.808
0.116
1.44
4.364
0.968
0.144
0.144
0.36
0.352
0.232
0.908
1.684
6.596
0.1
0.18
0.148
2.464
0.12
1.024
4.928
0.116
0.208
1.232
0.488
5.384
6.096
3.852
5.332
0.152
2.04
0.104
0.212
5.42
1.432
3.328
2.224
2.096
0.536
0.252
0.956
0.4
0.808
1.856
0.148
0.448
0.92
0.708
1.408
0.884
0.184
0.128
1.372
0.68
0.628
3.6
0.104
1.384
6.72
0.444
3.376
1.092
1.764
1.336
1.98
0.148
0.144
3.852
0.628
0.736
0.324
1.804
3.828
0.148
0.584
0.096
2.508
0.156
0.472
3.976
7.012
7.54
7.412
0.1
0.112
0.152
2.788
6.436
4.628
0.148
0.264
1.176
2.752
0.72
3.556
0.34
2.648
0.092
2.444
0.52
0.708
1.748
1.604
0.884
2.36
3.796
0.144
3.796
0.092
0.204
2.884
2.18
0.152
2.232
0.096
2.432
3.364
0.236
10.44
1.604
3.02
1.0
1.7
1.08
2.432
0.508
1.068
6.176
0.404
4.92
1.116
2.86
6.064
0.396
0.184
0.104
9.124
1.252
0.12
4.38
0.1
0.108
0.096
2.932
4.352
0.316
5.492
7.136
0.176
0.18
4.428
1.1
0.12
3.688
2.976
2.164
1.672
0.36
2.008
1.148
0.308
3.94
3.32
0.648
7.876
0.564
1.916
1.384
0.904
0.1
0.612
0.332
1.176
0.412
0.752
1.464
0.148
1.4
2.16
1.068
0.884
5.48
5.484
1.432
0.716
0.32
2.58
0.116
1.568
3.628
0.532
0.144
0.372
0.704
0.096
0.392
0.616
1.164
0.132
1.872
0.224
2.52
4.02
1.104
0.1
3.548
7.476
2.692
0.872
5.652
0.24
1.232
3.04
5.372
1.188
1.588
0.12
0.608
3.424
1.136
0.3
3.148
0.852
1.164
0.656
5.528
0.42
0.696
0.092
0.128
0.368
2.276
0.156
0.396
3.772
1.928
0.208
0.284
1.108
0.524
3.06
0.788
1.884
4.312
0.552
7.128
0.304
1.16
0.136
0.132
1.148
2.916
0.22
0.152
0.156
0.172
0.728
0.292
0.144
3.796
4.708
1.756
1.2
1.98
0.1
0.128
2.524
2.012
3.164
0.744
0.204
1.296
1.348
2.752
1.1
0.628
1.184
0.224
7.296
1.628
0.208
1.172
0.78
0.964
3.892
0.42
1.152
0.332
2.112
0.332
0.54
3.232
3.952
0.6
0.372
5.344
1.244
5.764
0.204
7.376
1.244
6.208
2.864
7.668
7.156
0.916
0.376
3.432
0.172
0.172
0.92
0.656
2.244
2.612
1.64
0.296
5.916
0.108
4.452
0.404
0.444
2.152
4.272
1.824
0.156
0.1
0.1
4.036
5.056
3.76
0.472
1.62
0.136
0.096
4.376
1.248
4.252
2.82
1.436
2.944
2.152
3.572
1.476
1.408
0.204
1.4
0.092
0.516
1.716
2.004
1.676
7.104
1.292
0.108
0.6
0.1
0.876
5.148
3.256
0.432
0.096
2.016
0.096
0.112
2.456
3.892
2.3
2.88
1.112
0.792
0.252
0.096
4.684
9.868
6.184
0.812
0.772
0.908
0.696
6.544
5.136
3.176
0.692
2.168
0.824
2.548
0.1
3.432
0.092
2.256
1.184
0.632
0.1
4.56
1.48
0.176
1.284
1.52
1.944
0.292
1.892
1.592
0.752
1.264
0.268
0.488
0.1
0.232
1.552
0.116
4.428
1.112
0.156
0.128
1.968
0.12
0.456
0.152
1.84
1.02
0.74
6.76
5.484
0.368
1.824
1.576
1.188
7.408
1.764
1.8
2.896
0.104
5.548
0.588
1.348
0.456
3.632
0.14
3.032
4.86
0.972
5.66
1.304
1.588
0.8
0.2
2.476
1.06
3.996
0.968
0.852
0.624
0.584
1.128
0.14
0.86
0.14
0.192
0.568
0.596
1.028
0.132
0.964
3.212
0.908
3.644
1.28
1.584
0.116
0.592
2.204
0.152
1.96
0.656
0.564
6.224
1.528
1.888
3.44
1.5
0.952
0.504
0.292
0.9
0.148
0.836
1.636
2.3
0.704
3.676
0.28
0.092
4.96
1.624
0.124
0.156
0.268
1.652
0.252
0.216
0.972
2.964
1.368
1.176
5.92
7.108
0.296
0.644
1.804
3.076
0.46
2.024
6.232
1.784
0.152
0.128
2.2
0.616
4.156
3.76
1.828
0.364
1.224
0.64
0.648
0.1
3.212
6.916
7.412
0.248
0.636
0.176
1.784
4.188
0.52
0.952
1.076
0.664
0.12
0.48
3.724
1.776
0.464
1.556
0.136
0.476
0.1
4.276
5.116
4.904
7.568
1.952
2.388
0.72
5.08
3.276
1.9
5.616
0.148
3.936
0.14
4.176
0.148
3.708
1.176
10.612
0.412
1.884
1.808
0.18
3.016
1.468
0.24
3.896
0.096
2.28
0.136
1.276
2.612
0.52
0.308
4.144
0.396
1.26
0.772
2.068
0.324
0.864
0.116
1.544
3.484
8.4
0.272
1.396
0.1
1.22
0.344
0.144
4.976
1.092
0.524
0.336
7.516
0.756
0.356
0.1
0.812
0.516
2.82
5.08
0.248
2.228
3.388
0.104
2.472
0.404
3.168
3.272
1.272
0.144
1.488
0.152
0.492
0.156
0.7
0.088
1.536
0.112
1.132
0.932
0.82
1.196
0.144
0.856
0.152
0.684
2.156
1.54
2.252
6.444
1.952
1.612
0.364
0.516
1.784
2.1
0.1
3.576
2.48
1.612
3.068
3.416
0.496
1.536
0.096
0.948
1.936
0.344
0.144
1.868
2.368
0.292
1.776
6.54
0.156
0.604
6.304
0.972
3.288
2.004
0.268
0.7
0.296
11.028
0.12
3.736
0.212
0.608
2.496
2.02
2.04
0.74
2.212
1.82
0.88
0.424
2.54
0.124
0.352
1.988
1.752
2.424
1.08
7.592
2.308
7.02
8.036
0.628
0.68
1.232
4.272
0.92
3.932
0.456
0.44
0.404
0.092
0.604
0.384
2.908
2.524
0.164
2.26
0.456
0.1
0.404
0.124
2.144
7.344
0.852
1.2
1.668
3.592
2.3
3.512
1.216
3.704
4.448
0.272
1.604
4.308
3.48
0.116
0.56
2.428
6.912
0.176
2.436
0.648
0.652
0.096
0.14
4.584
0.152
1.348
2.02
0.956
8.732
0.3
0.62
0.328
0.616
2.528
6.612
2.392
0.1
1.232
0.096
0.116
3.176
3.444
0.132
0.924
0.14
0.864
5.024
0.212
0.876
9.136
0.104
1.52
0.648
7.524
0.976
3.316
0.096
0.332
0.58
0.192
1.04
0.184
0.884
3.804
1.844
2.636
1.68
6.864
0.172
5.072
2.328
3.016
2.436
1.172
0.96
2.276
2.808
0.132
7.724
0.356
1.88
2.052
4.688
4.98
3.496
5.984
0.144
3.896
0.244
0.7
2.728
0.136
1.956
0.976
0.672
0.636
2.452
0.716
2.008
0.156
1.876
0.288
0.988
7.4
0.284
0.188
0.224
1.7
1.104
0.144
0.096
2.328
0.16
0.116
0.1
2.968
4.548
0.396
0.86
0.252
2.428
2.568
0.232
9.344
2.8
3.404
2.78
1.392
0.116
0.152
3.44
0.192
0.236
6.1
0.124
3.508
2.328
0.432
1.536
5.504
0.312
1.412
0.1
0.936
0.092
0.32
0.948
8.36
0.548
0.868
0.368
0.1
6.756
2.312
3.168
1.456
4.668
0.1
0.524
3.348
3.272
5.988
2.508
3.984
0.224
0.788
3.52
8.536
0.156
0.312
2.372
1.612
0.188
1.732
1.228
6.0
0.144
2.256
0.156
0.68
0.1
1.256
0.096
0.396
0.112
0.964
0.908
0.34
1.968
0.268
4.136
3.4
4.788
7.9
0.968
0.132
4.732
3.44
0.62
0.284
5.08
3.484
0.364
1.188
6.6
4.02
0.54
1.828
0.096
0.1
5.348
0.152
4.204
0.116
0.676
1.492
7.308
0.128
1.876
0.976
2.28
0.78
0.472
1.12
1.5
0.572
1.98
1.252
6.724
1.636
0.212
1.916
2.3
1.98
0.4
3.08
2.42
5.724
4.128
1.14
1.204
0.792
2.028
1.868
1.22
2.612
0.488
0.116
0.124
1.448
5.416
0.468
5.032
1.772
0.128
3.188
7.84
7.572
0.692
3.76
0.14
0.704
1.624
3.732
0.196
0.144
0.148
1.62
0.168
0.112
0.18
1.14
3.536
7.652
1.688
2.692
4.46
0.592
7.092
0.124
1.616
0.1
0.1
1.616
7.36
4.264
0.192
0.148
7.312
1.564
2.556
2.192
0.092
1.924
1.032
0.172
7.776
0.564
0.812
0.34
1.736
0.46
2.496
0.104
4.208
8.548
7.884
0.256
6.34
2.076
1.876
2.872
0.736
0.292
4.564
6.58
0.128
0.464
0.72
2.092
0.848
0.152
3.668
0.196
0.288
1.388
0.568
2.956
2.964
0.144
0.744
3.148
0.42
3.872
0.14
0.148
3.14
0.6
0.428
1.02
0.52
0.304
3.396
1.324
0.096
0.924
1.956
0.412
2.292
0.856
0.148
2.108
0.108
1.064
6.368
2.332
3.464
0.152
0.444
0.288
0.168
0.092
8.304
1.88
0.312
5.424
5.064
5.272
0.1
4.548
0.104
0.148
0.236
0.16
0.296
1.016
3.088
0.484
0.092
1.008
4.608
0.192
0.804
0.876
0.32
0.128
4.332
0.412
0.132
2.096
0.496
1.904
0.172
1.276
7.084
0.668
0.248
1.292
0.124
0.144
4.472
1.012
1.8
0.096
1.124
2.828
9.552
1.08
0.824
0.324
0.548
4.432
1.976
0.184
0.276
0.428
0.776
0.596
3.824
2.648
3.164
0.312
2.424
0.436
1.056
1.12
4.168
0.1
3.272
2.708
0.224
2.724
0.092
0.136
0.412
0.12
2.104
0.924
0.584
3.088
0.928
3.72
0.276
0.536
0.46
0.096
3.668
0.62
2.948
1.624
2.54
1.796
0.244
6.644
0.256
0.604
2.396
0.796
3.368
2.256
0.184
1.4
5.06
0.12
0.34
10.0
0.928
0.188
1.492
3.052
7.456
0.144
3.012
0.16
1.12
3.868
0.124
2.54
0.2
0.972
2.028
3.544
1.4
0.868
0.12
0.532
0.092
4.364
1.332
0.164
0.588
0.568
2.788
2.176
1.996
0.164
2.064
2.732
2.2
0.876
4.344
2.728
4.3
0.168
0.5
1.456
0.74
2.436
2.316
0.112
1.624
0.688
0.672
0.8
4.244
3.364
0.924
3.26
2.64
0.58
0.28
0.664
1.1
4.888
0.144
0.14
0.368
2.944
2.636
0.14
1.032
0.72
2.724
9.252
5.404
1.668
0.952
0.744
1.796
0.148
2.32
0.096
0.232
1.22
1.796
0.28
2.02
0.76
4.544
5.788
1.36
0.28
8.228
0.376
0.136
5.472
3.16
2.124
0.408
0.22
0.148
0.424
3.388
0.156
1.168
0.524
3.808
0.208
1.156
2.208
3.74
0.576
0.764
0.456
0.1
0.352
1.508
0.492
4.148
0.1
1.58
0.592
0.672
0.556
0.168
3.388
2.768
5.292
0.38
0.216
1.076
2.308
0.1
0.116
0.232
4.016
3.316
5.244
0.144
0.444
0.276
0.116
4.336
0.148
0.124
0.748
1.108
0.164
0.936
0.116
0.608
0.48
3.344
2.72
0.284
0.484
0.1
2.384
0.12
0.764
1.576
0.208
3.06
0.372
1.788
5.036
0.228
0.152
0.896
0.504
2.416
2.444
0.092
0.636
0.76
2.132
0.264
4.152
0.104
0.704
0.152
0.876
0.532
0.796
1.228
0.356
1.928
1.28
6.952
2.004
0.92
0.156
0.86
0.936
0.44
4.964
6.052
0.088
0.436
1.156
10.728
0.768
0.128
2.284
0.732
0.888
1.508
0.2
5.26
1.096
11.004
0.704
0.936
0.108
1.844
0.776
6.976
1.972
0.74
0.244
2.144
5.36
0.1
4.868
3.72
1.924
0.5
0.708
0.096
3.184
1.372
4.748
1.808
0.724
10.116
2.44
0.208
1.208
0.656
0.64
1.744
0.164
0.436
5.188
0.316
1.188
0.908
0.136
5.504
1.668
0.124
0.092
0.104
6.216
0.768
2.324
0.704
2.024
0.528
3.208
0.748
0.328
4.0
4.664
1.248
2.108
4.948
2.028
1.144
3.708
0.148
1.772
1.788
2.944
10.28
5.516
1.372
0.496
4.124
2.64
0.664
0.2
0.588
2.248
1.604
3.86
0.132
3.524
0.144
0.12
1.624
1.652
5.82
2.984
0.18
0.172
2.016
2.552
0.928
3.12
0.092
0.616
1.472
1.524
2.844
0.152
2.812
0.176
0.104
0.9
4.284
0.936
1.844
0.776
0.192
0.564
1.16
2.224
2.252
2.036
1.256
3.024
0.512
0.272
6.724
1.384
0.12
0.148
0.092
2.452
1.524
0.184
0.616
0.524
0.28
7.892
1.004
0.212
0.108
7.328
2.28
0.284
3.948
0.424
0.148
0.092
3.276
5.156
4.264
0.172
1.672
0.096
0.256
6.852
0.656
0.096
0.152
1.584
0.592
2.704
2.168
0.136
0.124
0.32
1.1
1.888
5.168
2.792
0.424
0.252
0.584
2.08
0.612
0.54
2.072
0.128
7.348
0.096
0.124
0.808
2.716
0.096
0.12
1.216
0.404
0.44
2.332
0.144
6.244
1.56
1.676
2.24
2.916
1.38
1.652
2.888
7.424
0.14
2.192
0.848
0.096
3.084
1.308
0.1
4.852
8.316
0.148
2.904
8.848
2.24
0.336
0.14
1.064
0.1
2.288
0.14
1.936
3.872
0.124
0.148
1.008
0.268
2.572
0.224
4.176
0.136
0.596
5.76
0.104
2.4
0.152
5.576
2.888
1.552
0.34
0.116
5.696
0.236
0.248
5.44
3.312
1.076
0.668
0.472
0.368
0.172
0.116
1.172
3.152
0.104
1.66
4.804
0.284
0.1
2.58
0.128
1.996
1.104
0.38
4.936
1.74
1.96
1.472
4.224
1.88
0.864
0.124
0.176
0.4
0.384
0.164
0.132
2.924
0.16
0.56
0.32
2.836
6.52
2.156
2.424
0.344
0.752
0.092
0.12
0.152
1.296
0.944
0.692
4.512
3.848
1.928
0.128
0.152
0.332
1.64
0.752
0.156
5.836
7.068
1.504
0.636
2.888
0.672
3.184
0.488
1.368
0.108
0.212
4.864
0.176
1.736
2.748
5.464
4.376
1.14
0.716
3.328
2.464
0.72
7.364
0.824
0.476
0.596
0.096
1.56
1.364
0.972
7.092
1.868
0.6
4.528
5.96
0.872
10.824
0.148
3.16
0.8
2.536
0.42
1.084
1.644
0.208
0.24
5.572
0.396
2.736
3.728
0.872
0.268
2.012
1.332
0.896
10.564
4.28
3.876
4.236
1.22
1.2
0.196
0.156
1.98
1.02
0.192
1.556
1.264
4.284
2.952
4.024
7.816
1.728
4.752
0.848
2.42
3.768
2.216
1.724
0.124
1.36
1.14
1.412
2.464
2.124
3.04
2.608
0.976
0.096
0.156
1.004
0.996
4.932
6.144
0.708
5.048
1.136
0.308
0.108
1.52
0.548
0.98
1.724
0.14
0.152
0.564
4.56
0.504
3.18
0.092
0.144
0.668
0.144
0.788
1.072
2.068
0.144
0.896
0.096
0.144
0.872
1.984
0.636
0.524
1.096
1.276
1.316
2.568
0.432
0.112
8.924
0.244
0.536
0.156
2.708
2.252
2.64
1.804
0.148
0.148
0.9
1.336
1.772
2.772
0.492
0.76
0.212
0.256
5.852
0.14
0.82
0.12
1.916
0.608
0.176
0.292
2.624
1.688
2.036
1.712
0.604
1.556
1.472
3.58
0.492
1.192
2.252
0.096
0.152
0.136
0.112
3.672
0.576
0.152
7.628
0.94
1.84
0.124
0.608
3.972
1.444
0.864
0.184
9.48
0.4
0.144
0.184
2.744
2.028
0.148
1.56
4.32
2.98
0.12
1.472
0.148
0.112
1.712
4.216
5.076
1.368
6.056
0.18
0.264
0.132
0.936
2.664
0.284
1.04
0.952
0.14
0.172
3.128
0.168
0.744
0.124
2.444
1.372
0.124
0.764
0.1
0.096
3.048
0.124
0.704
1.216
1.584
2.656
0.1
1.672
3.1
0.776
3.86
1.08
1.448
5.6
0.288
0.24
1.228
5.6
0.36
1.296
0.408
0.2
0.136
0.54
0.724
2.872
1.1
1.008
0.152
0.452
5.296
3.424
0.148
0.112
0.108
8.256
1.556
1.716
3.66
1.356
0.452
0.128
0.124
0.62
0.128
0.1
0.388
1.364
3.512
1.872
2.844
2.396
1.732
4.28
3.66
1.996
5.232
1.928
5.6
2.852
1.224
0.604
1.016
0.132
0.228
1.652
0.184
0.22
0.76
0.452
8.384
0.244
1.568
0.1
0.132
3.116
0.512
0.72
0.16
0.148
0.684
7.192
6.812
2.188
2.196
0.12
0.152
2.428
1.252
7.076
9.416
1.32
1.312
0.832
0.588
0.992
5.16
0.212
0.952
5.056
0.604
0.328
3.304
0.508
1.656
2.532
8.1
1.264
0.644
0.172
0.1
7.14
0.096
0.096
4.54
0.472
3.076
0.1
0.372
0.248
1.896
2.428
0.148
0.184
0.484
0.412
0.132
1.408
0.136
0.144
0.608
4.448
1.744
0.504
0.764
0.78
4.472
2.072
0.224
2.184
3.296
2.0
2.432
6.028
1.168
5.604
0.464
0.788
0.192
0.368
0.408
0.128
0.788
2.02
0.912
2.536
1.908
0.448
6.06
0.136
0.532
0.116
0.528
0.192
0.684
8.036
0.196
0.1
0.248
10.38
0.12
0.096
0.104
1.632
0.52
2.02
0.928
1.632
0.088
0.284
3.248
1.908
2.608
5.3
8.856
0.952
0.356
10.516
1.144
4.448
1.04
0.524
2.584
1.724
0.4
0.472
4.628
0.144
0.52
1.94
1.224
0.124
3.632
0.108
10.396
7.928
2.144
0.532
0.168
0.636
1.58
1.648
0.108
1.78
2.976
0.304
2.888
0.104
0.308
0.168
3.808
0.144
0.384
0.16
1.78
4.336
0.648
2.432
1.792
0.472
0.164
0.532
7.648
3.036
0.152
2.632
0.844
2.288
0.156
5.152
0.724
0.52
1.92
2.736
3.624
0.508
0.096
0.876
0.344
2.228
0.092
1.792
2.284
0.864
0.152
0.128
0.1
4.52
3.312
8.496
0.12
1.912
5.42
1.732
0.208
1.596
1.668
0.176
0.112
1.74
2.304
2.008
0.216
8.652
0.264
0.096
0.5
2.9
0.1
1.96
0.288
0.156
0.104
1.516
0.264
1.1
0.84
4.828
1.592
5.436
0.28
0.712
1.476
0.992
0.82
2.628
2.096
0.36
1.664
1.392
2.172
1.352
0.568
0.144
0.112
4.956
0.12
2.548
0.1
1.228
0.192
0.608
0.14
0.8
3.668
1.92
1.556
4.244
0.108
0.544
4.252
0.1
1.216
2.492
0.148
2.42
0.328
2.612
0.176
0.144
2.604
2.04
2.944
0.136
0.12
1.4
4.784
0.764
4.164
2.868
3.648
0.116
6.5
3.252
1.56
3.808
0.232
0.124
1.768
0.148
1.152
0.38
3.7
1.012
0.984
0.448
1.764
0.216
0.236
2.064
1.752
0.2
2.812
4.952
0.292
1.06
0.144
0.068
0.208
0.276
0.62
0.144
1.172
0.1
5.312
1.664
2.756
0.48
0.468
0.152
2.252
0.876
0.36
1.056
0.556
0.38
9.18
0.1
0.292
0.216
0.516
9.848
0.144
3.976
5.6
1.86
3.248
0.204
3.388
0.192
1.58
6.264
0.124
5.236
2.692
1.008
2.54
1.8
5.016
0.416
3.668
2.248
1.112
1.828
0.188
0.136
0.56
1.908
1.048
0.16
0.204
0.804
0.3
0.116
1.38
0.144
1.688
2.244
2.768
1.724
3.872
3.052
0.236
1.168
0.356
0.28
0.332
0.988
1.512
0.636
8.768
4.372
0.188
0.108
3.124
7.356
0.8
0.76
1.728
0.144
0.792
1.7
0.824
1.308
0.112
0.984
0.148
0.888
0.14
2.532
0.104
0.096
6.088
0.18
0.112
1.612
3.052
0.1
1.328
1.484
3.684
2.736
9.756
6.752
0.12
0.924
0.216
1.784
0.116
0.128
0.124
7.26
3.448
0.12
0.372
0.668
1.024
1.916
4.52
1.108
5.256
0.988
0.148
1.328
1.904
7.504
6.78
3.024
2.8
1.02
6.544
3.084
5.152
2.248
2.692
0.404
3.412
0.096
0.456
0.288
1.416
0.144
4.576
0.212
0.252
4.06
0.152
0.1
6.46
2.388
1.412
0.1
0.196
1.64
1.908
0.4
0.148
2.268
6.46
0.156
1.036
0.096
0.944
0.78
2.424
8.824
1.008
1.892
0.12
6.788
0.1
0.464
0.916
2.016
1.576
0.152
0.36
2.76
2.856
0.1
0.18
0.104
3.428
4.724
0.148
3.124
3.18
0.132
1.908
0.156
0.18
0.124
0.184
0.232
3.644
6.136
2.644
0.536
6.196
4.828
0.88
1.712
2.66
3.236
3.88
5.444
1.9
5.388
1.596
0.212
0.9
1.952
1.352
0.1
0.604
1.964
2.94
0.672
0.796
0.096
1.476
2.352
2.716
1.508
1.828
0.148
0.1
0.96
0.884
0.216
1.184
0.328
0.224
0.148
1.416
1.06
3.5
10.036
0.268
1.56
2.948
0.128
0.212
1.16
0.256
0.508
7.432
0.308
0.94
0.104
5.332
0.152
0.104
0.9
7.428
0.164
1.932
1.54
0.152
0.444
0.096
0.892
0.376
10.648
0.212
4.816
0.32
0.208
0.952
0.276
0.296
1.728
3.148
1.044
1.956
0.148
0.12
1.968
0.132
1.76
0.136
4.24
0.66
0.108
7.236
0.844
2.92
5.612
0.46
3.096
4.772
5.32
4.728
0.944
0.512
3.684
0.48
1.116
3.748
0.24
2.184
0.148
4.392
5.16
6.968
7.472
0.136
0.604
0.176
1.492
0.208
1.504
0.596
0.376
0.1
0.14
0.204
2.816
0.724
0.932
3.632
2.024
0.464
5.024
4.704
1.392
0.408
0.408
3.868
2.968
0.544
0.348
4.44
4.212
1.844
1.636
1.764
2.956
1.096
0.096
0.116
1.784
2.608
1.344
0.196
7.956
0.2
0.152
0.092
0.824
0.428
3.008
0.172
7.936
1.888
0.16
0.224
0.536
3.836
0.112
0.316
0.568
4.472
0.884
0.168
0.64
0.56
0.2
1.36
0.144
0.52
0.7
4.812
1.056
1.928
0.104
0.092
3.6
1.088
6.14
5.164
5.028
1.02
0.124
3.12
0.92
4.144
0.152
0.86
3.856
4.064
1.004
0.084
1.068
2.892
0.368
0.1
3.204
0.524
3.872
0.56
1.864
3.056
0.172
1.512
1.656
1.456
1.652
1.512
0.296
3.856
0.268
1.72
0.18
1.1
1.996
0.096
0.292
1.972
0.112
0.348
2.908
1.408
1.652
1.396
1.732
0.1
1.532
0.152
0.092
5.44
1.82
0.236
8.52
0.148
6.82
2.804
1.66
0.1
0.584
1.624
0.16
1.308
0.624
0.16
0.236
1.936
0.292
6.768
0.152
0.12
5.364
0.848
0.872
4.7
0.16
0.216
0.756
0.092
0.112
1.772
0.096
3.788
4.388
3.404
0.128
0.168
2.184
1.788
0.164
8.844
3.464
4.028
6.204
0.16
0.188
0.092
2.472
0.82
2.204
0.524
0.096
4.74
0.096
1.58
2.264
4.504
2.472
2.008
0.132
2.58
0.564
0.144
0.1
4.98
0.928
7.26
0.264
0.624
1.248
3.016
0.112
1.528
1.516
0.096
0.86
3.188
1.212
0.632
1.48
0.116
0.908
5.244
0.304
1.74
5.616
1.044
7.332
6.388
0.16
2.424
0.132
5.264
2.872
2.316
0.216
0.148
0.288
1.064
2.356
2.588
1.82
0.856
4.416
1.804
0.4
4.02
3.86
9.08
0.78
0.152
0.212
1.448
0.452
2.276
8.532
0.288
0.148
3.72
1.064
2.14
1.104
0.16
0.156
2.012
2.24
0.932
4.172
4.832
0.152
0.82
1.98
1.392
0.932
3.52
0.236
0.252
0.236
0.228
0.164
0.212
2.088
0.38
0.324
10.184
0.124
0.136
0.244
0.544
0.6
1.42
0.24
0.124
1.412
4.716
4.864
0.392
0.696
8.52
3.904
3.096
0.288
0.32
2.628
0.728
0.78
1.3
0.312
3.66
0.604
9.344
1.816
1.864
0.116
2.428
4.504
1.876
2.244
0.376
1.092
0.088
0.648
0.3
3.768
0.268
0.184
0.096
1.104
2.04
0.112
0.448
2.352
0.104
0.104
0.124
0.124
0.288
1.344
1.66
0.236
0.092
0.1
0.724
9.776
5.732
2.432
1.46
0.96
0.132
2.648
0.228
0.8
1.564
0.596
0.156
1.268
0.524
1.028
3.024
1.08
9.936
0.156
0.144
0.544
0.148
0.868
6.956
6.12
0.928
1.732
1.384
2.48
0.608
2.412
2.904
0.124
3.356
0.148
0.52
0.108
10.912
0.1
3.44
1.4
0.392
0.272
4.028
0.3
6.092
0.384
0.8
0.132
0.992
5.728
1.404
4.904
0.72
0.16
0.772
0.164
1.768
0.148
0.128
0.32
0.1
0.32
0.368
0.524
10.96
1.412
0.536
2.836
0.372
0.096
0.168
1.032
4.768
0.144
0.132
0.096
2.16
1.22
1.616
0.416
0.508
2.064
2.012
2.364
0.248
4.092
2.268
0.204
3.328
1.036
4.68
6.396
4.652
0.092
1.336
2.028
2.484
0.224
1.012
2.104
0.868
1.544
0.288
1.272
0.4
2.012
6.368
0.384
0.472
0.476
1.28
0.156
1.136
3.28
0.824
5.66
0.096
3.332
1.712
1.224
0.416
1.404
1.376
2.244
0.136
0.468
0.464
3.684
2.268
0.336
0.52
0.836
1.592
1.844
2.524
0.972
1.896
4.272
0.552
0.096
0.328
3.336
0.156
1.448
0.112
6.528
0.38
0.1
5.644
0.396
0.308
5.22
0.14
0.844
1.416
1.576
0.164
0.672
4.028
0.204
1.844
0.116
2.516
2.624
1.02
1.616
4.52
2.48
3.492
2.36
2.26
6.876
0.1
0.152
2.884
0.116
5.368
1.552
0.648
1.992
3.24
0.348
1.768
0.964
6.7
0.692
0.148
2.58
6.228
4.764
1.36
0.124
5.124
3.124
3.72
4.68
0.56
0.096
4.74
0.152
0.872
2.692
0.424
2.456
0.18
1.0
0.228
1.076
0.952
0.804
6.052
1.22
0.684
8.372
4.92
1.28
0.208
0.128
0.576
0.86
0.464
0.196
5.272
3.604
0.676
0.712
0.868
1.124
0.308
0.512
1.3
0.368
2.7
0.16
5.948
0.232
6.256
3.684
0.188
0.852
0.82
0.152
0.092
0.524
0.12
0.152
2.036
2.036
0.904
0.128
0.752
1.012
0.388
0.6
0.2
4.896
1.164
10.656
0.704
0.132
2.728
2.312
0.148
0.28
0.896
0.1
0.144
0.168
2.244
0.12
2.284
2.036
0.824
2.74
2.172
0.1
0.576
1.74
1.128
0.136
0.104
0.152
0.236
4.144
3.456
0.7
1.308
0.1
0.988
6.468
2.136
0.184
0.128
6.12
0.38
6.088
3.548
1.992
1.412
0.236
0.404
2.108
0.984
0.82
0.116
1.064
6.08
1.736
5.6
4.14
0.244
1.328
4.668
0.348
1.176
0.892
0.416
1.04
9.104
2.476
0.248
0.132
1.368
4.92
0.232
0.8
2.844
1.508
1.96
4.212
0.144
0.324
2.124
5.296
2.184
0.788
7.312
0.1
0.764
0.916
4.06
9.716
7.416
9.788
3.096
1.324
4.808
2.692
0.828
0.152
1.288
3.052
3.8
2.68
6.3
0.292
0.644
1.568
2.184
0.908
3.74
5.776
2.88
1.496
0.86
2.444
2.04
0.716
3.08
3.424
4.192
10.172
0.656
0.736
1.584
0.46
0.984
3.356
0.512
0.76
0.428
0.408
0.188
1.012
0.128
1.492
8.152
1.816
2.028
0.796
2.432
1.744
5.32
4.216
1.568
1.48
3.148
2.248
6.156
2.268
0.136
1.716
2.264
1.564
0.224
2.468
1.152
6.792
2.048
1.12
4.188
0.176
6.08
2.028
0.204
3.4
0.452
4.984
3.48
1.08
8.404
0.564
0.388
0.696
4.748
4.444
1.56
3.284
0.544
0.216
0.756
5.884
0.704
1.092
2.5
1.176
0.46
4.184
0.548
1.756
0.196
1.284
2.644
2.164
6.864
4.964
6.256
1.404
2.304
1.24
6.096
4.14
7.056
1.624
1.372
0.364
0.396
1.712
1.768
2.104
3.012
1.064
1.876
0.632
1.188
3.136
1.336
0.296
1.132
0.86
0.908
0.068
0.552
0.208
1.676
1.288
0.452
0.984
5.348
2.448
4.056
2.284
0.864
0.968
9.312
1.992
0.232
2.848
0.544
0.468
0.972
1.776
4.384
0.404
0.416
1.92
0.688
2.596
1.28
4.708
1.608
3.904
0.732
1.276
2.6
2.132
1.008
5.112
0.34
2.468
2.032
2.032
1.156
1.232
1.316
0.952
0.692
1.056
0.18
2.548
3.796
2.76
0.072
2.776
1.36
1.288
1.16
0.636
9.104
2.316
5.944
6.084
0.216
0.536
5.28
2.108
0.484
0.3
0.48
0.836
2.608
1.108
1.252
0.204
0.332
1.776
1.432
0.54
1.364
3.96
0.592
4.892
10.532
0.232
0.828
0.74
10.16
0.536
0.08
1.708
0.724
2.044
2.56
1.416
2.824
8.636
0.088
3.108
6.472
0.796
4.304
5.576
0.516
2.504
0.284
7.696
0.116
5.808
3.408
1.948
0.876
1.032
0.192
7.628
3.024
1.684
2.036
0.308
3.44
0.68
2.264
0.532
0.772
1.416
0.896
2.788
2.892
0.864
3.372
1.788
0.42
1.176
0.88
6.408
2.632
5.076
3.244
1.112
0.664
0.44
2.524
1.292
2.904
0.532
2.564
0.228
1.504
5.612
0.564
1.156
1.468
9.2
1.6
5.472
0.212
8.612
0.144
3.348
1.08
1.8
6.076
0.324
0.916
1.28
0.088
0.908
9.116
0.344
0.864
1.472
0.324
0.396
4.784
1.956
2.168
1.676
10.992
5.352
2.152
7.64
0.976
1.448
0.72
2.424
0.396
3.256
0.068
8.716
5.4
0.396
1.292
0.916
1.048
0.136
3.496
2.852
2.408
0.188
1.932
4.076
3.32
5.708
1.012
0.336
2.444
0.744
1.496
3.552
7.64
0.532
7.208
0.144
3.148
0.288
4.512
7.18
0.924
1.108
2.152
1.444
1.552
3.248
2.676
3.256
9.912
7.7
2.208
5.904
3.38
0.204
1.1
0.284
0.148
1.44
0.296
1.604
4.44
2.756
1.872
2.252
7.588
1.956
0.524
6.444
1.728
0.94
0.18
1.06
2.756
1.268
2.072
0.14
0.584
4.66
0.368
0.912
0.336
1.756
5.136
6.964
4.38
0.3
3.104
1.46
4.508
1.508
2.308
6.508
3.964
8.824
3.248
1.168
0.324
1.084
6.356
3.312
3.784
0.856
1.74
0.664
2.596
7.512
3.988
0.512
0.204
1.876
0.736
2.588
4.976
0.136
0.392
2.52
1.412
9.264
0.848
1.912
4.424
5.78
0.292
4.192
2.092
3.016
1.464
3.68
4.884
7.916
5.092
2.696
6.028
0.2
0.212
2.228
1.116
0.968
0.5
1.212
2.52
6.124
1.88
0.304
1.744
3.456
1.272
1.144
2.052
3.336
0.448
0.928
0.544
7.244
0.172
1.312
0.232
2.044
5.452
0.288
0.1
0.256
3.236
3.06
7.24
5.248
0.144
3.532
0.388
0.068
0.372
0.392
0.104
0.548
0.996
8.464
3.724
11.068
1.632
1.968
1.18
5.44
0.732
9.64
1.744
1.72
0.804
1.208
2.3
2.224
0.54
0.484
2.248
1.28
1.656
2.18
0.52
0.316
3.812
0.352
3.392
5.856
0.204
0.544
0.148
0.876
0.248
2.408
1.688
10.476
9.176
9.496
3.124
2.512
6.98
0.74
4.32
2.648
2.468
1.048
1.08
0.968
0.408
1.952
2.12
0.4
2.464
0.928
6.184
1.668
2.0
3.628
4.636
2.644
1.696
0.916
1.16
4.292
1.068
0.528
1.228
1.7
1.332
2.764
3.904
0.808
2.744
1.0
5.58
3.376
2.116
2.1
8.832
3.312
4.684
3.408
0.184
0.264
6.448
1.772
4.412
3.26
2.48
2.42
0.14
2.724
4.408
1.768
4.624
1.628
0.74
3.68
0.448
0.18
1.236
0.52
0.912
2.268
1.2
3.552
4.116
1.456
1.012
1.756
3.332
11.08
0.42
3.572
0.66
0.732
0.224
5.952
0.616
2.552
3.148
6.956
4.952
1.512
2.016
1.788
2.088
9.944
0.384
1.128
1.552
1.656
3.568
1.416
4.32
2.812
5.384
9.164
7.788
0.692
10.376
0.92
1.868
2.608
0.56
7.876
6.996
2.584
3.644
0.904
3.66
0.572
6.704
0.644
2.448
3.36
5.852
0.724
3.66
0.34
0.216
0.108
1.304
4.832
0.132
2.288
4.452
0.368
5.384
3.944
0.42
1.676
3.28
1.084
2.592
2.628
1.472
1.9
5.852
4.044
4.144
0.2
1.28
3.612
2.644
1.524
1.748
3.224
0.444
0.616
0.324
1.924
1.564
1.636
10.06
0.464
2.264
9.108
0.256
0.272
4.188
0.272
0.172
1.232
2.392
2.444
2.868
2.996
0.736
1.528
3.316
5.66
0.46
0.448
1.936
0.132
0.268
3.06
0.536
3.344
0.82
0.664
0.812
5.272
1.688
0.464
9.932
0.236
1.376
1.244
1.664
5.36
2.408
9.332
10.276
0.236
6.972
3.58
2.184
0.284
0.464
1.596
1.86
0.144
7.576
1.6
7.848
0.276
3.064
0.112
4.412
3.836
10.192
2.156
3.472
0.236
10.332
5.376
10.408
1.764
0.472
4.728
6.492
3.5
4.16
5.456
3.82
2.528
0.2
5.548
0.504
2.244
1.528
1.892
2.264
1.508
8.864
1.624
4.356
0.696
2.376
0.608
1.036
0.404
2.064
0.584
1.544
3.776
3.264
1.916
0.224
3.156
2.96
2.48
1.196
2.72
0.332
1.664
3.884
0.348
1.328
1.144
3.372
4.692
2.32
0.136
1.716
1.084
0.548
1.476
1.88
4.704
1.396
0.312
1.736
2.608
1.908
1.2
3.796
1.252
3.084
2.316
0.388
3.724
1.184
1.452
0.32
0.068
0.152
10.692
0.784
4.564
0.66
1.436
0.096
0.832
0.448
1.064
1.556
0.196
1.784
4.672
1.256
3.912
4.524
0.168
0.532
0.432
0.732
8.16
1.036
0.416
1.352
1.12
0.304
1.436
1.52
2.18
2.784
5.44
8.536
0.244
1.684
6.0
2.94
6.048
3.66
5.292
1.332
2.504
3.796
4.416
9.564
3.436
1.616
1.1
1.84
0.4
4.032
0.872
2.056
0.56
3.532
0.64
0.12
9.296
5.036
0.572
1.748
1.256
1.828
4.344
3.032
1.996
0.644
1.92
1.708
1.628
1.696
1.004
1.272
1.108
3.48
5.78
1.752
4.352
0.244
1.112
1.38
2.516
5.44
2.624
7.348
0.188
2.116
0.384
2.588
0.252
1.544
0.728
0.648
0.516
1.112
0.904
0.12
3.992
0.84
0.684
0.728
0.772
1.044
1.624
2.224
2.98
6.996
6.916
3.592
2.604
10.756
9.048
4.88
5.88
1.06
1.224
1.368
0.864
1.284
1.252
2.036
0.948
8.66
4.548
2.32
0.236
4.508
0.192
6.764
1.908
0.792
0.2
0.104
0.892
0.256
5.304
0.284
0.248
5.756
0.332
0.572
1.904
0.732
1.056
3.56
1.776
5.868
3.612
10.392
3.364
2.044
1.48
2.372
8.368
1.38
2.404
1.164
1.208
8.672
1.232
0.5
2.308
1.812
0.376
2.184
3.292
0.98
2.128
1.168
1.08
0.9
4.572
2.348
4.0
0.46
0.256
3.528
2.656
9.496
6.624
6.896
0.468
0.82
5.94
2.36
0.404
7.34
3.88
5.924
2.372
0.444
6.864
0.688
1.328
0.676
7.372
1.568
1.296
2.284
10.096
6.728
0.1
0.86
1.64
1.108
4.86
0.232
2.388
0.08
2.296
0.496
4.248
5.128
0.512
0.704
3.3
0.956
0.472
1.436
5.028
1.284
1.396
0.164
1.628
0.432
1.064
5.752
1.244
0.472
0.592
3.576
0.224
3.172
3.648
1.32
1.756
2.144
1.08
0.496
2.42
5.328
0.808
2.56
0.148
0.992
0.084
1.196
0.356
6.404
6.776
0.448
0.148
1.008
1.476
0.172
1.652
0.144
2.168
0.672
1.9
1.356
4.968
0.572
7.12
5.78
2.068
7.328
1.672
0.356
2.276
0.86
11.016
0.72
4.732
0.424
10.78
4.536
0.86
1.196
3.588
0.456
3.024
0.212
1.616
0.18
4.536
1.104
3.4
1.208
1.284
0.084
0.44
1.0
7.92
0.74
0.74
2.956
5.22
2.54
3.416
0.548
5.408
4.532
5.608
3.1
4.492
1.004
3.404
1.836
2.764
0.416
9.196
4.856
0.564
1.404
1.372
10.228
3.756
0.18
2.672
4.496
0.94
4.94
0.988
0.6
2.836
1.308
1.876
0.344
10.084
3.156
1.252
0.356
1.392
0.228
1.804
2.412
4.92
4.852
0.104
5.488
0.424
1.232
4.688
4.304
3.18
3.992
5.984
5.852
1.26
3.436
2.34
0.76
10.856
1.576
1.472
0.152
5.88
1.116
0.452
3.22
4.684
1.32
9.436
1.496
3.76
0.576
2.592
6.852
0.204
0.1
0.632
3.668
9.8
0.724
4.224
0.836
0.992
0.94
1.828
10.62
3.176
1.592
1.892
1.38
8.912
4.624
0.088
0.456
0.844
6.3
0.612
3.688
0.216
1.112
1.108
4.5
5.98
2.204
1.796
1.6
2.284
3.128
1.224
0.528
1.88
0.204
9.66
3.436
2.224
2.008
1.372
0.3
0.948
2.136
0.836
2.664
0.7
3.464
2.384
5.708
2.292
0.42
3.988
0.704
5.216
3.236
2.62
0.664
1.684
0.664
1.468
3.824
3.604
3.52
4.796
8.56
3.792
2.776
2.7
1.408
1.296
3.488
4.656
0.172
8.636
2.176
3.32
2.18
11.0
2.38
6.56
1.12
3.628
2.048
1.732
4.284
0.696
0.592
0.776
0.28
0.156
3.68
0.092
5.776
0.772
9.032
2.272
3.948
0.236
3.368
0.156
8.996
0.604
0.568
1.912
5.58
0.744
9.736
0.228
0.576
0.1
3.296
2.208
2.708
2.228
0.456
3.284
1.044
5.144
0.668
0.368
4.668
0.112
0.46
2.428
0.116
5.252
0.424
1.224
10.776
8.512
7.728
8.292
0.224
0.684
0.18
9.428
0.644
0.376
0.336
0.088
6.364
8.108
0.432
6.56
2.188
0.424
0.696
0.836
1.64
0.704
4.864
2.756
2.892
4.872
1.284
3.552
2.172
6.196
3.888
4.276
2.604
0.22
3.716
3.056
0.212
0.264
0.564
0.484
0.664
2.056
1.392
2.12
2.024
2.824
2.328
0.46
3.388
0.092
0.38
2.536
0.292
1.44
0.152
1.048
1.46
1.424
0.9
0.512
0.384
0.86
0.092
2.976
0.556
10.96
0.36
0.496
6.708
0.284
0.096
7.468
1.952
1.692
2.332
0.344
3.76
3.2
0.424
2.932
3.764
0.092
1.464
0.28
3.996
0.116
2.04
4.156
1.236
0.964
3.544
1.876
5.696
2.244
0.136
0.564
0.636
3.66
2.324
0.896
0.5
1.176
0.276
0.252
3.9
4.844
2.072
0.964
1.34
5.668
0.072
3.2
1.136
1.052
3.952
7.524
4.208
5.896
0.924
1.16
1.7
0.096
3.428
1.16
2.74
0.512
3.972
6.36
0.772
3.448
1.212
3.208
3.752
4.092
0.672
3.212
1.008
0.596
0.664
1.076
0.144
1.824
0.948
1.568
4.968
0.476
1.568
2.004
1.756
4.136
1.656
6.836
0.532
1.58
0.488
0.444
3.048
2.172
2.828
1.46
0.096
1.036
0.352
0.328
1.452
5.12
6.136
1.888
1.78
0.244
1.444
2.128
0.896
0.164
0.132
9.276
1.832
3.4
0.624
7.776
4.344
3.108
0.124
1.152
2.344
5.472
0.124
0.5
0.12
1.144
1.304
1.708
0.08
10.236
6.824
1.152
0.16
1.844
2.204
0.792
1.536
10.256
4.872
4.696
5.772
0.976
1.508
3.148
8.312
0.808
2.924
0.12
2.232
0.248
2.24
0.892
0.628
9.656
0.3
0.364
3.056
3.068
0.232
0.332
0.664
2.636
10.1
1.316
0.196
4.108
0.272
10.04
0.22
1.708
1.456
1.136
2.916
1.864
9.84
0.536
9.632
9.64
0.96
0.904
1.592
3.604
0.78
4.916
1.348
1.532
3.428
3.316
2.7
4.34
4.228
1.452
1.636
5.372
0.304
4.524
0.096
3.984
1.048
6.44
4.028
1.952
0.124
2.568
1.352
0.468
0.896
1.496
2.276
0.772
0.232
1.58
2.232
3.012
4.12
1.956
3.596
0.992
11.008
1.56
1.436
0.488
0.396
6.54
0.816
2.248
3.94
7.692
0.112
1.432
4.336
0.268
4.028
0.72
1.18
0.516
0.24
0.936
0.8
0.46
0.124
2.1
0.208
4.732
0.256
1.684
0.32
1.18
1.036
0.096
3.724
5.688
0.464
3.492
0.212
0.868
1.196
1.088
0.928
1.996
5.3
9.748
0.428
1.272
0.864
1.764
2.16
1.208
0.372
0.608
1.324
0.26
5.528
0.4
1.492
4.608
0.792
3.804
0.412
0.408
5.484
6.024
5.988
6.064
0.2
8.58
3.108
0.696
1.236
0.256
0.2
2.156
0.828
5.468
0.356
8.848
0.6
3.164
0.216
0.256
2.224
5.624
2.136
0.876
0.54
0.592
1.208
0.624
0.812
0.296
4.664
1.072
3.636
1.056
2.576
0.512
1.304
0.452
1.72
1.164
8.404
2.532
1.06
0.116
0.316
3.628
5.976
9.792
0.876
1.944
1.256
0.124
1.308
0.996
3.728
1.056
1.292
4.768
1.392
0.204
0.676
4.7
0.408
0.336
2.112
1.516
2.26
0.664
0.824
0.372
5.112
4.924
5.116
6.868
0.748
1.372
0.296
2.02
4.772
0.276
1.476
9.708
0.364
1.552
1.744
5.456
1.764
7.416
1.124
7.312
0.304
1.944
3.076
4.824
1.856
7.876
2.108
4.064
2.74
0.444
2.276
0.212
1.792
5.124
0.168
0.86
0.136
0.32
0.096
2.284
1.968
0.616
5.028
0.256
4.4
1.584
0.592
7.252
1.768
11.088
1.16
1.544
0.668
0.208
0.084
2.828
9.76
0.24
1.232
4.048
5.876
1.56
1.248
0.092
0.164
5.36
0.376
3.556
2.496
3.308
1.952
1.788
0.168
1.132
0.296
0.956
4.144
1.14
3.044
5.52
0.192
0.544
0.556
6.98
0.596
4.408
5.832
0.416
2.328
0.944
2.78
7.12
0.312
1.096
4.656
0.852
3.624
5.816
0.828
0.3
1.876
1.048
5.32
0.448
2.436
2.344
0.136
0.596
0.428
0.76
2.292
3.176
2.384
0.172
0.132
0.592
1.608
0.948
2.22
1.188
1.264
0.116
2.224
1.72
1.384
1.184
0.536
2.016
2.172
3.62
0.552
1.656
2.08
0.736
2.052
2.824
0.72
1.144
0.516
1.556
4.576
2.808
0.704
3.2
5.492
6.416
0.916
1.296
0.192
2.352
1.044
8.912
0.992
0.676
4.6
1.644
1.664
0.256
2.828
0.764
0.328
1.456
2.092
2.336
2.232
1.068
1.448
0.896
1.728
4.012
2.188
0.148
1.24
0.7
0.664
0.296
8.588
0.276
5.188
4.944
0.856
4.872
3.732
0.252
1.38
8.828
0.688
0.612
1.276
1.948
0.768
1.456
1.156
3.804
8.44
0.232
9.016
0.312
1.676
3.508
0.208
0.796
6.452
5.644
5.68
1.68
0.728
4.692
1.216
2.668
0.816
3.56
0.356
9.988
0.076
4.336
0.376
0.72
1.66
2.0
0.168
6.452
2.908
0.92
2.012
1.54
0.144
1.3
3.128
1.536
6.728
1.612
0.152
7.416
0.604
4.24
2.016
3.616
4.488
1.204
0.2
0.656
6.288
1.716
5.568
1.3
1.624
0.92
2.148
1.208
1.708
1.1
0.168
0.18
1.36
9.14
5.092
0.168
1.264
1.604
0.828
2.184
3.388
0.44
0.372
3.376
3.72
2.484
7.688
0.436
9.296
3.68
2.7
2.588
1.176
1.02
0.312
0.588
1.096
0.188
0.852
1.504
7.572
0.796
0.872
1.228
3.42
2.556
0.136
0.656
5.272
4.204
4.592
10.328
4.028
4.428
1.916
0.564
1.28
1.984
1.828
2.856
3.328
1.324
1.632
5.604
0.18
1.996
1.164
3.776
0.264
1.064
6.136
7.784
1.104
8.16
5.448
1.292
4.14
0.176
0.368
1.772
0.616
2.064
3.828
1.108
10.2
7.376
0.228
5.524
6.892
0.592
3.248
0.38
0.956
7.984
0.2
1.072
3.564
2.476
1.572
2.768
2.516
3.788
0.876
2.448
3.076
3.356
0.532
0.608
2.98
0.904
10.02
3.652
2.02
2.612
0.928
5.792
7.592
0.764
1.908
2.772
2.028
0.352
1.944
0.1
1.884
4.104
3.724
1.72
3.196
3.012
5.364
0.816
0.552
7.28
2.908
0.528
7.268
5.592
4.072
0.568
0.168
0.356
0.1
1.684
1.432
1.332
4.852
4.464
0.66
4.996
4.156
1.772
0.204
2.14
1.976
1.008
0.116
0.672
3.824
0.552
0.416
0.804
0.304
1.444
0.968
2.464
4.36
2.632
5.552
7.404
7.24
6.828
0.184
1.564
0.364
0.652
0.552
0.364
1.24
1.74
9.504
0.24
1.6
0.484
9.396
1.844
2.472
3.716
0.832
0.404
0.348
0.852
0.152
2.592
0.232
4.524
0.7
0.94
0.232
3.012
4.076
8.188
0.324
1.32
1.064
0.988
0.92
0.712
3.54
3.2
1.624
1.628
0.42
2.14
0.452
2.76
0.168
1.088
0.456
8.652
1.832
0.308
10.308
5.812
5.304
8.392
0.216
0.74
0.964
1.224
1.26
1.012
2.06
1.452
5.1
2.924
1.42
2.708
4.196
3.268
4.492
1.388
0.988
0.544
0.216
1.392
2.428
3.848
1.884
0.936
0.848
1.928
0.3
1.112
0.112
1.052
1.748
2.044
2.236
2.032
0.2
0.604
0.076
1.456
3.412
7.216
1.72
3.468
0.984
4.688
1.012
5.444
0.172
2.756
0.16
1.2
2.164
1.136
0.88
1.336
8.76
1.524
1.108
0.148
0.884
1.084
0.076
1.216
1.972
2.196
3.852
0.1
0.668
0.388
0.824
1.588
0.932
9.692
3.2
1.384
5.076
0.172
2.032
3.824
1.148
3.932
2.752
0.424
1.732
3.232
10.916
1.532
0.24
1.408
1.576
2.148
0.564
0.548
1.396
5.564
1.272
8.884
0.116
1.472
0.084
1.644
2.152
6.724
2.112
4.844
7.66
6.524
2.332
2.472
1.064
7.272
1.884
2.828
0.392
0.492
4.248
1.316
4.66
2.224
1.876
5.152
9.588
4.652
1.328
0.748
9.78
10.512
2.5
2.692
7.352
3.744
1.848
1.104
3.368
0.336
0.62
4.268
0.32
4.328
0.656
6.172
3.728
1.88
1.848
0.392
2.448
6.192
0.616
0.132
1.532
4.756
1.824
1.12
2.772
1.48
1.424
7.004
0.844
0.084
3.324
6.54
1.804
3.648
1.692
6.272
3.0
0.692
1.588
0.712
2.788
3.32
10.02
4.256
4.996
0.904
0.152
3.408
0.26
2.592
0.492
2.844
0.812
2.256
0.76
1.716
1.496
5.244
1.968
2.184
1.156
1.796
0.44
1.74
0.232
0.588
1.244
0.296
1.332
0.324
0.076
0.248
4.18
3.316
0.184
1.112
7.076
2.76
2.904
2.008
0.904
2.124
0.656
1.008
2.088
3.156
1.816
1.856
0.956
2.496
0.964
0.652
7.184
8.476
0.16
0.852
0.452
9.916
3.668
0.128
2.156
0.284
1.78
1.152
3.852
3.836
1.044
1.096
5.148
0.448
1.484
4.124
4.644
0.464
0.528
1.988
0.284
2.184
2.076
0.748
0.312
1.916
1.144
5.448
0.504
2.684
1.628
2.44
0.6
5.584
0.116
1.868
4.872
0.224
2.108
1.224
9.472
3.704
1.212
0.992
7.08
0.1
3.244
3.26
10.592
2.14
3.552
9.032
1.416
1.164
0.312
3.564
9.696
1.956
4.644
2.176
3.172
7.64
2.34
5.0
7.988
1.2
5.08
2.492
0.196
2.62
1.196
2.028
3.056
0.868
0.292
1.668
0.468
2.756
10.068
7.024
3.124
8.544
8.944
2.384
1.324
1.452
0.844
0.14
2.168
2.4
10.04
0.484
0.4
8.884
1.724
10.672
4.352
1.192
1.088
3.36
1.524
0.328
0.596
1.796
2.588
5.844
0.08
0.356
7.34
1.18
0.912
0.212
6.632
0.896
0.608
1.112
1.552
2.184
0.312
1.136
3.124
3.692
0.56
4.08
1.092
0.468
3.608
1.244
0.448
0.336
1.908
0.108
1.572
7.808
2.196
0.184
1.408
1.536
3.724
1.112
2.584
2.2
0.26
1.96
1.968
2.296
3.3
3.736
0.24
4.592
0.072
0.428
1.896
0.624
0.756
4.808
1.116
0.572
2.652
8.512
5.696
4.932
5.464
1.512
3.2
0.68
4.084
0.08
0.668
6.124
2.76
2.94
0.068
3.72
1.604
0.548
4.468
0.324
0.404
5.128
1.4
5.528
1.792
0.344
2.704
2.44
8.048
1.9
9.228
0.236
6.112
2.788
0.952
0.328
0.164
0.812
3.444
3.072
0.244
5.592
3.236
8.268
0.408
2.064
4.228
0.56
1.236
1.5
1.488
0.412
0.696
2.024
0.156
6.984
1.072
0.544
0.496
1.444
3.648
9.632
0.856
0.872
6.244
2.576
2.7
1.696
5.928
1.764
1.0
0.884
4.104
0.604
5.392
0.124
0.088
8.7
0.6
1.792
3.128
0.192
1.192
0.392
3.644
0.452
2.136
1.232
0.676
1.884
1.332
0.14
1.196
1.94
6.12
0.512
0.168
0.436
1.016
9.192
2.564
2.616
2.656
5.032
3.516
0.168
4.324
0.076
8.416
2.748
8.324
6.552
2.256
0.488
4.988
1.756
1.944
0.86
9.228
0.168
8.368
2.156
1.844
2.736
2.172
9.312
0.844
1.468
4.62
4.668
4.46
5.212
3.712
2.012
1.212
2.908
8.78
0.692
2.32
3.476
1.216
1.192
2.26
0.564
1.32
0.56
1.404
0.744
0.54
0.348
6.092
9.064
2.836
1.728
2.276
0.848
0.116
3.12
0.896
2.42
2.408
11.048
4.756
2.888
9.148
4.968
2.836
1.896
2.624
3.18
0.188
2.996
1.38
0.28
3.96
5.948
2.532
7.164
0.356
8.148
0.564
0.696
8.6
2.156
1.0
2.72
6.228
0.332
1.128
0.224
3.08
1.304
5.688
2.26
0.376
0.292
1.952
1.272
4.696
1.932
5.712
2.34
4.732
9.136
1.348
1.9
0.652
0.332
5.212
5.324
3.888
2.38
0.676
0.172
0.848
0.92
1.388
2.56
0.7
0.452
0.488
1.784
3.052
2.396
4.392
0.748
2.58
1.496
1.936
3.176
0.444
3.432
0.48
0.576
0.904
1.008
0.936
5.676
7.092
0.5
1.224
9.856
2.5
0.788
1.636
1.32
1.96
1.104
3.832
0.452
0.776
1.224
0.1
0.728
0.368
2.936
1.464
1.004
0.584
5.34
2.452
3.676
0.196
0.904
0.284
4.448
2.756
6.736
6.86
3.44
3.996
6.408
7.9
1.084
0.696
3.464
5.272
0.528
0.492
3.856
0.464
1.248
4.744
1.456
0.32
0.616
6.38
7.408
1.204
10.092
1.088
1.48
2.2
10.008
2.6
4.1
6.644
8.256
4.232
2.816
2.492
3.012
0.708
1.84
0.252
1.544
0.292
1.992
1.532
7.824
0.204
0.292
9.296
1.96
0.792
2.68
0.556
1.6
10.76
0.616
0.424
0.764
1.368
1.744
0.424
1.488
1.844
1.312
0.676
3.92
0.472
1.66
6.332
0.936
0.084
0.716
1.564
1.608
0.176
3.8
0.56
1.348
0.144
0.524
2.36
1.36
2.652
3.436
2.064
2.908
5.356
1.072
0.096
1.664
2.008
0.448
5.608
0.068
2.844
5.988
3.352
2.932
1.068
1.48
5.288
0.576
1.384
9.92
0.82
0.94
1.704
0.948
0.84
0.892
2.86
2.252
0.08
0.88
1.42
2.952
1.104
0.088
0.984
1.636
1.536
0.784
0.796
0.288
0.656
1.596
0.384
0.368
2.04
5.192
0.268
1.5
0.816
1.452
0.652
1.172
3.944
1.804
0.84
0.324
0.072
0.116
1.324
2.32
0.408
5.992
0.972
0.804
2.136
1.1
1.016
5.376
4.008
0.58
1.068
0.184
4.248
1.48
8.332
3.636
3.292
2.04
0.2
0.14
1.556
8.924
1.392
0.516
6.98
2.116
0.464
6.08
1.056
2.264
0.788
0.788
7.196
1.924
0.744
2.38
0.232
1.312
4.688
8.3
2.94
0.64
2.22
0.212
7.144
1.672
3.104
3.288
2.296
1.344
0.536
1.764
0.876
1.28
0.688
0.196
0.48
1.248
3.164
2.048
0.516
3.016
0.42
5.692
0.396
4.24
1.824
7.824
1.444
5.364
2.008
9.436
2.024
1.964
4.008
0.116
3.108
0.788
1.816
0.568
1.596
1.028
1.9
3.712
7.424
2.864
0.396
1.856
6.684
0.132
0.836
3.368
1.18
2.196
1.072
2.688
1.564
2.98
1.7
1.836
1.336
0.276
0.84
10.756
0.516
0.98
0.836
1.044
1.116
4.124
9.648
3.256
1.832
2.116
2.752
5.084
0.108
1.684
1.532
2.676
2.34
2.364
1.204
1.556
4.66
10.74
1.58
1.904
0.944
0.776
2.236
2.056
4.764
0.504
5.14
6.536
0.236
1.88
0.604
0.908
0.456
3.748
1.292
0.504
4.724
9.192
0.784
8.052
2.02
3.572
3.108
1.488
0.42
1.508
0.176
0.216
2.136
0.948
1.172
0.224
0.372
1.12
0.544
1.372
3.608
6.22
0.464
1.488
1.272
0.108
5.696
0.316
1.036
1.092
0.368
3.748
0.688
0.628
1.4
4.384
0.924
0.472
0.184
0.824
0.572
2.464
3.1
3.928
2.304
0.228
1.872
1.36
6.072
7.288
0.224
3.848
1.044
0.132
5.524
0.512
2.412
0.264
0.184
0.076
0.728
3.356
2.04
0.228
4.02
4.616
0.224
0.82
2.864
3.012
2.216
0.336
2.72
5.168
2.4
0.932
1.092
1.548
6.276
0.5
3.664
0.636
0.596
1.12
1.268
1.148
0.82
3.192
2.584
0.352
5.136
2.352
2.128
3.276
5.112
7.948
4.908
4.588
0.968
4.436
1.564
5.468
1.388
4.256
0.12
2.444
6.368
0.128
2.468
5.12
9.668
5.272
3.696
0.168
3.968
0.648
1.06
0.248
8.376
1.072
2.448
1.18
0.764
1.036
0.42
1.728
0.268
0.336
1.084
1.968
0.424
0.928
0.62
2.288
1.24
4.056
0.692
4.336
0.688
8.064
2.612
2.584
3.6
0.992
2.544
4.532
1.968
1.864
3.024
6.964
0.092
0.256
1.484
0.752
3.988
0.552
5.52
0.636
0.268
4.936
1.412
0.212
0.916
3.776
4.336
2.764
3.768
2.852
7.588
6.996
1.756
4.4
9.896
0.512
0.772
4.6
2.244
2.24
0.78
2.42
1.66
1.468
0.592
7.22
1.776
1.636
1.816
4.204
0.224
0.632
0.072
1.896
0.288
0.376
1.164
0.856
1.476
4.756
1.352
2.384
1.292
0.848
3.3
8.276
2.14
0.112
4.4
8.192
0.108
0.616
1.908
0.452
4.492
1.376
8.16
0.656
10.484
1.32
0.256
0.312
0.136
2.464
3.912
0.98
2.664
0.836
0.696
2.352
1.132
0.172
0.988
4.104
1.12
5.532
4.068
0.076
1.352
2.212
3.944
1.26
3.596
0.816
4.42
1.044
0.348
4.404
3.652
1.896
0.204
0.8
0.844
2.896
0.532
1.756
2.964
0.328
0.276
1.208
0.08
0.128
1.392
1.724
6.956
4.588
0.232
0.932
0.94
3.068
1.52
0.712
9.932
2.676
4.644
0.352
7.644
0.588
0.592
2.776
0.552
0.168
2.384
0.672
0.228
3.192
0.496
9.388
0.18
0.16
0.64
1.888
1.468
1.116
10.592
0.276
0.712
1.952
4.792
1.812
2.816
2.016
3.216
1.608
1.084
0.948
0.396
6.096
5.172
1.708
0.228
4.396
5.932
2.108
3.964
0.684
1.792
0.504
1.464
1.028
0.148
2.232
1.448
3.52
0.716
1.532
0.536
1.952
0.3
0.948
6.66
1.456
0.16
2.348
3.336
2.204
1.284
10.436
2.924
0.348
1.652
0.876
0.092
4.488
1.236
5.224
0.332
1.532
7.644
0.824
0.92
1.776
2.292
2.436
0.192
2.756
0.344
2.092
0.516
5.336
8.3
3.86
0.436
2.048
0.64
0.48
4.46
7.248
10.272
1.652
2.272
0.712
1.776
0.472
0.376
1.632
1.56
0.188
4.692
4.4
0.536
0.916
2.716
0.196
1.78
0.344
6.752
2.652
1.816
0.816
2.82
5.308
0.392
1.012
1.02
0.78
10.8
6.896
3.82
1.26
0.992
5.084
1.628
3.336
1.8
0.22
1.64
1.88
0.396
1.352
0.192
4.848
11.028
0.728
0.124
0.104
1.792
9.756
6.972
0.12
2.24
2.108
1.836
1.536
10.808
0.12
2.04
2.412
0.456
2.504
0.284
0.152
2.056
2.768
0.14
0.832
0.2
6.512
1.752
0.272
0.7
0.984
8.464
2.368
1.104
1.632
0.116
0.944
0.196
1.42
1.984
2.856
1.92
4.94
3.78
0.396
5.88
6.304
4.376
0.152
0.08
0.912
3.272
6.604
1.0
0.684
5.144
0.856
3.956
2.272
0.848
0.352
0.416
1.588
10.08
9.76
1.068
0.748
1.64
0.936
1.76
0.636
0.148
0.14
2.784
1.132
0.592
2.544
5.684
6.348
1.052
0.188
0.836
6.872
5.02
2.584
9.636
0.12
0.736
1.268
0.628
1.476
2.66
0.788
7.732
4.036
1.096
1.352
1.824
1.716
7.232
8.132
1.748
0.468
0.2
0.716
4.464
1.084
1.3
2.308
4.64
3.776
0.476
1.284
2.664
3.58
2.744
0.664
1.256
0.208
0.096
2.716
1.792
0.904
0.88
4.552
2.436
3.712
4.528
1.36
0.312
1.688
1.368
0.592
0.328
0.716
1.572
3.228
0.68
4.796
3.984
0.16
0.668
1.196
0.152
6.952
0.788
0.236
2.38
0.524
0.688
2.616
3.168
1.972
0.392
9.644
1.864
3.792
5.508
2.44
2.736
1.472
0.852
5.056
0.752
0.108
0.856
0.692
4.452
3.52
8.364
3.212
0.472
0.384
1.42
0.548
2.576
0.96
3.552
0.488
0.312
2.72
0.148
1.66
0.956
2.468
1.356
1.26
1.34
3.036
3.744
2.756
1.256
0.068
0.2
2.952
0.928
4.148
1.212
1.864
2.48
1.9
7.28
1.208
1.212
0.54
0.864
0.072
1.184
0.532
1.632
0.904
0.852
0.268
1.716
3.12
6.076
2.356
6.128
6.38
1.344
0.4
1.18
0.552
2.76
2.152
2.66
2.192
0.076
1.14
6.684
0.14
2.268
2.1
6.804
6.212
3.628
1.3
0.704
0.284
3.876
2.968
0.984
0.52
8.468
4.212
0.728
2.98
5.896
4.412
0.916
1.716
5.988
4.952
7.992
4.088
3.448
1.84
5.824
0.332
0.724
2.22
0.32
10.772
1.112
0.376
4.228
0.628
1.86
0.412
2.412
4.024
0.976
0.84
4.028
2.684
0.628
0.164
9.056
7.504
3.536
5.912
0.596
1.748
0.176
0.176
2.824
6.168
4.188
0.204
0.428
0.252
0.512
0.804
4.844
0.52
0.708
2.592
1.792
0.608
6.564
1.348
1.056
1.912
0.54
8.884
1.884
0.884
1.008
1.236
0.168
1.108
0.184
0.616
0.128
1.696
3.46
0.716
1.112
0.268
1.196
2.836
1.952
1.612
0.872
1.072
4.384
2.484
1.356
5.008
2.432
0.352
2.24
0.076
4.512
0.304
4.54
1.852
6.136
4.632
2.772
1.672
6.196
0.116
0.34
1.216
1.72
4.336
1.76
1.216
0.416
3.056
0.16
9.036
3.88
2.48
0.508
0.62
7.796
8.336
7.068
0.612
0.372
0.112
5.636
10.096
0.508
2.948
1.964
2.428
4.352
0.508
0.888
0.764
0.7
2.192
1.168
0.104
0.88
2.5
3.028
0.32
3.22
0.48
1.0
1.94
1.812
3.22
0.088
0.708
3.812
0.824
9.48
5.52
3.764
0.48
1.256
2.464
0.092
2.404
1.8
1.308
0.744
3.248
1.132
2.928
1.204
0.684
0.696
3.92
1.272
1.648
5.536
7.156
0.256
0.896
0.08
1.06
0.94
1.008
1.492
3.456
0.832
0.356
1.46
0.632
1.236
0.356
0.388
0.204
2.196
0.136
0.824
2.548
1.86
9.24
2.696
1.476
2.496
2.46
3.52
0.292
1.2
5.36
4.388
2.132
3.576
3.46
0.824
4.312
0.736
1.552
0.652
0.62
1.884
0.932
2.344
2.968
6.864
1.396
3.232
6.904
0.816
3.316
0.8
2.864
3.788
10.728
0.316
0.14
1.48
0.132
1.676
0.16
0.456
3.952
0.308
4.568
1.916
0.08
3.712
1.276
0.344
0.648
1.172
0.104
0.58
4.156
1.74
1.144
10.5
1.828
0.544
1.26
0.508
1.36
1.428
0.676
0.968
6.228
0.324
0.488
0.188
0.592
0.248
1.724
0.384
2.632
0.812
3.98
2.032
0.76
3.368
1.492
0.86
2.528
1.548
3.22
0.74
2.412
0.396
1.06
0.192
3.188
0.256
0.772
0.3
0.624
4.264
0.32
1.424
5.024
5.816
4.128
0.656
0.148
6.144
0.576
0.848
1.84
1.608
2.9
0.796
0.256
2.308
2.268
0.252
1.352
4.212
0.832
0.24
7.192
0.768
1.364
0.816
1.616
1.516
6.416
3.012
0.872
1.088
5.036
3.944
0.472
2.904
0.344
3.752
10.196
1.728
1.16
1.604
0.508
6.892
0.804
8.968
2.856
1.96
4.244
0.792
2.284
8.128
0.344
0.1
4.812
8.696
1.916
4.572
2.936
5.744
4.504
3.432
0.748
7.564
2.176
1.036
0.172
0.428
1.844
1.792
4.264
0.62
0.296
1.56
1.52
1.676
1.032
0.544
6.44
0.384
7.54
0.208
0.796
7.736
5.432
2.368
9.468
3.54
0.46
0.468
2.264
3.456
4.152
2.164
1.628
2.692
4.08
0.952
2.452
3.66
0.576
0.176
1.392
2.22
1.228
2.66
1.824
2.124
1.292
0.212
4.636
2.876
7.372
2.228
0.54
3.112
7.9
10.996
2.088
1.628
2.636
3.112
4.852
6.728
7.008
2.652
0.316
2.344
4.9
4.524
0.3
0.684
10.856
3.432
0.336
0.828
1.216
1.892
1.852
1.344
0.516
4.788
0.308
1.332
0.2
2.996
1.316
8.992
1.648
0.34
4.148
5.956
2.364
3.708
4.168
2.6
8.388
1.44
2.724
2.388
0.3
0.744
0.128
1.696
0.756
0.38
0.112
0.304
6.736
0.184
1.164
1.08
9.864
4.676
1.592
5.908
3.96
0.248
0.388
1.068
1.796
4.676
0.876
0.38
3.32
5.872
1.768
2.34
1.08
0.688
0.752
1.632
0.924
7.032
6.992
2.928
7.84
2.696
2.896
2.768
5.98
5.176
4.996
0.996
1.188
6.6
0.072
3.812
0.476
2.66
1.46
0.136
0.664
1.672
0.212
0.192
4.556
4.092
2.296
2.432
3.408
0.964
2.196
0.496
4.424
5.988
10.132
7.996
0.1
0.6
3.56
5.136
0.736
1.308
1.964
1.256
3.136
3.28
2.844
2.356
0.24
0.968
0.592
0.096
0.564
4.672
8.224
2.46
0.556
0.936
5.74
2.0
0.992
0.908
1.412
1.776
5.176
0.604
2.264
2.588
4.584
5.168
1.064
5.32
0.484
1.444
0.256
4.1
2.168
2.336
6.016
2.48
0.36
1.036
3.736
0.264
0.764
0.684
3.04
0.588
0.152
2.716
0.436
2.968
0.312
9.892
3.584
0.08
1.088
3.248
0.38
10.044
1.832
4.792
1.704
1.02
1.272
5.132
0.208
2.772
1.096
0.596
0.224
0.548
0.104
1.948
7.632
3.544
0.308
6.428
3.296
1.024
0.924
0.504
2.892
3.084
3.616
6.028
1.124
0.724
1.812
1.38
1.068
0.432
3.148
0.812
8.664
0.284
4.004
0.464
1.424
1.392
5.628
1.268
7.772
1.42
0.644
5.86
0.656
5.06
3.152
0.152
1.044
4.992
1.092
2.3
2.424
4.592
8.972
4.668
1.456
0.628
10.632
0.64
0.768
2.796
0.152
0.892
3.096
0.16
2.8
0.62
7.78
3.196
3.156
1.7
0.264
7.096
2.352
1.348
0.348
0.92
2.092
0.82
7.096
0.924
0.596
1.672
1.228
1.312
0.18
0.732
7.176
7.468
1.876
3.044
1.372
0.068
3.496
0.708
0.828
4.156
2.06
1.952
4.072
4.588
1.648
4.276
2.036
8.048
1.836
1.232
0.628
0.64
1.056
3.204
1.628
3.26
2.212
3.748
0.152
8.444
2.752
5.448
4.684
4.64
2.896
1.228
7.144
2.128
0.56
2.688
2.816
1.208
0.936
2.728
4.144
2.652
0.596
0.608
2.064
1.724
0.14
2.192
1.236
0.704
5.38
1.096
9.908
0.152
0.496
1.708
1.26
2.072
3.508
0.62
2.956
4.724
1.364
5.756
1.324
0.44
1.504
1.404
1.952
0.128
0.712
7.412
1.196
0.8
0.78
1.824
9.264
4.356
1.704
0.132
1.852
3.992
0.828
6.504
4.424
2.844
0.56
0.724
4.512
4.2
3.96
9.94
0.468
1.164
4.2
2.196
4.744
5.828
0.988
1.26
0.38
2.68
1.12
0.256
0.656
0.9
4.752
2.64
0.856
0.224
0.624
1.54
1.564
2.276
8.116
2.908
3.376
1.88
0.7
5.48
1.744
1.68
2.428
0.912
1.844
3.756
1.64
3.028
1.064
2.06
4.396
3.208
1.532
2.456
1.696
0.66
1.62
3.208
2.024
7.8
0.116
1.656
0.292
0.196
0.872
1.532
0.36
2.336
2.18
0.652
1.308
1.38
3.208
2.04
0.496
0.78
0.716
5.38
1.156
1.908
10.948
0.124
3.216
2.62
7.696
0.336
0.772
0.76
0.632
0.304
0.808
0.536
3.604
0.348
1.26
0.236
0.116
2.06
2.296
2.76
4.136
7.14
4.012
9.108
0.352
3.216
2.716
7.456
1.768
3.308
1.168
0.76
4.048
5.852
5.212
5.836
2.756
5.052
4.496
4.596
2.372
3.284
11.048
0.808
0.32
0.88
0.964
2.176
2.716
1.524
0.228
2.58
0.12
0.42
0.4
2.852
0.396
0.132
0.188
0.224
1.24
2.528
0.152
3.932
2.876
1.068
2.84
1.924
2.376
0.452
7.408
0.752
0.08
0.524
0.336
1.78
1.556
0.58
0.324
1.896
1.572
0.592
3.508
1.564
0.876
1.78
1.46
4.208
3.264
7.96
7.82
3.364
3.492
0.148
1.092
0.084
6.584
0.536
8.352
1.68
2.644
5.396
1.424
1.228
2.012
5.024
3.184
3.724
4.456
4.368
9.208
4.26
3.916
1.16
0.084
0.256
2.556
2.668
0.94
0.172
0.644
5.496
0.172
5.236
6.276
0.6
1.236
0.764
0.208
0.66
0.208
4.92
0.652
10.512
1.336
3.396
3.804
1.256
0.248
3.348
0.284
0.768
0.492
2.3
4.924
4.064
4.864
0.812
5.092
8.924
5.656
4.364
8.596
0.404
1.944
2.78
3.264
0.788
0.648
1.628
1.928
2.644
0.904
4.316
0.736
2.404
1.764
1.352
6.664
0.44
5.84
5.3
0.224
3.108
0.22
3.72
0.328
0.312
1.112
4.212
0.836
2.756
3.312
3.184
4.168
7.208
0.268
5.5
0.268
1.952
0.688
5.724
0.84
3.144
8.68
3.696
4.204
0.992
1.124
8.756
1.276
0.736
0.944
0.224
2.452
3.756
1.324
9.84
3.364
1.336
1.28
0.34
0.084
0.068
0.968
4.524
0.38
4.596
0.356
3.656
0.656
4.1
7.016
2.868
2.152
1.24
1.348
5.308
0.312
1.416
7.176
0.18
8.216
0.536
0.248
0.196
2.916
1.508
3.828
0.704
2.14
0.744
0.536
0.484
9.796
0.6
6.856
0.232
3.244
0.356
0.728
0.164
2.508
0.584
1.988
0.944
1.772
1.7
11.008
7.78
1.24
0.42
0.568
5.952
1.312
2.436
2.124
8.844
2.436
1.372
0.116
7.684
5.864
1.38
7.72
3.9
0.552
4.932
0.604
2.388
3.956
2.076
3.676
7.276
1.036
3.752
0.18
4.216
2.412
0.776
2.716
0.284
0.712
1.62
0.584
0.072
4.184
0.748
0.212
2.256
0.692
0.764
5.804
3.3
1.816
2.412
0.092
1.112
1.844
0.836
2.548
0.36
2.944
0.884
2.808
3.492
1.108
0.24
0.176
0.144
1.544
2.188
3.492
3.172
3.564
2.588
1.012
0.136
3.804
4.304
1.104
3.508
0.18
1.76
3.436
0.696
0.976
5.04
4.64
3.48
1.016
2.036
1.968
4.068
0.996
3.676
5.192
3.252
4.38
9.368
4.3
1.924
10.74
2.876
1.24
1.86
0.564
0.252
0.832
0.532
9.628
0.788
0.384
1.428
0.732
1.784
3.004
1.248
0.208
1.236
0.232
0.804
1.976
0.164
2.704
2.76
0.548
0.6
2.604
0.144
0.416
0.576
2.852
2.508
6.972
0.26
1.736
9.936
1.264
0.132
1.696
2.292
1.52
3.036
1.36
0.288
10.556
2.036
9.388
2.804
3.48
0.236
4.568
3.616
0.852
1.12
0.936
0.632
8.752
1.944
0.156
1.672
5.164
1.664
1.596
6.416
1.292
0.504
2.32
1.932
0.068
9.1
3.176
1.184
1.476
2.384
0.116
1.48
2.652
2.324
0.944
1.092
3.436
0.196
7.22
0.348
4.78
4.976
5.596
2.408
4.152
0.32
0.132
1.532
4.896
5.724
2.916
0.116
0.136
0.988
0.528
1.148
0.688
0.984
5.764
3.768
10.528
0.86
1.428
0.576
2.14
2.308
3.232
2.748
9.056
1.848
0.876
0.664
1.912
2.796
0.068
1.16
0.644
1.432
1.216
4.008
0.372
2.384
2.552
3.136
1.752
4.512
8.528
0.16
0.34
1.404
1.0
0.16
2.244
6.956
4.68
1.36
1.556
1.544
0.5
1.7
3.1
1.772
3.124
0.588
1.62
3.816
2.692
0.74
1.208
0.708
2.856
4.024
0.724
5.304
1.912
6.356
9.18
2.5
0.636
1.6
1.364
0.804
0.216
2.232
0.088
0.48
0.484
1.32
5.416
1.96
2.788
8.424
0.836
1.02
0.752
3.204
0.788
0.104
3.584
1.624
1.808
2.312
1.108
1.528
2.236
5.176
0.24
1.02
3.248
3.56
0.456
1.036
0.452
10.624
5.28
9.244
0.588
3.0
3.248
0.264
0.596
0.64
5.14
1.756
0.904
3.844
3.508
0.544
0.68
2.032
2.1
0.588
5.828
8.896
0.16
0.616
10.92
0.076
0.572
0.56
4.068
3.416
2.872
0.188
1.732
0.2
5.004
3.708
0.168
4.956
4.06
1.992
2.912
0.628
5.736
1.64
2.036
2.648
0.6
2.312
3.952
3.42
0.792
0.24
0.896
2.692
9.876
4.052
1.552
0.792
2.536
0.508
2.12
0.28
2.572
1.06
3.58
2.28
9.992
1.112
2.688
2.872
5.188
0.368
2.728
0.448
3.024
0.244
0.156
1.076
0.404
7.732
6.3
0.112
2.908
2.64
1.46
0.764
5.124
0.532
3.78
1.044
6.008
2.128
3.276
0.212
0.976
0.668
9.944
1.1
1.12
0.372
0.132
2.032
2.408
0.1
0.08
0.356
1.66
0.08
3.436
1.448
0.076
1.656
1.236
0.956
8.416
2.172
0.544
1.732
3.34
1.368
0.16
0.352
1.456
0.524
2.628
10.52
0.308
1.236
1.504
5.636
2.844
3.028
3.004
2.048
0.116
3.992
0.708
0.092
0.708
0.268
1.868
0.744
1.86
0.98
3.756
0.24
0.492
1.968
3.332
2.384
3.068
1.188
1.028
3.328
0.456
0.672
0.948
0.94
5.8
0.344
2.08
8.964
1.28
0.872
1.472
1.712
1.476
0.62
0.692
1.56
0.648
1.144
0.784
5.664
0.236
0.88
0.492
0.2
6.772
2.068
0.708
0.876
0.204
6.148
1.464
8.508
1.24
1.972
6.78
2.532
3.04
0.72
3.328
0.468
4.956
1.464
0.396
0.488
1.716
1.576
4.524
1.184
1.168
3.772
5.636
0.484
1.036
3.204
3.756
4.048
0.316
2.128
4.128
1.852
0.228
2.14
8.88
0.404
10.52
1.308
1.736
2.792
1.292
0.336
0.384
0.468
0.296
2.484
1.668
0.58
4.2
1.556
3.932
1.596
0.116
0.496
2.188
0.52
7.828
0.32
5.124
0.328
2.952
2.232
8.032
0.916
2.648
3.728
0.484
1.152
7.588
1.24
0.584
0.764
0.072
0.376
0.624
5.236
1.656
0.928
0.404
3.772
0.192
1.444
6.868
2.816
1.22
4.66
6.532
2.996
0.928
2.824
0.584
0.88
2.336
0.096
1.416
1.652
0.184
1.884
3.356
0.744
3.124
8.628
9.66
2.032
1.292
6.088
1.804
3.756
1.412
0.068
5.804
0.48
2.74
2.872
3.452
3.54
2.632
3.184
1.96
1.628
1.42
0.528
1.908
0.256
0.888
4.94
7.876
1.96
3.648
3.024
0.384
0.204
0.42
2.996
2.012
2.28
0.464
2.46
0.336
1.616
0.42
1.076
1.504
1.396
1.248
0.364
0.872
4.68
1.172
5.076
2.516
1.86
5.064
1.1
3.26
0.488
7.284
3.736
5.772
0.456
0.196
0.208
1.364
0.36
0.088
1.004
0.64
8.732
2.984
1.364
2.132
0.516
4.288
1.476
0.088
1.348
3.036
0.3
1.808
0.516
1.148
9.66
1.576
1.352
0.432
0.168
1.396
0.92
1.36
10.616
2.776
1.844
2.328
1.876
3.22
2.964
0.212
0.196
0.724
1.592
1.528
4.896
0.096
10.928
0.76
1.376
0.084
1.544
4.592
2.036
0.368
0.776
0.812
0.264
1.96
2.952
0.688
2.556
7.6
1.368
3.196
3.712
0.592
0.14
4.448
1.544
0.144
9.996
0.316
0.108
1.952
4.164
3.064
5.332
5.736
6.048
7.228
6.096
1.768
0.308
1.768
0.188
0.28
7.68
9.4
2.896
6.68
0.476
0.144
1.356
2.936
3.716
2.228
3.876
2.332
2.488
3.54
0.98
3.084
6.804
3.496
0.588
3.62
0.352
4.396
0.148
1.324
9.292
1.636
0.508
3.828
2.128
0.236
1.156
1.98
0.352
1.516
10.8
0.904
0.756
0.208
3.592
2.636
5.856
0.848
1.452
1.52
0.08
1.076
0.1
0.604
0.724
0.196
2.236
0.36
1.068
6.372
2.852
0.156
0.66
1.812
1.472
9.568
3.968
0.908
7.172
3.144
1.972
1.7
0.18
2.708
5.02
1.256
0.856
1.068
0.136
5.96
1.816
0.148
2.16
0.344
1.888
0.352
2.644
1.056
0.44
2.756
2.38
0.18
0.872
2.388
0.668
0.732
1.972
5.256
0.632
1.192
2.328
1.624
1.804
2.188
0.068
3.212
6.672
1.92
3.056
9.916
4.572
2.484
3.568
5.172
0.136
4.32
0.416
0.068
0.22
1.672
0.716
0.076
6.592
1.864
0.208
1.404
3.092
6.328
2.94
5.692
2.924
2.58
0.64
1.74
3.188
1.956
3.056
3.048
3.54
3.556
0.716
2.04
4.212
7.156
1.812
1.296
1.62
2.48
2.004
1.372
3.564
0.68
1.004
1.56
2.752
4.96
1.56
0.784
0.396
0.664
2.056
4.076
3.476
1.024
4.78
2.66
0.684
2.952
0.676
0.212
1.144
2.312
4.536
1.736
0.924
6.536
4.92
2.444
0.26
1.98
0.428
0.596
1.532
6.396
10.872
2.048
1.392
0.24
4.108
2.004
1.216
0.928
6.832
3.772
0.456
2.576
0.276
2.54
0.18
3.132
0.12
5.912
2.316
2.364
0.204
2.516
2.184
0.196
1.824
0.516
1.068
1.0
8.384
4.168
0.796
1.144
5.968
7.004
6.692
0.34
6.792
2.576
0.436
0.632
0.532
0.716
8.78
1.44
0.52
0.076
0.864
2.672
3.008
2.216
3.112
1.576
0.936
5.644
5.536
1.212
0.58
3.04
4.08
1.356
1.36
0.152
0.208
1.22
0.076
7.524
4.54
2.24
2.484
0.188
0.196
0.296
8.512
1.644
3.056
1.656
1.064
0.288
0.74
0.108
0.076
0.672
2.64
1.14
4.656
2.028
6.46
0.172
7.264
2.916
5.288
1.984
1.38
2.548
0.736
4.448
1.052
11.04
2.096
5.592
0.456
6.212
0.404
1.868
0.076
0.144
1.82
8.788
2.164
2.144
1.116
1.896
1.332
3.656
2.596
0.2
0.376
0.16
8.232
4.276
2.244
0.64
0.644
2.68
5.128
0.216
2.932
0.332
1.824
0.156
0.212
6.108
4.472
0.752
8.748
8.116
6.928
0.272
0.792
7.732
4.492
2.624
4.428
1.78
2.22
4.004
0.624
4.348
0.896
0.644
4.404
6.696
4.896
4.46
1.328
1.94
10.156
0.32
1.436
3.892
0.14
0.94
1.216
0.376
3.948
0.932
0.524
1.928
2.196
1.912
3.688
0.896
1.628
5.968
2.456
0.216
2.004
0.82
0.536
5.724
10.048
7.328
3.696
0.336
1.516
4.612
5.26
0.192
0.236
4.176
6.776
0.328
2.036
10.032
0.132
8.94
2.428
3.228
2.584
1.14
1.964
0.352
2.96
0.904
2.56
1.64
2.548
0.836
5.156
0.796
0.088
1.084
1.936
0.124
3.82
0.204
0.192
2.372
4.692
7.728
4.132
4.884
1.18
0.768
0.616
0.424
1.68
2.976
0.88
2.064
3.12
1.024
0.364
9.592
0.372
4.172
3.344
2.316
0.952
3.052
1.236
0.592
1.712
0.112
2.864
0.196
1.368
1.04
3.408
0.492
3.004
1.56
0.852
0.292
0.336
0.652
2.872
0.548
1.372
0.16
5.816
0.404
3.748
1.096
1.708
2.1
7.928
2.472
1.676
3.552
1.544
0.804
2.036
1.556
0.292
3.436
0.62
1.084
0.184
0.068
2.256
3.568
1.616
3.02
1.076
4.824
0.192
3.132
0.46
1.352
4.54
0.84
0.768
2.672
0.212
6.964
0.708
3.568
0.42
0.912
0.884
3.952
0.116
0.864
1.676
4.12
0.072
6.34
0.704
1.3
3.244
2.076
10.308
3.384
1.532
3.7
0.512
2.5
2.916
6.332
1.0
1.452
2.588
3.648
1.228
2.66
2.792
0.976
0.236
2.296
7.46
2.444
0.348
0.536
4.932
9.364
1.716
0.208
0.796
0.576
1.34
0.82
1.14
4.388
3.976
3.296
0.144
6.688
0.604
1.296
2.988
0.556
2.216
2.032
0.124
1.672
0.944
9.12
4.32
2.084
3.748
6.8
10.212
0.164
2.852
2.992
2.688
4.8
0.204
1.76
5.2
5.088
1.228
8.032
1.696
2.516
0.472
2.74
0.084
0.556
4.292
9.584
0.464
3.88
2.596
0.56
9.34
0.308
1.752
2.112
10.048
2.824
8.628
2.58
1.304
9.004
0.796
0.316
5.044
0.828
2.728
0.968
0.512
0.384
3.484
8.676
3.156
6.816
0.792
2.832
7.396
4.864
0.072
4.984
4.008
0.696
2.748
0.112
4.008
1.308
3.112
3.008
1.5
1.996
1.548
2.94
3.488
0.28
1.248
6.976
0.744
3.584
8.0
0.42
0.396
0.952
1.768
0.572
0.832
3.12
1.06
0.436
6.42
0.924
5.388
2.364
2.108
1.42
0.64
0.812
3.532
1.62
0.58
1.276
0.896
2.24
4.764
0.952
8.384
3.84
0.852
4.224
5.768
5.576
6.472
0.468
3.192
1.084
6.496
5.9
2.024
5.24
0.276
0.1
1.932
0.348
2.152
5.96
0.308
4.176
0.328
6.288
9.56
8.044
2.252
0.508
5.66
4.896
2.26
0.792
1.452
0.92
2.564
1.204
0.86
6.32
8.628
8.24
0.824
6.528
1.476
0.32
9.184
2.176
1.056
2.348
1.26
2.26
1.492
0.232
3.548
2.22
2.868
3.884
0.264
1.744
0.716
4.768
0.928
1.792
2.728
10.488
2.66
2.336
1.092
1.16
1.044
0.732
0.88
1.808
2.2
5.232
0.712
0.772
1.58
1.052
2.012
0.512
0.432
1.368
9.36
5.34
0.48
3.528
0.232
0.9
1.036
5.308
1.228
2.288
4.632
0.22
0.632
1.74
0.988
1.78
1.64
2.128
3.66
3.42
1.96
0.92
0.656
9.748
0.728
0.384
4.092
1.7
4.108
1.468
6.956
6.836
1.02
0.196
0.1
1.344
2.104
0.676
0.788
1.128
5.544
3.128
6.656
0.144
1.528
1.068
1.004
1.56
0.212
1.38
5.548
0.76
0.548
7.76
2.128
0.496
2.164
0.88
3.08
1.424
2.024
4.564
2.012
0.112
0.736
2.284
2.556
1.66
2.76
3.736
1.884
3.896
2.152
1.644
0.12
2.484
3.792
0.664
0.604
1.184
3.088
0.72
7.16
1.384
0.564
1.028
0.072
6.788
0.652
2.496
0.376
2.948
7.584
3.196
1.84
0.084
2.324
0.616
4.62
1.644
1.24
0.164
4.404
1.956
0.536
5.764
7.932
0.668
7.992
2.364
2.688
1.072
5.392
4.0
0.544
0.676
0.624
8.156
0.668
1.176
3.708
1.048
0.68
1.26
0.656
0.54
0.788
3.24
0.232
7.692
0.868
2.62
2.324
0.352
0.748
2.412
3.188
1.8
2.516
3.2
0.416
4.032
0.284
6.808
0.256
1.34
1.476
0.22
4.404
7.356
0.104
2.088
9.344
1.288
0.416
0.98
1.844
2.108
1.936
1.016
9.356
5.828
2.224
1.468
0.964
1.196
1.404
7.668
3.12
0.296
0.58
1.252
0.436
1.148
0.64
2.428
8.648
0.28
0.168
2.496
2.18
0.424
2.196
0.564
6.612
0.472
3.208
3.832
1.296
1.988
3.228
10.676
1.32
0.08
1.508
4.52
5.272
0.936
2.48
0.888
7.272
1.764
2.544
0.46
0.352
0.268
2.132
1.4
0.5
2.736
2.124
0.676
0.412
1.928
0.848
0.224
1.976
2.56
1.076
6.708
0.244
0.08
0.144
1.552
3.776
5.724
4.328
0.464
0.192
2.176
0.096
0.532
5.132
0.66
0.304
3.012
1.852
3.596
0.564
0.168
1.676
1.792
3.372
0.78
0.608
0.816
2.076
6.252
0.556
4.48
4.252
1.46
1.556
1.024
0.092
0.356
0.888
0.416
4.78
1.944
1.636
1.764
1.512
6.044
0.572
3.056
3.144
3.552
3.112
2.72
2.292
3.596
0.528
5.072
0.228
0.272
0.184
1.708
1.46
0.836
2.572
0.216
0.984
2.456
3.088
1.996
0.504
3.864
3.312
3.208
1.372
0.808
1.936
1.952
1.012
2.42
0.684
0.812
0.124
0.928
0.828
2.452
2.072
1.28
1.036
1.24
5.124
4.48
0.948
0.356
8.616
4.332
2.504
0.756
0.196
3.324
10.98
3.32
2.296
4.648
2.66
0.16
4.524
1.068
0.6
0.128
0.244
10.716
1.244
0.228
1.588
1.116
0.68
1.684
0.976
4.964
0.512
0.116
1.424
3.44
0.168
0.644
0.712
9.456
4.276
1.428
0.58
3.64
5.332
1.364
8.204
0.36
0.316
0.08
2.304
1.02
0.836
6.628
2.372
4.9
9.304
1.188
1.012
3.968
0.928
0.14
6.872
2.824
1.904
5.536
1.468
2.348
5.24
6.952
2.804
4.492
0.752
0.868
1.032
1.9
5.696
0.436
11.06
0.176
4.232
1.42
5.544
1.06
0.356
0.608
1.26
7.612
6.992
2.132
3.604
1.42
1.548
1.54
1.508
8.644
0.572
0.204
3.288
1.644
0.412
5.552
2.832
5.752
1.732
0.428
0.72
6.384
1.08
1.056
5.596
1.116
2.812
2.788
9.064
3.2
2.356
0.324
1.776
0.144
0.092
0.42
8.968
2.076
0.276
4.008
9.388
1.672
2.796
0.16
1.124
5.392
1.02
1.132
0.664
3.664
0.12
0.392
0.704
5.112
0.964
2.74
4.136
6.788
8.232
0.516
3.232
2.6
2.392
2.044
2.592
8.168
4.568
2.692
1.588
4.492
0.112
0.308
8.936
1.052
6.712
3.036
2.796
6.408
0.536
1.352
2.576
4.936
5.94
10.016
4.588
5.476
7.04
0.368
5.772
2.58
3.416
1.524
0.92
2.0
1.3
5.452
7.8
1.824
4.896
1.152
0.188
0.936
1.684
0.356
3.908
2.16
2.74
0.2
10.856
4.864
0.34
1.076
0.472
1.308
1.028
0.38
1.256
0.612
2.524
0.656
0.376
0.876
2.528
5.184
0.192
4.264
1.1
2.696
0.852
3.244
7.208
3.928
1.916
3.4
4.844
0.308
1.54
1.812
1.956
0.26
10.628
0.664
0.808
6.256
1.58
0.264
4.72
0.74
0.772
7.004
1.516
0.428
5.728
1.168
1.332
2.752
0.672
2.132
4.764
2.872
2.78
1.272
2.64
10.812
0.716
1.184
2.332
10.756
0.096
6.752
0.836
0.508
1.576
0.952
6.172
0.292
0.436
0.424
3.524
2.516
1.108
0.732
0.32
0.464
0.444
0.508
2.072
4.068
3.276
0.516
2.392
4.6
1.068
0.436
0.168
7.256
6.496
3.904
2.608
2.14
3.428
3.988
5.088
0.824
1.264
4.224
1.428
0.58
2.164
1.04
4.796
0.464
0.384
2.124
0.372
0.504
6.872
0.124
8.652
3.108
0.568
1.148
2.496
0.844
1.784
1.732
2.912
1.26
1.832
5.124
1.508
1.244
0.72
5.136
2.6
4.2
2.5
0.108
0.068
2.168
3.952
5.3
1.808
0.332
1.964
3.74
1.924
0.108
1.784
2.04
10.144
3.264
0.236
0.868
1.256
4.2
1.392
0.848
2.508
3.804
10.324
1.328
3.408
1.348
0.34
2.284
1.84
1.776
3.112
2.984
0.604
2.52
0.216
0.348
2.496
0.604
1.424
0.368
2.256
3.032
0.672
2.152
0.356
1.012
0.568
0.216
2.66
1.384
10.236
4.136
0.276
7.936
2.512
1.272
5.956
0.408
0.708
5.46
1.332
0.176
4.052
1.064
0.78
0.372
1.152
3.384
0.688
0.592
3.212
1.708
1.052
1.812
7.64
7.328
9.9
1.832
0.436
1.496
1.58
9.492
2.952
0.64
8.368
0.56
2.044
1.312
2.864
0.864
3.312
2.16
9.552
0.076
5.224
1.82
0.276
7.16
3.696
1.048
0.404
0.156
2.964
2.236
0.68
5.552
0.988
0.1
2.124
1.344
0.244
1.152
0.544
0.396
1.492
0.344
3.904
0.58
0.508
8.544
3.048
2.196
4.068
0.204
0.888
1.136
5.076
0.356
1.36
2.024
1.036
1.156
6.868
0.924
0.78
9.948
0.384
1.676
0.22
2.4
0.412
5.0
5.136
2.4
1.836
8.66
10.584
8.652
4.788
0.432
10.696
2.468
3.588
0.544
0.356
3.48
0.348
0.776
0.168
2.848
1.788
1.064
1.676
9.948
4.808
0.08
3.904
1.404
1.164
0.196
1.896
0.5
7.052
2.976
2.036
1.924
4.056
4.772
1.784
4.188
4.928
0.932
1.14
3.184
4.624
4.148
10.064
10.812
0.196
1.772
0.332
0.444
0.488
4.556
1.716
0.692
0.688
6.84
0.244
3.604
0.28
4.368
0.212
1.36
1.78
0.112
1.108
2.04
1.884
5.104
8.044
2.54
9.684
0.76
0.356
2.168
0.724
0.34
9.128
4.48
0.104
1.048
8.06
0.468
4.348
5.844
0.428
1.08
9.116
1.352
3.192
6.576
1.856
3.024
2.24
0.436
0.388
1.244
1.556
0.976
2.092
3.58
10.644
2.04
7.192
2.836
5.944
0.124
3.616
2.752
0.92
1.188
2.212
0.072
0.528
4.3
4.456
4.62
3.34
1.024
1.824
7.384
1.112
0.776
2.036
6.232
1.152
0.628
0.732
0.276
0.716
0.352
0.7
0.744
0.436
6.984
0.088
6.44
2.352
0.492
0.824
1.5
0.604
0.8
1.616
2.896
0.152
0.776
1.364
6.328
0.148
7.108
1.984
7.876
0.9
1.256
11.068
1.208
0.604
3.12
4.308
6.732
3.84
1.052
5.792
2.608
0.852
2.032
2.82
2.2
10.66
0.232
1.612
3.548
1.932
3.628
6.92
2.588
9.404
0.968
1.644
0.132
1.184
0.328
1.028
4.676
2.596
6.96
5.956
3.7
10.632
0.496
2.712
7.296
9.756
0.84
5.508
0.46
1.5
1.316
3.076
1.396
2.668
2.74
9.94
10.024
1.516
0.224
1.004
0.216
9.564
0.352
1.836
1.364
3.232
3.496
9.4
0.784
1.724
1.292
0.824
2.564
9.592
2.268
0.268
0.82
6.536
5.232
0.776
0.44
0.8
8.12
6.648
0.772
0.436
3.268
1.076
1.828
4.112
3.892
0.492
1.016
0.552
0.628
2.096
5.564
0.364
0.972
1.884
2.304
5.244
1.036
1.26
1.644
2.956
2.032
9.4
1.308
0.976
1.5
1.632
4.596
0.656
0.384
0.788
3.216
4.72
1.328
0.792
3.32
6.732
1.124
0.988
0.62
1.864
1.312
10.7
0.488
4.608
4.04
1.076
3.02
2.856
2.196
4.808
2.996
0.776
1.928
2.848
10.148
0.972
8.056
4.384
3.964
5.156
7.116
1.412
1.172
2.024
2.548
1.616
6.392
0.18
3.724
0.104
0.336
3.436
1.748
2.144
0.16
1.236
0.776
6.696
1.232
0.108
1.592
0.332
5.312
4.064
0.1
2.176
2.212
1.248
4.936
1.868
2.848
1.032
1.216
1.936
0.612
0.376
3.96
6.676
1.196
0.496
0.092
1.24
0.1
7.308
8.476
1.168
1.52
0.26
5.752
4.8
1.016
2.172
0.768
2.44
2.612
0.62
1.248
0.696
1.088
1.924
2.792
7.532
6.012
0.488
8.352
3.76
0.804
5.248
9.1
3.776
1.12
0.18
3.588
0.208
0.116
1.952
1.06
2.028
0.28
3.228
5.116
2.076
5.76
0.636
3.796
2.4
0.096
2.44
2.212
1.756
0.3
3.456
2.056
2.228
0.368
0.484
2.34
1.54
4.3
1.472
3.832
0.996
1.052
0.284
0.912
0.176
0.64
0.236
1.54
3.272
0.24
2.168
3.908
0.888
0.456
4.068
2.244
4.052
8.856
1.5
5.064
4.556
3.852
0.548
6.508
3.948
0.832
4.588
7.468
0.56
2.308
6.488
7.232
9.008
1.236
6.536
1.124
2.684
11.016
5.86
4.076
0.424
2.42
0.304
3.12
0.556
1.784
1.344
2.692
0.856
0.508
1.108
1.56
1.7
9.444
0.18
1.144
0.46
1.9
3.984
3.476
0.132
0.588
0.672
0.608
3.952
0.764
2.32
0.12
1.884
2.208
0.072
4.716
0.608
0.332
1.436
1.384
0.556
0.832
2.268
2.664
0.16
3.532
3.488
4.444
0.288
0.992
4.372
2.22
4.988
1.276
5.68
2.052
0.088
2.392
3.86
0.668
0.192
4.064
5.98
0.352
3.176
0.168
0.476
1.26
0.396
1.032
0.796
3.652
0.548
4.928
2.744
1.62
1.316
4.856
1.868
5.26
1.896
1.964
0.564
4.228
10.976
0.836
0.604
0.276
0.356
5.904
4.532
2.124
1.068
3.768
5.812
0.504
3.188
1.752
9.06
0.26
0.916
0.316
1.508
0.788
2.156
3.8
0.476
0.588
1.384
7.184
1.564
0.176
0.612
2.608
7.216
2.308
0.808
5.704
3.796
1.5
0.068
1.248
9.536
0.984
0.916
5.052
3.056
1.808
5.548
0.128
8.692
1.004
0.16
4.184
2.696
4.396
1.432
1.3
2.144
0.148
4.084
0.152
5.276
0.772
6.076
2.38
0.86
0.708
1.616
2.768
3.308
9.256
0.196
0.112
0.456
3.408
0.344
8.204
2.032
0.772
6.58
0.88
0.448
0.86
0.104
5.664
2.824
0.484
0.296
0.288
0.648
0.38
0.764
3.584
1.708
0.904
6.064
4.484
2.8
2.764
1.696
0.188
2.328
0.44
3.428
1.256
0.768
0.308
0.56
1.428
6.3
5.268
1.372
1.996
3.312
4.768
4.616
1.692
0.58
0.076
0.312
0.116
2.308
3.628
3.928
5.348
0.324
0.288
3.412
3.392
3.62
10.688
8.648
0.608
2.196
7.484
2.252
1.84
0.72
0.244
2.452
3.048
4.032
1.92
4.792
2.212
1.468
0.684
2.28
1.1
4.744
1.18
1.764
0.356
1.036
0.196
10.728
0.212
1.616
1.324
1.972
9.264
0.412
1.456
1.312
0.876
3.724
3.148
2.436
2.656
1.112
4.124
1.576
5.08
1.136
2.764
0.4
0.588
1.932
3.684
0.792
9.216
0.756
6.336
0.636
7.16
2.344
8.696
6.984
2.456
2.844
3.188
3.18
3.52
1.152
3.232
0.524
0.076
2.3
1.468
1.52
0.572
1.632
1.308
1.02
1.432
1.284
0.764
0.892
3.1
1.564
6.448
2.232
1.128
10.828
2.88
2.764
2.136
2.76
0.84
3.904
1.148
0.124
5.168
0.376
1.672
3.536
1.488
5.54
5.404
0.744
0.52
0.1
1.644
2.128
0.08
0.544
0.312
2.104
2.116
4.952
2.98
1.632
0.44
1.032
3.876
1.932
8.764
0.444
1.536
0.936
1.836
0.732
0.236
5.116
0.6
0.288
2.36
2.044
1.904
4.676
6.528
1.544
1.772
1.072
10.836
0.8
10.552
6.144
0.976
0.224
0.892
1.216
8.832
7.332
0.568
1.72
0.148
2.016
1.692
7.008
10.196
1.644
8.0
1.752
0.376
10.072
1.376
0.688
0.64
0.592
1.644
0.28
0.584
4.924
0.416
0.684
2.16
3.992
4.096
0.572
2.208
1.38
0.544
0.664
7.288
3.448
2.588
4.076
4.872
0.576
0.724
0.976
5.928
0.508
4.48
4.076
7.524
1.224
3.56
0.512
4.528
3.688
0.872
0.828
0.776
0.68
0.852
1.864
5.072
0.924
1.416
1.184
4.388
0.184
5.364
0.7
0.396
0.64
1.044
2.524
0.144
10.304
8.524
3.324
0.404
2.712
0.252
0.076
1.24
6.02
3.716
2.152
2.068
1.232
2.636
2.564
4.172
2.312
2.1
1.688
0.784
1.448
0.136
0.212
0.236
0.264
2.132
10.112
0.488
0.924
6.468
6.32
0.816
1.304
1.536
5.096
6.4
4.956
7.056
0.42
1.952
2.324
0.56
2.988
2.256
3.28
0.932
0.196
4.588
1.42
0.528
6.984
1.652
1.092
6.688
2.1
4.884
6.856
2.692
10.776
1.448
0.62
4.584
1.176
0.256
0.452
0.792
1.444
3.524
1.036
2.96
2.948
0.352
3.724
7.384
4.692
0.644
1.556
3.716
0.204
2.348
0.26
0.752
5.24
3.704
10.176
2.496
2.16
3.46
3.948
5.64
2.112
0.152
2.252
1.412
0.08
2.076
0.204
4.484
7.98
0.8
1.592
1.032
