7.252
1.18
0.748
1.888
2.052
0.404
1.768
6.808
3.924
0.632
10.528
1.9
10.044
1.62
0.3
0.548
1.652
2.524
3.18
4.692
1.356
0.368
1.044
0.496
0.964
3.12
1.176
1.256
0.724
4.024
1.764
4.2
1.252
0.604
0.444
5.324
2.396
3.956
1.936
1.936
0.16
0.832
0.236
0.832
4.316
4.692
5.188
0.704
5.36
2.572
1.604
0.256
0.328
0.224
2.712
2.264
3.76
3.028
2.08
0.944
6.328
1.804
4.92
3.284
0.428
0.516
0.196
3.312
0.952
3.548
0.232
0.612
1.54
2.596
2.004
2.52
0.636
1.3
2.468
2.688
7.516
0.4
2.808
4.5
1.316
0.46
2.064
0.264
0.792
0.212
0.3
1.516
1.436
4.216
2.0
0.284
3.888
2.592
4.112
5.072
1.92
0.692
7.096
1.22
0.8
2.92
5.364
0.948
1.084
8.86
2.032
0.836
0.68
0.552
0.76
1.436
0.196
1.108
0.28
6.38
9.016
2.736
5.732
0.492
2.864
0.3
2.204
0.204
1.852
0.392
1.232
0.38
1.548
2.632
0.656
2.836
0.82
3.6
1.744
0.584
0.968
1.388
10.288
0.328
1.736
0.692
0.796
0.288
0.424
1.136
3.072
1.092
2.46
4.652
3.924
0.788
0.432
8.772
0.64
4.14
0.396
0.504
0.532
3.636
4.428
2.504
0.888
0.636
0.304
2.732
0.236
1.688
1.928
3.728
1.92
3.416
1.872
1.58
5.072
1.052
0.424
1.616
5.708
3.196
1.108
0.276
0.368
1.656
1.584
1.928
2.564
1.708
10.868
3.9
1.616
0.672
1.164
3.02
4.692
1.852
0.836
0.672
0.652
7.024
0.212
6.328
0.948
1.184
2.48
3.544
4.916
1.312
0.592
2.276
2.272
2.256
1.052
0.42
3.5
3.116
2.044
0.912
1.268
0.812
0.484
2.36
4.116
0.456
1.148
3.248
3.912
2.652
3.324
1.38
4.364
0.464
1.344
3.684
0.316
0.476
1.056
0.376
0.516
0.824
1.004
5.352
0.436
1.52
0.24
0.448
2.832
0.368
2.8
0.212
3.644
1.46
0.548
3.42
4.384
0.204
2.52
0.804
2.504
0.496
2.388
1.132
0.72
0.656
1.48
5.244
1.044
7.168
1.788
5.24
0.928
4.996
1.096
3.024
1.584
0.54
0.712
5.808
2.672
0.528
8.712
1.08
0.544
0.784
2.78
0.44
2.652
4.296
0.336
3.464
4.488
0.64
0.848
1.768
8.444
6.604
0.464
0.872
0.292
1.68
2.936
1.932
2.588
1.284
2.636
1.748
1.86
0.58
0.304
0.264
4.636
1.336
0.212
1.792
0.616
0.34
4.988
1.44
3.32
4.7
3.248
1.252
0.344
9.076
9.536
0.976
8.556
0.768
3.22
0.836
0.876
0.196
4.552
4.212
0.6
0.636
1.88
0.688
0.54
1.004
0.944
0.392
1.204
2.628
5.648
0.856
2.9
1.76
1.028
2.9
7.64
4.328
9.692
0.532
1.692
1.796
1.604
0.612
0.56
2.796
3.292
0.34
2.472
0.592
3.572
5.08
0.724
5.712
2.52
1.752
3.096
0.384
2.892
1.844
0.676
1.236
2.296
7.304
0.336
1.908
1.976
0.252
0.344
1.04
3.972
2.28
2.348
0.664
0.432
1.384
1.224
3.464
0.896
0.584
0.34
6.232
0.74
0.232
0.736
3.244
3.74
1.54
0.94
4.488
0.848
2.644
1.956
2.14
5.388
3.224
0.68
0.876
6.748
4.38
1.628
4.776
0.624
0.684
0.616
4.644
1.136
0.348
6.036
6.56
6.024
1.368
7.28
2.2
2.744
9.416
4.428
3.864
0.316
2.296
3.88
2.544
2.452
2.48
2.112
2.052
1.552
2.236
2.88
0.264
4.64
0.348
0.376
0.58
0.924
1.448
0.568
0.216
0.488
1.936
0.3
1.212
8.216
0.6
1.084
0.336
1.608
0.488
6.712
4.3
0.988
2.824
1.588
2.612
0.856
1.612
1.564
0.86
1.384
2.904
1.604
2.584
1.548
0.876
1.86
5.24
0.78
2.076
7.996
2.052
0.308
2.556
1.584
0.824
0.6
1.572
0.972
1.696
0.672
1.34
1.684
2.776
1.28
2.784
1.776
0.28
2.956
7.784
1.852
0.692
2.04
1.22
1.688
1.872
0.812
1.592
1.108
1.044
3.328
2.996
0.36
5.12
1.872
2.048
9.572
2.924
1.452
2.124
1.748
3.664
2.764
0.276
0.748
4.164
0.252
3.432
0.852
2.648
5.12
1.236
0.28
0.472
0.308
2.708
7.24
2.316
0.86
0.548
1.556
5.224
10.884
8.352
2.572
1.464
2.852
1.172
2.952
2.412
0.688
0.528
3.264
0.428
0.604
1.852
0.7
5.016
0.432
0.66
1.056
1.644
0.652
1.096
6.444
0.484
1.388
0.432
8.868
0.76
0.896
0.332
5.252
1.116
6.584
6.076
3.66
0.44
0.984
0.876
7.744
2.232
1.992
5.696
5.724
0.568
0.94
2.544
2.168
2.56
0.376
1.292
1.792
5.856
1.252
2.596
2.204
5.052
0.212
0.852
2.984
5.12
3.616
0.868
0.96
5.488
0.932
4.2
4.788
2.212
0.572
3.424
0.448
0.948
5.648
3.704
0.988
4.46
0.192
1.976
2.268
5.052
0.56
7.388
0.604
1.408
2.244
0.828
7.188
1.016
6.204
0.508
0.744
10.984
2.1
1.828
5.04
0.94
2.104
2.992
3.052
7.9
4.468
0.828
0.308
1.064
0.42
2.032
3.184
1.464
3.524
0.2
0.328
4.224
1.296
0.96
2.988
0.424
0.496
3.668
0.736
0.872
1.004
0.196
1.332
1.06
0.624
0.348
4.92
0.488
1.104
3.648
0.208
2.632
3.276
1.664
0.24
1.744
1.68
9.288
4.964
0.268
4.124
0.38
0.26
0.88
0.216
1.728
3.752
0.388
5.396
0.768
0.636
1.516
0.244
0.9
0.228
0.616
1.64
4.936
0.872
2.432
3.16
9.132
2.82
0.612
0.752
0.508
0.872
0.616
0.212
0.524
4.088
7.8
1.1
1.204
1.468
1.516
7.704
1.06
1.832
0.808
0.236
2.848
1.16
0.336
1.4
2.924
1.392
4.692
4.124
1.744
0.416
0.548
2.38
1.644
0.636
3.788
0.844
2.54
0.828
0.432
1.128
2.34
1.928
0.696
1.36
0.792
1.392
0.904
0.204
0.856
3.552
0.516
7.732
1.16
4.368
4.932
1.328
1.024
2.5
2.408
5.224
2.032
1.528
0.252
3.328
1.012
2.136
1.656
0.568
2.476
0.252
6.724
3.248
1.584
7.932
2.988
0.484
0.94
0.644
1.484
0.432
6.18
0.876
5.8
2.124
0.308
2.996
0.792
0.784
1.712
1.312
1.188
1.78
0.216
0.564
0.756
0.488
2.704
2.148
0.668
1.436
1.236
3.332
0.352
0.524
2.464
2.436
3.7
0.288
2.536
2.508
1.088
1.5
3.588
5.784
6.888
0.452
1.868
0.956
6.34
0.204
3.476
3.612
7.76
0.232
0.724
1.74
0.28
0.868
0.308
4.772
1.716
0.736
5.184
0.216
2.008
4.136
0.396
3.228
1.44
10.864
3.82
1.048
1.092
1.032
1.14
3.68
0.204
1.12
2.284
0.2
3.404
6.156
2.088
3.968
2.228
0.54
1.484
1.892
1.764
2.608
0.696
1.664
0.632
6.46
0.332
10.848
1.18
5.764
4.028
0.916
0.212
1.232
1.152
1.216
5.672
1.16
0.584
6.964
2.128
0.78
0.208
0.876
1.288
0.26
1.152
1.116
2.128
6.404
5.664
1.496
2.68
0.488
4.116
2.332
0.212
2.156
0.428
1.908
4.748
1.28
3.316
3.556
2.124
0.508
0.972
6.1
2.788
1.38
5.064
0.38
1.96
1.308
0.344
5.828
0.208
3.652
1.608
0.968
2.796
5.228
1.68
1.76
1.304
0.908
4.272
1.488
2.728
0.94
0.3
2.44
0.776
1.62
5.592
0.348
3.652
5.992
3.108
0.924
1.2
0.772
5.52
1.744
1.628
4.488
3.164
1.7
0.328
0.328
2.184
1.4
4.564
4.344
2.004
2.672
0.896
0.392
2.472
2.404
0.768
0.736
5.612
6.156
1.136
4.252
0.576
4.188
2.46
2.592
0.412
0.544
0.932
1.64
0.228
2.484
9.644
1.256
1.708
6.008
1.112
2.572
0.936
1.348
1.512
0.26
2.728
2.204
0.244
0.72
0.908
0.256
0.576
3.184
2.756
0.42
6.448
0.272
4.944
1.044
0.888
2.512
0.32
0.776
0.504
0.58
4.484
2.024
2.56
0.68
0.764
2.376
3.528
2.884
0.58
4.332
0.716
0.928
2.236
2.784
1.26
0.652
1.484
2.028
4.784
2.4
1.992
1.412
0.216
1.952
4.508
0.368
0.796
1.768
0.692
0.432
2.648
4.936
0.668
10.408
2.644
0.72
1.076
2.552
2.988
0.504
0.6
1.592
1.9
0.528
1.66
0.856
4.96
1.564
3.128
0.736
5.928
1.66
0.244
3.22
1.624
1.9
0.372
1.72
2.808
3.756
1.112
1.64
1.004
0.62
1.24
0.448
3.756
1.76
1.9
1.608
1.208
0.92
0.812
1.584
0.916
8.784
2.264
0.988
4.744
6.212
1.964
0.328
0.708
3.0
0.308
0.396
1.204
3.476
4.628
0.452
1.12
4.656
2.98
6.556
0.476
0.552
1.464
0.74
3.776
2.724
0.66
0.676
7.924
4.232
0.924
2.624
9.436
1.696
2.284
8.116
5.1
0.944
1.02
2.504
0.52
0.244
2.524
0.26
1.424
8.748
2.724
1.556
0.236
5.312
0.812
0.872
0.36
1.248
5.636
3.252
5.388
0.208
1.992
0.284
0.292
0.484
0.556
1.172
0.536
0.232
1.436
4.964
0.68
4.004
3.304
2.056
4.34
0.508
0.792
2.264
0.92
0.444
0.94
0.456
0.536
0.712
1.728
4.22
2.76
0.428
2.196
2.548
7.52
0.488
0.248
0.42
0.312
0.608
0.244
0.584
7.232
0.536
0.792
3.94
0.376
0.416
1.524
3.616
4.408
0.904
1.908
8.66
0.248
0.26
2.708
0.908
0.22
3.812
1.304
0.708
1.572
4.692
0.836
1.7
6.448
0.356
6.168
0.264
0.316
2.688
2.232
0.424
6.296
1.1
0.896
11.008
2.696
0.368
4.216
4.048
0.912
0.968
5.056
1.3
0.288
2.844
4.74
2.504
2.068
1.86
10.5
1.624
0.58
0.48
0.84
1.18
2.116
0.216
0.592
0.856
1.812
2.508
4.444
1.832
2.288
0.812
2.22
0.508
1.868
0.9
1.34
2.656
1.544
0.904
2.784
0.72
0.276
1.888
0.276
2.396
1.724
1.944
0.76
2.62
0.512
6.896
2.46
3.42
10.68
3.904
2.34
0.824
5.176
1.88
1.256
0.72
0.816
3.968
3.968
5.412
0.68
0.716
0.932
1.192
1.268
0.548
1.676
0.716
1.816
2.428
3.708
1.188
0.232
0.276
2.192
3.1
0.516
0.24
1.348
1.548
8.816
0.992
0.528
1.056
1.916
2.844
4.252
1.884
1.992
0.24
0.512
0.888
2.612
4.436
0.46
2.84
0.772
0.992
3.436
1.328
2.404
0.468
0.712
4.172
2.984
0.5
0.212
0.552
2.052
2.248
0.304
2.8
0.268
0.408
0.484
0.764
0.996
7.84
1.48
3.356
5.848
1.396
4.848
1.132
3.976
0.696
2.532
3.6
0.76
3.508
0.544
5.696
0.896
0.464
0.4
1.092
6.26
3.736
0.504
2.856
1.136
0.36
0.328
2.104
1.676
0.948
4.472
3.036
0.324
1.832
1.408
0.824
0.42
0.588
2.664
2.456
1.016
0.708
6.74
1.292
0.884
1.924
3.076
2.036
2.372
3.008
0.248
1.124
0.532
2.928
5.568
1.0
2.336
0.36
0.284
3.832
2.136
3.068
8.44
0.34
0.636
6.212
0.288
1.812
1.996
2.276
0.892
3.94
2.28
0.64
1.54
1.688
0.744
0.86
3.348
0.64
2.024
1.02
2.184
2.776
0.512
0.352
0.624
0.204
3.176
5.9
3.112
1.768
1.54
0.584
0.204
2.768
0.344
1.96
0.72
0.244
2.952
1.168
3.1
1.056
0.384
2.08
0.428
1.856
0.728
2.016
0.192
3.172
0.888
2.388
0.612
4.136
2.456
1.476
0.972
1.988
0.24
2.724
1.156
5.812
0.972
0.352
4.876
3.096
1.936
3.764
4.016
0.256
4.188
1.416
1.416
1.284
2.416
1.08
1.452
0.28
0.316
3.108
0.456
1.092
5.652
3.964
0.392
3.58
3.764
0.436
1.232
1.816
2.28
5.028
0.632
7.088
2.54
0.62
2.08
0.404
4.072
1.028
1.34
0.292
1.72
2.364
1.908
3.696
6.524
2.048
7.524
2.112
0.448
3.504
3.896
0.908
1.476
0.296
4.992
0.688
1.34
1.928
4.096
0.544
4.676
1.188
1.26
0.496
1.196
0.312
0.208
0.828
0.76
4.576
2.016
1.58
1.552
3.028
0.84
6.084
0.864
4.768
1.156
3.9
0.192
0.264
0.672
1.132
3.808
0.504
0.208
2.404
5.136
6.868
4.64
3.888
0.436
1.464
0.584
3.996
1.936
0.604
0.44
0.636
1.284
0.584
1.216
0.512
5.076
2.748
1.732
0.976
0.288
4.128
0.852
3.408
0.432
1.504
6.888
2.804
0.228
2.692
0.872
4.764
0.376
0.78
3.056
0.892
0.3
5.004
3.268
0.312
0.212
0.268
3.232
0.204
0.492
4.576
0.288
4.376
0.628
4.5
0.768
5.636
0.404
1.2
1.88
0.776
4.184
2.652
0.608
2.696
2.32
3.208
7.008
0.344
0.228
5.824
1.64
1.356
1.112
5.864
0.396
4.504
0.928
1.916
1.316
2.564
0.304
1.004
0.62
1.356
0.22
0.424
0.34
0.708
3.708
0.828
1.32
3.94
0.668
2.892
0.504
1.444
0.588
0.728
1.476
1.88
1.024
2.296
2.404
9.924
6.532
2.096
0.34
0.492
0.508
0.952
1.1
0.672
0.352
2.852
0.752
0.9
4.164
0.8
1.988
6.568
0.908
3.252
0.592
2.328
0.356
2.124
5.96
6.54
3.292
0.884
1.488
0.756
6.872
0.452
2.26
0.252
1.196
3.2
1.856
0.436
1.196
1.984
3.916
3.372
0.48
0.252
3.324
2.676
2.484
0.676
0.76
0.684
2.88
1.404
4.292
1.196
1.744
2.696
3.464
3.212
0.752
4.78
1.428
2.536
1.932
2.44
0.42
1.916
1.636
0.54
0.404
2.96
3.008
0.612
1.428
0.792
0.216
1.208
0.42
0.408
0.908
0.212
5.192
0.868
1.896
3.416
0.828
0.728
1.556
0.864
0.68
1.332
1.08
1.36
1.656
5.584
0.464
0.76
0.952
0.36
0.54
4.928
10.048
2.052
1.136
2.392
2.232
0.492
0.312
3.268
2.916
3.244
3.78
2.012
0.464
3.056
0.584
2.18
2.748
0.336
3.04
2.004
1.472
1.104
6.928
1.788
0.256
2.232
2.516
0.48
0.456
3.964
0.364
0.416
1.364
1.78
0.8
6.176
0.692
1.936
2.356
1.636
1.172
1.624
6.488
4.508
3.912
2.684
3.62
1.208
0.472
1.988
1.064
8.012
5.224
1.488
1.884
3.12
2.42
6.008
0.236
1.564
1.124
2.54
1.656
0.808
5.34
0.652
1.92
0.396
0.592
0.224
0.356
5.168
5.164
1.216
8.08
0.636
0.772
4.276
2.884
1.964
3.472
4.348
0.972
4.068
7.94
0.496
1.832
3.496
0.948
0.852
0.232
0.728
0.696
0.88
3.248
0.78
2.716
4.568
4.404
0.908
2.444
0.968
0.864
0.364
2.564
2.584
1.096
7.176
3.036
0.896
1.812
2.336
4.964
0.84
0.6
0.836
1.436
9.204
3.612
0.472
5.648
1.296
2.096
0.344
0.664
0.312
0.916
1.432
2.312
0.88
1.944
1.588
2.464
0.916
1.5
2.7
5.948
0.208
0.932
1.204
0.28
5.012
1.252
1.176
3.928
2.948
6.912
2.932
6.348
1.872
0.724
5.648
1.312
0.988
0.364
10.596
3.756
0.836
1.896
1.272
3.048
1.0
0.472
1.636
2.124
2.208
0.96
2.828
0.82
0.4
2.396
0.304
0.572
3.428
2.716
0.284
0.212
1.828
2.788
5.368
3.632
8.036
6.732
4.412
2.096
0.212
5.136
0.892
1.468
3.192
1.444
4.0
0.22
1.516
3.856
2.504
0.908
0.5
0.632
4.196
0.24
2.428
1.412
1.292
5.168
6.672
0.38
2.668
0.24
1.44
4.148
0.212
3.212
1.224
5.224
0.196
3.44
4.616
1.66
1.976
1.848
1.368
2.532
1.06
1.096
1.516
1.28
3.008
3.256
1.988
1.3
1.212
0.32
0.788
0.644
0.792
8.796
1.252
3.924
2.372
0.204
0.608
0.716
2.204
2.724
0.776
2.824
2.652
2.476
3.524
5.068
1.78
0.66
2.804
0.536
2.736
0.308
2.432
1.22
0.92
3.932
2.484
0.312
0.26
0.376
0.94
3.336
0.816
1.38
1.812
0.56
2.232
4.9
1.3
5.484
0.392
0.86
2.296
0.712
4.624
2.288
1.228
2.94
1.308
2.924
3.932
0.612
0.452
4.776
0.288
1.804
0.704
1.612
4.212
5.832
0.52
4.052
1.412
0.696
2.94
7.896
2.98
1.02
0.848
1.584
6.54
0.22
5.62
10.856
3.472
0.548
0.544
4.044
0.332
0.992
0.256
0.86
0.924
0.676
7.172
0.88
6.036
2.936
4.316
2.928
0.32
0.852
2.912
1.6
0.664
2.496
0.352
4.456
1.76
0.424
10.1
0.224
5.04
0.524
1.048
1.732
4.036
0.576
0.72
2.932
4.524
7.556
3.628
0.976
1.504
1.404
6.492
0.872
0.2
3.276
0.248
0.208
0.436
1.056
0.228
9.84
0.652
0.588
0.2
3.124
2.632
1.896
1.456
1.352
1.888
0.812
2.396
0.608
0.512
2.492
2.212
0.26
0.808
0.248
1.26
0.252
1.804
2.292
10.02
0.9
5.612
2.472
4.44
3.084
5.748
5.94
1.044
2.888
0.316
3.1
0.392
3.784
4.664
0.444
2.92
5.384
4.8
5.592
0.676
0.564
1.444
4.136
1.544
2.588
0.844
4.072
1.464
0.912
2.424
5.936
1.708
0.996
0.472
3.056
0.86
1.296
2.236
5.276
5.204
3.632
3.052
3.272
5.644
1.272
2.952
0.984
3.236
2.74
0.92
1.516
5.32
2.856
1.2
1.188
3.128
7.612
5.212
0.688
0.608
0.544
1.88
0.288
2.084
0.976
5.112
1.34
0.664
3.748
2.34
1.204
1.084
0.328
0.848
1.972
3.192
5.528
3.748
0.96
0.236
4.212
0.364
1.668
5.848
0.628
0.656
0.86
2.34
2.74
0.516
4.304
2.136
0.936
1.796
2.06
6.684
1.62
0.592
7.644
0.84
0.936
0.928
3.38
2.736
4.532
1.976
2.592
5.836
2.176
1.22
5.436
0.26
1.452
2.768
2.32
0.22
2.184
1.012
0.22
3.612
4.344
1.008
1.052
1.184
8.588
3.784
3.932
1.24
10.6
8.12
1.304
0.78
1.1
1.344
0.668
0.872
1.18
0.304
3.276
1.972
2.532
1.924
1.372
1.108
0.252
0.296
1.588
4.928
3.68
1.58
2.268
9.36
3.728
1.82
0.444
2.212
0.264
1.34
1.776
0.236
1.712
0.472
2.584
0.432
0.964
0.768
1.86
0.204
1.52
0.388
0.684
0.676
0.648
0.452
1.292
0.872
1.628
2.228
0.28
2.244
3.256
0.512
3.756
3.396
3.196
4.16
2.848
0.308
3.156
1.352
0.256
5.472
1.452
0.216
1.46
2.452
0.308
0.828
1.636
0.484
4.8
0.3
1.276
3.34
1.156
0.9
0.632
0.212
2.468
1.488
1.996
2.028
1.632
2.824
2.512
3.296
0.956
0.54
3.356
3.16
0.94
2.372
6.0
1.112
0.588
1.044
4.232
2.06
4.352
3.4
0.524
2.208
0.292
0.9
1.756
5.588
1.336
10.52
0.832
1.784
5.94
4.984
0.676
0.776
1.848
5.456
5.04
0.756
1.56
1.948
0.5
2.576
0.536
0.348
5.384
1.82
0.568
4.48
0.988
5.116
1.772
0.308
0.388
0.86
3.82
0.312
0.416
4.612
0.5
2.332
1.232
0.468
0.276
7.064
6.072
5.328
4.244
1.476
0.224
5.24
0.204
1.228
0.704
1.672
0.256
6.276
4.204
5.392
0.544
2.852
3.524
0.444
3.188
0.2
0.288
0.74
0.628
2.656
0.304
1.724
0.428
0.488
2.252
3.264
0.844
0.38
1.144
0.748
5.844
2.66
5.36
3.244
3.604
7.116
4.188
1.36
0.3
0.656
1.692
0.464
4.196
1.44
6.712
0.988
1.488
0.444
3.268
2.196
6.448
0.484
1.712
0.6
2.856
5.504
1.496
0.264
0.804
0.688
1.06
8.636
0.2
2.124
3.12
1.684
1.208
0.304
1.572
1.424
1.38
2.412
3.02
1.856
4.652
5.744
8.624
0.676
1.216
3.912
1.572
3.184
3.312
3.08
0.364
3.512
4.416
0.596
0.844
3.66
1.488
4.232
5.256
9.28
0.996
2.572
1.888
1.008
6.06
0.94
0.416
0.264
2.652
1.084
0.916
0.236
0.556
2.812
0.432
4.32
4.264
1.172
1.032
0.204
0.884
1.028
2.02
1.94
5.016
1.02
1.16
4.804
2.256
0.724
4.888
1.056
0.884
3.004
0.668
2.952
1.524
6.964
4.232
1.508
1.672
0.34
2.716
1.868
1.348
0.852
3.996
1.524
0.724
0.512
8.904
1.988
2.748
1.192
0.96
3.692
1.988
0.212
0.428
3.796
0.364
3.088
6.204
1.428
0.672
1.264
0.256
6.528
1.748
1.856
1.58
3.668
0.892
6.9
0.672
5.72
5.464
2.06
5.856
4.348
2.62
4.244
1.024
2.992
1.024
5.592
2.072
2.936
2.992
8.8
0.476
2.472
0.204
6.168
0.2
7.028
0.364
0.516
1.904
6.172
3.084
5.792
0.192
5.98
3.916
2.512
5.252
2.232
5.304
2.516
0.792
3.996
2.276
2.54
2.572
9.94
4.804
0.252
0.456
1.284
1.284
1.84
7.204
8.044
0.416
1.66
0.212
2.924
0.84
3.708
5.148
2.744
6.916
2.444
2.092
1.336
2.808
9.36
0.624
3.172
0.844
1.944
0.6
1.048
1.66
0.944
0.924
1.484
2.436
0.788
1.82
1.128
0.48
5.612
1.024
4.16
6.58
6.232
0.488
3.416
1.444
7.628
2.428
3.256
0.384
4.796
8.832
2.08
0.84
0.94
0.472
2.192
9.916
0.524
2.024
0.452
2.896
1.94
0.328
1.9
0.804
0.484
2.748
0.236
2.06
3.648
0.604
2.82
2.872
1.812
0.432
0.88
2.26
0.54
0.208
2.224
0.48
7.256
4.88
0.244
3.2
1.372
1.24
2.428
2.356
0.36
7.08
0.748
0.464
0.74
2.504
1.064
0.356
0.48
0.708
0.312
3.196
3.048
4.212
1.224
5.02
0.204
3.032
0.892
5.9
7.584
1.112
0.392
1.036
1.284
3.044
3.556
1.44
1.272
0.58
8.02
5.044
3.936
1.812
0.252
0.996
1.236
2.38
2.736
3.792
1.8
1.16
1.392
3.8
3.424
1.364
3.808
6.424
0.696
10.852
1.08
0.428
1.072
1.6
0.876
0.264
4.064
0.628
0.252
0.936
2.772
1.34
3.668
1.86
0.572
2.02
4.36
1.088
0.884
2.868
0.396
0.724
3.0
0.204
1.784
6.34
2.38
0.724
5.376
0.712
0.372
1.144
5.78
1.688
2.2
9.128
1.476
2.608
3.408
0.904
0.632
4.048
0.236
3.884
1.7
5.676
1.684
1.008
1.944
4.76
0.744
1.26
0.208
0.28
0.252
5.956
1.456
3.232
0.332
3.36
0.248
3.564
0.22
1.272
1.34
1.536
1.0
0.252
5.656
0.424
6.04
0.48
1.512
4.172
1.948
1.608
0.604
0.456
2.756
1.42
3.208
0.984
1.636
8.516
0.24
9.124
3.228
7.872
5.1
1.852
1.668
2.016
1.416
2.112
0.664
2.9
2.088
0.596
1.088
4.76
0.232
1.86
2.356
0.776
1.032
4.708
4.264
1.676
0.404
2.156
2.748
1.028
3.94
5.22
3.896
2.584
2.204
0.196
2.972
0.7
0.368
1.344
1.312
4.012
0.504
2.244
3.244
2.78
3.308
7.144
2.332
1.42
2.512
3.24
2.232
3.044
1.992
1.324
1.344
6.568
1.276
0.724
0.836
2.44
0.228
0.312
0.24
1.812
0.268
0.624
1.848
4.404
1.276
3.508
1.4
2.152
1.272
2.404
3.472
0.236
2.34
1.948
3.708
2.068
0.248
0.94
2.808
3.084
0.86
0.748
0.948
3.516
1.568
2.716
0.964
2.112
0.552
0.34
3.012
1.596
0.912
1.8
2.416
2.096
1.824
0.52
3.948
0.196
2.404
6.608
1.244
0.952
2.028
3.932
0.712
4.628
1.808
1.36
3.832
2.976
0.26
0.316
3.852
0.24
3.548
2.524
1.788
6.472
0.864
10.924
2.444
0.836
1.54
0.868
4.22
4.988
0.844
5.408
0.472
1.008
1.508
9.46
2.02
1.412
0.628
2.332
0.772
2.404
0.724
0.444
3.388
4.58
2.76
8.936
1.164
1.292
0.328
0.456
8.968
3.564
1.264
2.828
3.388
0.2
1.712
5.488
1.56
2.976
0.336
0.732
2.092
1.7
0.756
0.196
1.2
0.308
1.748
2.252
0.28
4.5
4.104
0.34
6.6
1.9
2.128
6.564
0.504
0.568
0.896
0.272
0.436
3.684
0.752
0.924
1.384
4.336
3.036
0.32
3.016
1.388
0.684
2.236
0.456
1.636
0.268
0.96
0.8
1.184
1.608
0.276
1.008
1.94
0.668
2.124
0.688
1.876
0.588
1.996
0.844
1.608
0.712
1.344
2.072
0.4
4.896
5.492
1.572
0.36
2.436
7.012
2.084
1.148
0.396
0.604
0.46
9.624
4.672
3.18
0.344
2.008
2.896
3.028
5.028
1.284
2.464
0.732
1.62
1.492
2.996
6.032
0.904
0.792
5.244
5.216
1.508
0.9
0.944
0.396
0.808
3.728
0.916
0.448
1.572
4.64
0.516
3.084
1.176
2.132
0.34
1.644
1.636
1.748
8.052
1.936
1.18
2.128
3.276
3.172
0.816
2.936
0.22
10.032
2.76
0.532
1.5
0.208
3.184
0.528
1.344
3.996
1.6
0.864
2.304
0.6
3.8
0.224
7.5
0.744
4.64
6.62
1.932
4.624
4.152
1.428
2.752
2.82
2.044
1.028
10.372
1.784
0.64
3.444
6.64
0.552
1.66
0.512
0.828
3.5
2.892
1.168
5.1
2.38
0.864
0.216
4.204
5.244
0.196
3.248
0.332
1.508
2.084
1.052
0.408
0.288
3.044
2.824
6.592
0.492
0.756
7.144
2.316
0.228
0.288
0.588
0.216
0.288
0.432
0.2
2.872
6.94
0.304
1.02
2.08
1.468
4.436
2.032
4.888
0.976
1.316
3.228
2.252
4.092
2.776
0.508
1.036
2.632
0.2
1.512
0.292
4.94
1.144
2.992
1.652
0.576
1.008
1.668
2.016
1.228
1.024
2.152
0.636
0.884
0.528
0.46
0.416
2.328
0.344
3.232
0.208
1.808
1.504
1.264
0.936
8.256
1.64
4.624
1.512
0.208
1.272
1.316
2.564
0.56
3.432
0.988
2.268
7.948
0.444
0.436
4.004
0.572
0.504
2.372
0.26
5.476
0.98
1.408
1.348
5.256
0.892
8.272
2.78
1.624
0.72
2.904
3.732
6.012
7.64
0.88
1.872
2.34
1.456
1.036
0.344
0.248
2.644
4.352
0.24
1.544
10.132
0.2
2.412
3.428
1.524
0.324
4.572
7.42
0.428
0.596
2.036
0.36
4.948
0.58
2.232
0.464
6.444
0.452
0.604
4.34
1.0
3.952
1.028
0.956
0.252
2.604
0.952
2.132
4.512
0.54
4.164
4.78
2.724
0.204
1.788
5.144
4.936
4.068
1.008
1.164
4.488
0.648
0.82
4.764
0.384
0.784
0.732
0.892
0.78
2.328
5.64
2.372
4.56
0.74
0.848
1.956
4.96
0.26
7.164
2.06
1.128
1.328
9.28
3.688
0.78
1.768
6.684
1.312
1.72
0.936
0.208
2.088
2.888
9.98
0.508
1.796
1.184
0.752
0.212
1.932
0.428
1.58
5.072
0.296
0.212
2.58
0.38
0.248
1.38
0.892
7.376
4.848
1.544
7.372
1.5
4.536
2.068
3.848
0.66
4.58
0.784
0.712
0.492
0.94
8.848
0.228
5.364
2.26
3.904
0.64
1.044
2.24
6.76
8.692
4.088
8.752
5.148
0.56
1.172
1.84
0.772
0.812
10.36
1.872
4.032
1.06
1.072
2.62
2.4
3.276
3.68
1.936
0.524
1.12
1.356
1.532
7.648
7.02
1.768
0.292
1.216
3.028
0.352
2.66
2.252
0.412
1.272
0.488
0.56
1.356
1.352
0.592
0.412
1.66
0.652
0.972
2.828
0.284
4.644
0.824
0.708
1.812
2.616
0.632
6.836
4.436
0.432
1.408
3.212
1.008
3.176
0.332
0.48
0.46
2.572
0.204
1.512
0.776
0.856
0.884
0.804
0.94
0.484
4.804
1.624
5.32
6.828
1.08
2.076
0.948
0.388
0.6
1.228
1.144
0.472
0.724
0.56
1.132
1.52
1.292
1.5
3.008
2.016
3.688
1.992
1.008
4.032
2.988
1.412
0.548
5.872
3.384
0.256
0.968
1.88
3.16
1.372
3.316
2.508
1.332
2.136
1.364
0.768
3.784
3.852
0.376
0.32
1.776
5.028
1.108
8.196
0.54
5.0
3.288
0.372
0.896
3.4
1.224
0.636
0.68
4.112
0.532
0.632
1.74
1.836
0.804
9.92
0.884
3.928
3.484
0.86
4.652
1.908
1.768
9.42
2.14
2.104
1.624
1.212
1.164
0.928
3.984
1.472
3.164
1.008
1.176
1.56
2.564
2.708
5.88
2.576
1.548
4.08
1.232
4.176
4.396
0.568
3.368
0.404
1.736
3.828
0.88
1.344
0.404
0.196
4.752
0.472
4.16
2.796
2.388
0.692
1.596
2.864
3.192
6.356
1.328
0.66
0.328
0.28
7.056
1.028
1.1
0.92
0.812
7.58
1.316
1.304
1.472
0.42
0.2
0.328
6.172
1.408
0.872
0.74
2.212
1.304
0.94
0.872
0.492
5.488
0.784
8.456
0.512
0.424
0.524
2.6
1.424
1.84
4.572
2.2
0.912
0.268
0.68
3.408
0.86
1.264
0.212
8.796
2.4
0.264
2.02
1.152
0.6
4.092
4.08
0.26
5.448
2.272
1.936
0.848
0.652
0.3
1.88
2.96
2.296
2.444
2.976
5.42
3.872
2.424
2.48
0.612
1.96
0.632
0.312
1.964
1.908
0.668
0.74
1.964
1.72
0.956
0.74
1.28
1.064
7.34
2.688
0.704
1.432
1.42
0.272
1.764
0.232
0.384
9.32
1.348
1.192
6.196
1.14
3.528
1.084
0.316
0.22
1.228
7.592
8.964
4.4
5.788
11.072
8.476
1.384
0.708
0.34
0.228
3.2
5.888
6.804
1.012
2.744
4.58
2.912
0.86
4.62
1.9
0.712
2.76
0.384
2.088
4.444
2.784
0.304
4.148
0.564
0.54
6.092
5.676
0.248
5.084
0.528
2.756
0.612
2.416
4.776
9.296
0.584
1.2
1.468
5.392
6.632
2.732
0.428
1.54
1.316
0.208
2.492
2.656
1.66
0.532
0.212
1.092
6.86
0.328
5.384
0.952
2.232
0.552
1.212
8.692
3.02
0.64
0.548
0.272
0.576
0.284
3.196
1.816
5.144
4.968
0.248
1.236
1.344
4.536
2.544
0.372
4.812
0.424
0.8
0.192
2.348
1.644
2.388
2.976
5.176
0.404
2.212
1.944
2.584
2.852
0.704
2.716
0.552
1.264
1.064
0.244
6.844
8.496
2.496
0.68
4.224
1.956
0.38
3.484
0.228
0.352
0.448
5.752
1.32
1.6
3.936
9.404
0.84
1.104
2.496
3.484
0.904
6.74
1.052
2.944
0.392
3.092
1.168
0.256
0.208
6.592
0.216
3.976
1.22
4.972
0.376
1.492
6.216
7.532
1.58
1.42
0.268
2.256
1.196
2.696
0.872
0.692
1.772
3.996
0.352
0.264
1.44
0.568
1.088
0.52
0.888
2.564
3.84
1.992
1.272
6.268
0.192
2.608
0.976
2.648
1.512
8.344
3.396
1.116
4.008
4.448
0.352
1.768
0.268
1.192
0.748
1.036
5.58
0.22
0.228
2.044
1.232
1.06
0.476
0.888
1.38
1.892
5.524
0.528
0.552
2.044
0.984
3.992
3.58
2.204
2.228
1.772
0.78
4.588
0.476
2.172
0.58
1.064
1.092
0.928
0.208
0.576
0.6
1.432
0.456
5.296
1.964
0.884
0.992
5.044
1.864
0.204
0.648
3.04
1.748
3.764
0.632
0.764
1.656
0.552
3.264
0.244
2.124
0.528
2.784
0.616
4.312
0.284
1.412
1.704
0.228
1.452
1.012
2.2
1.748
1.964
1.66
0.716
1.34
6.7
2.356
0.76
0.52
0.608
2.68
3.904
0.596
3.452
1.324
0.68
4.368
1.808
0.3
0.412
0.296
1.112
0.696
1.596
2.736
0.752
0.276
0.22
1.452
0.712
1.144
0.548
0.62
0.764
0.812
0.944
1.756
0.388
1.148
1.456
1.94
1.324
1.044
0.244
0.34
2.92
1.156
4.008
3.292
1.996
3.616
1.972
5.128
0.208
0.324
1.728
1.048
0.232
1.044
0.56
0.8
2.332
1.5
0.224
1.668
0.336
2.816
1.704
2.96
0.684
1.624
1.708
0.352
4.452
0.548
2.372
0.572
1.212
0.464
1.32
0.204
6.356
0.96
3.144
0.928
2.12
1.076
1.016
2.42
2.16
5.02
1.308
5.36
0.976
1.336
0.688
0.3
1.968
0.748
0.812
10.448
0.292
0.436
0.76
4.004
4.364
0.356
1.06
0.256
2.924
6.916
3.668
7.156
5.068
2.86
3.172
0.492
3.976
2.408
0.876
3.768
3.908
2.34
2.192
0.468
0.796
9.636
6.296
2.18
0.744
1.94
2.544
10.124
1.564
0.6
1.608
0.76
0.54
2.668
5.216
3.112
1.312
0.372
1.2
1.628
9.204
0.728
6.632
0.672
1.908
2.232
1.84
8.74
0.32
0.264
1.456
1.88
0.672
3.056
0.256
1.004
5.68
2.972
0.644
2.132
7.256
1.564
7.872
3.864
3.132
1.024
4.516
2.444
0.736
5.128
0.284
2.864
1.404
1.144
3.38
0.84
4.16
1.504
0.476
0.524
0.3
2.124
8.844
1.904
1.412
1.22
0.972
0.916
0.668
4.704
4.928
8.132
4.004
2.788
3.652
0.384
1.4
2.872
0.228
1.284
3.004
6.288
3.516
0.68
2.408
1.796
1.14
1.78
5.452
0.212
1.284
4.408
0.312
8.288
3.156
10.916
7.312
4.008
0.712
3.392
0.568
2.192
4.968
2.168
1.304
2.164
0.94
3.172
2.712
3.916
2.112
3.792
1.116
5.584
0.708
2.152
0.72
1.128
2.444
9.268
10.74
0.268
1.576
2.564
0.516
7.388
6.12
0.852
0.272
2.58
0.48
2.096
3.448
3.764
2.296
1.02
0.496
0.972
3.456
5.712
3.824
3.524
1.08
2.504
2.288
0.76
0.24
1.444
0.592
2.104
0.752
1.324
0.796
5.16
0.8
3.296
0.924
1.232
4.284
2.14
0.368
2.732
6.14
2.784
4.208
0.228
2.388
0.744
0.852
3.012
1.712
2.48
0.836
0.348
1.64
0.772
0.572
2.46
4.224
0.92
1.296
0.344
4.476
1.292
0.536
1.976
3.564
6.072
7.844
4.992
0.752
3.096
1.988
0.204
2.82
0.448
0.984
2.516
0.888
4.652
0.52
0.604
2.636
2.748
1.64
0.52
0.976
1.14
0.944
1.24
5.776
0.544
4.876
3.208
0.924
3.216
0.336
0.816
3.984
1.824
6.14
6.256
1.132
0.728
0.96
0.708
0.276
1.628
0.76
0.956
1.704
5.136
0.484
3.828
0.432
6.744
6.616
0.732
3.268
0.328
2.192
2.976
6.332
5.536
2.352
6.592
6.808
1.144
8.508
0.436
4.424
9.384
1.324
0.232
1.192
1.52
4.144
1.864
0.24
3.316
1.912
1.584
1.132
2.16
4.068
4.292
1.512
2.236
4.316
2.092
2.932
1.464
0.796
2.876
1.868
0.552
0.644
2.9
0.276
2.764
0.464
1.244
2.352
1.884
2.668
0.244
3.068
1.588
0.344
2.404
8.336
5.492
1.596
2.9
8.792
1.476
0.796
0.648
1.7
4.3
1.028
0.336
0.392
1.92
3.76
4.468
1.42
0.62
7.18
0.296
0.676
4.336
3.276
1.072
2.78
1.984
4.948
2.28
7.352
2.076
1.548
2.004
1.22
0.424
1.424
0.208
3.772
0.248
0.256
0.232
1.376
0.992
0.408
0.544
0.376
1.888
1.008
0.24
2.992
1.536
1.688
2.652
1.264
2.62
7.08
3.556
2.024
0.388
4.724
0.22
2.932
0.716
0.224
0.756
2.132
1.804
1.016
5.336
4.024
2.464
0.52
2.4
1.36
0.864
2.036
0.964
0.288
0.46
0.344
6.864
3.696
0.368
3.844
1.216
5.28
2.052
3.004
0.48
3.968
4.088
1.824
3.08
1.376
0.816
0.736
1.992
0.2
1.812
1.4
0.504
4.084
0.232
1.024
2.432
4.396
1.72
1.54
1.408
2.0
2.616
0.372
0.708
0.288
1.156
2.204
0.68
0.528
1.9
0.928
5.764
0.244
3.412
2.148
4.112
1.64
0.532
2.868
4.86
3.472
1.48
5.856
2.22
5.312
3.74
2.268
2.676
3.448
3.332
2.656
0.196
0.372
2.312
1.852
0.572
2.008
5.612
0.888
0.76
0.836
1.144
7.752
1.012
1.316
1.568
2.776
2.0
3.58
2.908
1.596
1.2
6.036
4.452
1.724
3.816
0.916
0.612
1.392
7.48
0.504
0.34
2.688
0.976
0.98
5.72
0.3
0.564
0.336
2.26
0.956
2.664
5.34
2.532
1.672
0.472
9.572
0.768
5.932
3.432
0.64
2.56
2.176
0.664
2.552
1.152
0.54
2.664
0.644
4.46
7.392
1.992
9.424
0.576
2.012
2.716
4.0
0.516
0.792
0.9
3.512
1.22
6.316
0.836
3.492
1.72
3.448
7.48
1.636
0.256
5.66
0.2
0.384
1.156
1.468
3.82
0.608
1.264
0.396
0.216
4.836
0.616
4.676
1.192
2.456
1.384
4.876
0.596
0.652
1.692
6.356
0.632
5.968
0.7
2.06
0.488
1.228
3.212
0.42
3.348
10.712
1.704
0.844
1.32
0.856
0.296
0.58
4.832
0.692
5.224
1.78
3.28
3.732
3.172
2.116
0.32
0.58
2.112
0.304
0.896
0.208
2.016
4.084
0.448
2.724
0.636
1.696
0.36
1.636
2.0
0.828
0.884
4.624
3.816
5.924
3.84
1.312
2.456
1.356
1.68
4.204
0.92
0.572
5.2
0.336
0.5
2.472
0.34
1.68
0.46
3.208
0.316
0.272
1.376
