1.176
0.672
0.116
2.536
3.16
2.14
5.168
1.848
0.924
0.54
2.2
0.696
3.924
0.776
5.564
4.092
0.268
7.62
7.404
0.792
0.436
1.06
0.524
0.288
0.236
1.86
0.664
0.276
3.672
0.732
2.58
6.884
0.632
1.584
1.524
5.644
1.904
0.568
0.188
3.448
1.112
10.208
3.408
1.656
0.956
3.564
1.432
3.672
2.992
0.492
10.408
2.028
0.748
0.264
0.648
3.764
2.4
8.92
0.864
1.464
1.768
4.7
4.812
9.492
0.32
0.444
1.672
1.86
5.64
2.692
0.284
2.448
8.924
4.036
3.828
5.816
3.536
9.752
9.092
1.56
2.124
0.544
1.268
0.668
1.392
2.32
0.104
5.42
1.152
9.984
1.684
0.304
6.932
2.18
0.228
0.572
0.172
0.772
0.092
8.004
2.98
0.144
3.82
1.584
1.192
1.632
2.964
1.332
0.2
2.712
10.048
0.356
4.116
0.124
1.672
0.98
4.416
0.424
8.848
5.936
1.468
3.116
0.82
1.228
0.924
1.888
0.216
0.348
0.268
4.368
2.072
0.324
0.228
3.78
0.784
1.752
2.08
3.736
8.808
1.188
0.636
1.608
0.132
9.392
0.312
6.444
1.316
4.432
1.068
0.32
1.448
7.304
10.564
3.692
0.4
2.164
0.56
5.784
0.76
1.244
1.212
7.74
0.18
0.612
1.792
3.68
0.824
0.764
0.228
2.44
0.284
0.16
1.44
0.144
0.152
0.284
0.74
5.088
1.912
1.636
1.296
1.376
2.46
8.024
1.336
2.932
2.02
0.748
5.384
2.272
0.6
1.448
2.156
0.78
7.06
0.968
5.204
1.272
0.744
1.58
0.572
0.788
1.588
0.132
4.0
3.084
0.948
1.172
0.144
3.564
7.38
3.116
3.0
0.844
2.192
0.416
1.664
3.696
1.74
3.728
0.372
0.264
2.544
6.56
1.032
2.564
0.232
4.816
1.008
2.4
4.884
0.64
2.364
0.776
0.316
7.892
1.908
1.296
3.036
6.672
6.444
1.08
10.404
0.788
2.808
0.296
6.724
6.632
7.232
1.212
0.208
0.492
4.332
4.74
1.4
0.536
0.364
0.072
2.188
3.632
2.856
8.612
6.584
1.628
1.084
1.776
0.128
2.34
0.384
2.884
1.636
0.3
0.832
6.752
3.188
1.244
0.4
2.3
0.3
1.584
9.276
0.708
1.192
0.5
0.608
1.8
1.068
9.572
0.292
4.348
1.284
1.504
9.452
3.956
2.192
0.376
0.44
1.376
0.488
2.492
0.252
2.264
1.08
2.02
1.02
2.348
0.752
0.74
0.528
6.192
2.6
1.448
1.572
5.208
1.02
1.244
0.844
0.604
2.512
0.728
1.344
5.544
1.456
1.028
1.644
10.692
3.944
6.088
1.792
0.176
3.092
0.26
0.208
6.568
1.44
2.448
1.804
2.336
1.604
2.332
0.336
3.836
3.328
2.184
2.692
2.036
3.956
1.524
8.944
5.356
2.032
7.032
0.204
2.068
2.8
1.94
0.592
2.392
1.824
2.88
1.116
1.336
0.336
0.528
2.988
1.576
0.884
1.676
1.856
1.304
1.172
1.196
2.236
0.192
0.984
3.4
2.492
0.32
2.572
0.548
0.188
0.552
1.588
2.828
2.16
4.12
6.092
0.488
9.76
1.74
0.12
1.852
2.212
0.248
1.068
0.244
5.8
0.44
1.304
1.712
1.188
3.088
1.872
0.348
0.252
0.3
2.408
0.116
1.744
6.252
7.184
0.544
0.796
0.34
6.436
1.28
1.312
0.62
5.776
0.46
0.512
0.916
8.372
3.248
2.032
0.512
1.832
2.756
0.912
7.916
0.272
0.252
0.216
3.656
0.376
0.72
2.128
2.056
0.584
2.244
3.084
3.008
1.984
3.792
0.072
0.152
0.952
0.1
0.56
2.14
2.76
0.924
2.468
2.64
3.676
0.664
0.08
0.728
1.568
2.192
0.76
0.552
1.864
6.184
1.632
2.02
0.392
3.768
0.548
0.456
4.74
0.544
2.716
2.512
4.932
1.296
0.096
3.552
0.344
0.148
1.08
2.832
1.62
0.112
1.664
8.052
3.196
0.756
0.516
2.1
3.024
7.144
0.532
0.136
2.2
0.3
3.412
0.5
3.62
1.92
0.356
0.42
8.512
2.008
0.508
3.124
6.092
6.056
0.68
0.82
2.96
3.42
1.036
7.012
0.168
0.528
2.492
0.532
2.36
0.444
0.244
0.12
0.508
2.4
1.94
1.376
1.476
3.34
1.224
0.804
0.348
0.1
2.816
0.136
6.016
2.444
5.388
1.356
0.272
2.152
1.108
2.128
1.292
2.1
0.188
4.42
0.456
2.792
2.212
0.272
0.7
0.824
2.052
1.092
1.132
0.536
3.696
0.064
1.864
1.06
1.104
5.36
1.26
0.264
0.268
0.78
0.94
0.688
0.556
0.16
9.864
3.748
4.568
6.248
0.64
2.684
1.036
0.172
0.092
3.292
7.864
0.64
5.264
1.108
0.088
3.364
1.92
0.368
1.616
1.204
3.236
8.16
2.412
5.068
1.676
0.596
1.252
5.956
3.66
2.476
9.94
1.576
1.512
1.644
1.22
0.724
0.192
3.012
3.304
4.864
0.68
0.156
1.112
2.472
0.1
0.436
0.42
0.208
0.124
3.056
0.2
0.828
0.556
8.304
0.692
4.016
1.032
0.416
0.436
0.284
0.588
0.452
0.536
2.0
0.316
10.892
4.232
7.64
1.08
0.868
3.392
9.14
6.744
2.036
1.124
0.832
4.432
2.744
0.232
2.156
8.748
0.276
8.496
1.812
0.5
0.14
9.42
1.704
7.964
1.516
1.308
0.068
1.028
1.52
8.92
0.788
0.348
0.264
2.324
0.588
10.844
7.288
0.32
0.436
0.36
5.644
0.536
0.364
0.124
0.664
0.38
0.232
1.18
0.352
5.56
3.752
0.796
1.668
0.504
0.816
0.444
2.592
0.768
0.492
1.644
0.244
1.668
3.732
0.716
0.588
1.428
5.768
5.48
0.508
2.24
0.912
0.12
1.908
4.616
0.788
2.124
9.54
0.248
4.5
0.288
0.3
7.972
0.24
0.508
7.196
0.28
0.808
0.836
8.66
2.988
4.204
2.136
3.036
0.984
2.372
1.312
0.3
0.292
0.328
0.708
4.736
0.068
5.72
0.232
0.492
0.436
0.58
0.396
1.98
2.932
0.604
0.584
8.584
3.312
0.28
0.884
3.328
1.696
2.468
1.832
0.644
1.564
0.764
0.82
0.324
1.228
2.392
3.86
1.448
0.644
1.668
0.244
8.78
4.044
3.332
5.84
1.844
4.464
0.44
0.16
0.992
0.2
0.888
0.744
1.38
4.992
1.292
1.396
3.432
0.284
0.224
0.86
1.884
0.428
2.172
0.104
0.848
8.4
0.912
5.408
1.628
4.896
1.304
0.692
0.124
0.076
1.436
1.836
0.448
0.284
10.336
3.524
0.176
1.124
0.256
3.356
1.068
3.4
3.856
0.128
0.328
0.2
4.872
5.172
0.752
0.248
3.06
2.572
5.08
1.508
2.572
0.728
0.088
3.924
2.04
1.332
0.184
5.664
4.268
5.664
2.28
6.396
0.348
4.524
3.784
9.172
3.528
0.104
3.368
4.16
1.124
2.3
2.96
2.248
2.612
1.036
3.56
2.928
1.588
2.492
1.82
0.424
1.536
1.188
5.032
0.396
0.424
2.628
2.6
2.856
3.884
1.792
5.812
1.0
5.0
5.536
2.024
8.812
0.54
0.172
0.572
1.372
1.584
1.096
5.028
2.096
0.228
4.344
0.328
0.556
1.624
1.08
0.44
0.44
4.456
0.432
9.3
0.216
0.192
0.78
9.38
0.62
0.34
2.404
0.976
0.184
1.564
4.64
4.188
2.132
4.764
0.88
4.896
0.188
2.268
2.184
2.336
0.108
0.744
1.112
1.824
1.832
0.708
0.848
1.704
4.252
6.04
6.924
0.504
0.588
8.22
0.26
5.184
10.192
2.712
0.504
0.304
0.836
0.716
0.492
1.976
0.848
5.508
2.792
3.964
3.972
0.172
0.384
3.072
1.78
1.628
7.464
2.268
0.468
1.996
0.888
4.38
7.428
1.28
2.8
4.04
5.608
1.652
1.436
0.136
1.396
2.384
1.784
0.732
2.608
8.152
0.164
2.08
0.296
1.856
8.084
6.232
6.028
0.2
3.46
0.812
0.56
0.236
0.716
4.46
5.764
3.588
1.624
2.388
0.324
1.552
0.48
9.036
0.128
0.976
3.712
1.156
0.512
0.908
5.364
0.132
4.104
2.648
1.748
0.928
10.44
2.848
6.568
0.256
8.88
0.944
10.972
0.492
0.212
0.772
4.216
2.32
1.42
4.376
6.4
0.884
0.408
1.128
0.216
0.268
0.696
1.62
0.34
1.32
1.5
1.42
0.444
0.132
5.532
4.252
8.08
0.08
0.896
0.804
2.324
0.176
1.088
2.364
0.88
5.664
4.036
1.44
1.208
2.008
2.624
0.196
1.152
2.396
1.3
3.948
1.364
2.128
2.4
4.44
1.268
0.856
2.436
0.72
4.156
0.592
0.992
0.208
2.396
9.0
0.372
0.948
7.324
5.0
6.224
1.088
4.628
6.46
1.532
2.252
0.864
0.944
0.216
0.252
1.552
2.132
4.988
1.468
7.144
1.66
0.296
1.968
7.848
10.292
0.7
1.404
0.632
2.12
0.44
0.576
2.144
2.824
1.788
2.508
0.396
0.668
0.752
2.396
3.072
0.112
1.168
0.328
5.888
2.372
10.896
2.48
9.944
0.78
3.876
1.324
0.852
1.1
2.648
0.3
1.668
0.156
2.052
0.568
9.928
2.172
0.252
0.96
1.036
3.192
1.38
4.72
1.648
2.736
0.908
0.388
0.344
1.272
5.592
0.636
0.364
9.724
1.656
4.124
3.032
1.388
4.14
0.612
2.384
6.888
7.364
0.528
4.444
0.86
2.336
0.44
0.152
7.464
0.472
0.232
1.972
1.74
0.196
2.168
1.052
1.06
5.888
1.156
2.3
0.336
1.012
6.4
0.388
2.944
7.256
2.832
0.444
0.42
2.792
0.66
0.876
7.556
1.192
6.412
1.252
3.384
1.436
1.076
0.268
4.532
0.64
1.616
1.64
1.4
0.22
0.868
2.368
2.932
1.56
1.236
0.312
0.912
2.644
0.5
2.98
0.82
2.536
0.652
2.188
1.86
0.444
0.204
0.36
2.88
0.388
0.936
3.896
1.032
3.168
0.368
2.004
0.144
1.12
0.148
0.796
2.012
7.02
3.236
0.212
1.644
0.288
2.956
5.276
0.48
0.12
0.78
4.648
8.116
0.764
3.084
0.468
1.272
5.008
0.708
1.968
10.16
6.584
11.044
1.644
1.132
1.568
1.632
5.936
6.092
0.696
1.428
2.192
2.368
2.768
0.94
3.224
2.204
6.216
0.5
5.932
1.884
2.652
0.684
1.328
3.948
0.496
0.284
0.872
1.2
0.64
1.92
1.824
2.544
3.372
3.0
0.848
0.536
1.492
1.552
0.932
3.808
0.524
0.308
0.676
0.388
4.624
0.488
4.572
3.948
3.104
1.776
2.516
10.076
0.936
0.228
0.236
0.196
1.172
1.336
0.868
8.576
2.32
1.804
1.06
1.836
8.268
0.084
1.008
5.06
1.592
1.304
0.12
2.052
2.664
0.352
0.544
3.308
3.136
6.044
7.688
0.836
0.888
2.804
2.42
6.912
2.064
0.944
4.456
6.708
1.068
0.9
0.236
1.604
5.472
0.144
0.08
0.212
0.804
1.128
0.104
0.888
0.592
0.796
0.528
1.788
5.868
2.728
0.448
9.532
0.424
0.8
0.784
0.424
0.096
0.272
1.248
0.24
0.568
0.612
0.136
1.472
0.408
2.392
1.652
0.54
0.304
10.872
4.252
0.512
5.952
0.2
8.168
1.448
0.252
2.664
0.572
4.04
1.34
0.104
0.072
2.516
0.212
6.976
1.056
3.856
0.336
7.064
4.784
0.628
0.076
0.172
2.716
1.052
0.644
0.76
0.072
0.408
0.868
1.232
0.956
1.396
2.308
3.264
1.844
4.528
5.764
5.368
4.048
1.356
5.66
0.844
1.376
1.792
1.628
0.184
0.184
3.02
0.832
0.768
0.992
1.04
5.416
1.34
3.06
2.836
3.988
7.476
3.128
9.104
6.796
0.668
1.6
0.468
0.144
7.864
9.148
1.38
1.572
0.524
8.968
0.548
6.54
2.136
2.616
5.888
0.808
3.152
0.316
6.624
4.14
1.8
0.224
0.628
0.876
5.872
1.016
1.528
1.388
3.896
2.128
0.856
4.988
2.936
0.18
0.944
1.252
2.096
3.532
6.512
10.548
5.556
1.0
1.148
1.128
6.472
0.988
3.42
1.684
2.688
6.4
0.436
0.36
0.36
0.556
0.828
0.512
0.072
0.364
3.9
5.452
6.524
0.668
0.808
3.66
0.26
1.492
0.8
1.308
6.036
9.884
4.1
4.14
2.292
1.276
0.864
0.088
4.268
1.196
3.72
1.672
3.816
0.568
2.132
1.304
2.396
1.9
4.048
2.644
1.516
2.54
0.852
4.968
1.064
0.764
10.06
3.136
10.392
0.488
0.864
2.74
0.628
2.872
0.396
2.008
0.816
6.14
0.624
0.084
3.312
0.348
1.232
0.108
0.52
1.948
5.096
0.984
0.968
1.552
3.932
0.152
0.108
4.204
1.724
2.412
0.276
4.552
0.248
3.772
0.212
3.46
0.416
0.664
0.392
0.844
2.296
1.176
2.82
5.136
0.216
9.016
1.628
3.04
1.108
0.6
3.344
0.2
1.128
1.952
1.628
0.428
1.332
0.376
1.18
0.308
0.3
3.676
3.152
0.544
0.444
5.152
7.32
0.564
6.424
0.284
0.844
3.836
6.276
0.204
2.28
1.08
0.732
3.344
0.256
4.648
0.564
0.808
3.276
0.524
1.024
0.192
0.292
2.772
0.536
1.232
0.644
5.572
0.076
0.472
0.444
0.74
2.648
1.084
5.644
1.044
4.66
0.252
1.324
0.808
1.528
3.908
0.628
1.988
0.452
0.404
0.156
3.4
6.74
0.22
7.648
0.184
3.724
0.54
0.372
0.988
0.556
1.84
3.232
8.332
0.572
1.48
0.408
2.656
4.884
5.332
4.972
0.212
1.172
5.388
0.124
2.576
0.728
0.612
3.32
0.552
2.472
3.684
1.384
0.752
1.76
1.076
4.172
0.872
7.784
0.728
0.644
7.096
0.236
0.132
9.012
2.44
1.808
4.364
9.012
2.08
1.696
2.364
2.0
1.588
4.332
0.168
3.32
0.628
0.688
5.188
0.932
0.628
1.732
5.5
1.892
1.444
2.676
3.932
1.624
0.912
6.684
1.248
2.124
0.24
7.968
0.64
4.768
3.544
0.4
7.788
0.224
1.94
4.84
1.232
2.032
8.444
2.236
3.832
0.464
1.0
8.892
0.208
2.112
1.692
1.392
0.532
0.616
1.392
1.384
3.6
6.016
1.796
0.824
2.656
2.716
4.844
0.824
3.376
2.74
1.644
1.676
4.112
2.756
1.096
0.996
0.12
7.932
1.08
4.144
1.832
2.872
0.632
0.092
3.228
0.964
1.508
9.076
0.204
1.716
3.72
1.364
0.116
3.436
10.728
0.364
2.968
2.032
3.836
6.216
0.652
0.66
1.588
4.688
1.536
0.14
3.308
1.296
3.972
3.86
5.076
1.224
0.26
3.72
0.072
0.652
1.54
3.672
2.592
0.676
1.4
9.956
1.832
0.824
1.02
0.1
0.516
7.016
0.744
1.688
0.16
1.368
0.172
0.476
5.76
0.876
1.552
0.56
3.764
0.744
1.036
4.18
7.068
3.472
2.032
0.32
1.404
3.608
0.428
0.472
0.404
1.552
0.92
3.384
4.528
1.148
1.276
5.396
10.38
0.532
0.616
2.072
0.288
0.6
2.292
0.256
3.804
4.184
0.46
0.26
2.66
0.32
0.504
0.996
1.956
2.808
0.356
4.18
2.18
0.364
0.252
1.272
2.984
9.176
5.328
0.632
0.308
10.524
0.104
9.24
0.596
2.096
3.804
2.092
0.348
10.696
2.736
0.596
2.216
0.08
0.432
1.144
2.308
2.636
0.748
10.308
6.096
6.184
8.764
1.74
0.472
1.216
3.908
0.308
0.408
0.58
1.168
4.876
2.74
0.688
0.088
6.672
0.096
0.184
0.496
0.108
1.748
1.952
4.968
0.936
0.736
0.66
3.044
1.508
0.956
1.624
1.388
3.852
4.156
5.548
1.74
3.268
0.964
2.244
0.724
0.356
2.024
4.752
0.1
1.068
0.132
4.892
0.752
1.076
4.108
0.408
0.62
2.372
0.204
1.076
0.524
2.092
1.592
1.776
0.848
2.696
1.012
2.64
3.144
3.592
0.208
0.252
4.996
1.756
8.268
0.364
1.74
2.412
0.164
1.28
0.256
0.496
2.696
0.628
7.076
0.416
3.024
6.816
2.948
3.1
1.496
1.22
1.968
2.1
2.612
3.18
2.54
1.284
1.4
0.932
4.188
3.032
0.96
0.504
1.888
4.356
7.248
0.276
0.444
0.616
0.98
7.3
5.644
2.288
0.856
0.324
2.664
1.276
0.16
5.972
0.272
0.432
1.616
3.104
5.24
5.1
0.252
4.432
2.136
3.1
5.26
1.3
2.52
1.636
1.18
0.296
4.676
1.156
0.104
0.356
1.732
4.912
1.612
1.244
7.816
0.828
1.58
3.324
0.476
1.324
0.62
6.808
1.54
0.08
1.392
5.748
0.1
0.652
1.924
1.764
0.96
4.472
1.18
0.804
1.452
1.048
2.532
9.72
0.16
2.092
0.464
0.144
2.044
0.224
2.88
2.648
3.324
4.448
4.212
8.548
1.888
0.132
4.916
6.744
1.204
0.708
1.964
3.868
6.612
2.668
2.54
0.308
0.256
0.548
0.288
0.972
1.152
4.748
5.512
2.748
0.856
2.332
1.76
0.084
5.692
1.388
2.368
0.764
1.96
3.408
5.08
0.188
1.628
7.476
2.496
1.26
5.792
0.072
2.652
9.932
4.224
2.408
0.94
0.944
0.112
1.836
1.076
5.904
4.12
3.516
5.46
1.444
1.276
4.432
0.692
1.068
1.568
0.872
0.84
0.26
3.0
3.644
2.956
1.496
0.808
0.608
1.596
3.452
1.168
3.552
8.824
6.992
1.028
4.968
4.048
1.892
0.348
0.12
1.24
9.916
0.416
1.564
0.944
0.612
4.964
1.324
1.968
0.856
2.008
3.824
2.22
1.976
3.624
0.824
2.604
0.692
2.3
6.88
6.744
1.14
0.712
1.032
3.228
1.948
2.808
0.864
7.488
2.516
0.46
2.156
3.86
3.304
2.824
4.428
1.868
0.312
6.944
0.596
1.772
1.456
1.336
2.952
0.492
2.364
8.192
0.316
1.712
0.836
8.116
3.376
1.684
1.084
0.812
1.596
1.16
2.82
4.292
0.864
0.496
3.492
0.64
0.248
0.66
1.892
1.712
4.66
1.54
0.66
3.336
2.676
2.784
5.444
0.52
2.396
1.944
4.78
0.744
0.688
0.876
2.092
6.816
0.796
3.216
3.66
6.364
6.48
1.964
1.056
6.212
1.424
2.012
2.968
2.276
0.084
0.148
4.196
1.188
1.168
2.636
0.088
2.984
0.932
0.484
3.128
3.708
1.144
1.324
0.932
5.508
1.336
4.788
1.78
2.656
2.988
0.284
0.816
3.532
0.244
1.02
1.808
0.372
0.068
0.48
1.768
1.232
1.192
2.84
2.42
2.772
2.184
2.408
1.348
5.224
1.976
3.256
0.108
6.316
0.416
1.576
4.028
0.232
2.472
0.468
0.496
0.712
3.156
3.476
0.588
3.796
1.032
8.088
0.108
2.196
1.116
0.976
1.392
6.932
6.304
1.132
0.304
0.876
0.244
1.22
0.508
4.508
7.624
2.056
0.412
0.484
2.648
7.872
1.284
4.292
2.564
1.312
8.148
0.608
0.648
0.332
4.516
2.732
7.688
1.98
3.836
0.176
4.716
0.408
0.728
0.12
0.768
3.324
1.288
0.824
1.208
0.832
0.096
7.264
3.468
0.124
7.716
2.016
1.92
0.928
2.132
4.184
10.892
3.688
0.136
4.392
0.096
0.156
0.548
1.312
0.816
2.46
3.636
0.8
0.844
3.544
0.848
5.868
3.016
0.672
2.072
1.048
4.092
1.228
3.448
1.996
1.784
1.1
2.276
0.232
8.48
3.992
7.284
0.528
1.524
1.036
0.132
0.708
0.788
0.7
2.592
2.22
0.128
0.9
1.72
4.136
2.668
7.38
0.204
0.088
0.416
0.828
4.788
3.548
0.716
2.388
1.284
3.96
1.72
1.776
0.164
2.684
1.94
2.072
4.448
6.64
1.336
1.448
1.992
3.436
0.608
0.692
2.456
1.768
3.144
2.304
0.116
1.468
1.572
1.708
7.372
6.58
2.212
2.184
1.22
4.696
3.348
0.736
0.492
1.548
1.268
7.068
1.228
1.312
1.356
7.02
1.772
0.08
4.128
6.032
2.5
1.04
4.132
1.624
4.292
8.332
2.016
4.408
4.888
0.476
0.332
3.86
1.04
1.38
1.992
1.604
2.08
1.172
1.996
4.752
0.216
1.144
2.268
0.808
4.016
5.176
4.616
0.808
1.092
2.648
0.116
6.764
1.108
0.128
2.46
0.572
1.04
1.896
4.024
1.332
5.24
3.616
1.04
0.436
0.912
0.196
2.636
4.872
1.14
1.324
2.288
0.816
0.452
3.988
1.696
0.296
0.5
3.144
2.452
2.12
1.692
1.404
2.636
0.588
6.552
0.304
0.916
2.212
1.824
0.9
7.172
5.72
3.172
6.628
0.316
6.024
3.544
5.636
1.18
0.112
0.776
2.992
3.892
8.468
5.568
6.056
10.28
0.164
0.424
1.54
3.632
0.376
1.468
1.0
1.756
0.172
9.056
3.384
2.42
1.652
4.068
1.8
4.796
0.664
0.744
0.2
4.78
0.932
2.376
5.476
5.5
0.688
1.672
1.244
1.548
0.072
1.768
0.12
2.256
2.432
2.636
2.504
7.14
10.196
1.456
0.148
1.824
0.324
1.048
6.024
2.464
3.692
6.7
0.536
0.364
1.828
7.964
0.324
0.824
0.332
0.1
0.128
6.584
2.6
2.7
2.12
1.168
4.436
3.756
0.336
0.188
0.412
4.896
2.508
1.044
6.032
3.148
0.136
7.58
7.42
4.288
0.136
0.984
0.092
0.952
3.784
0.156
0.928
1.232
9.44
4.324
0.884
1.776
4.292
2.524
2.612
0.536
6.208
4.028
0.16
4.82
6.0
1.864
5.092
2.568
2.976
0.16
2.052
0.204
0.94
0.156
1.672
3.108
4.652
1.28
0.216
0.46
1.392
0.804
2.456
6.872
1.436
0.392
3.2
5.016
4.5
1.992
2.688
1.048
0.224
0.42
2.54
0.448
0.768
3.604
0.532
0.336
1.62
1.38
0.636
8.024
4.296
2.016
2.476
0.376
0.92
0.52
0.54
0.868
0.62
1.076
4.544
1.748
0.12
4.156
0.896
3.88
10.272
1.036
0.996
0.568
6.372
1.448
2.14
0.276
4.28
0.532
0.084
0.656
0.308
2.792
0.392
0.564
3.756
3.008
1.008
2.68
1.1
0.948
0.856
0.752
5.188
3.228
3.54
4.752
1.024
1.52
0.368
9.96
0.716
0.568
3.048
2.8
0.704
0.48
4.44
0.564
0.476
8.472
1.332
0.552
2.608
1.964
1.096
7.404
2.176
4.724
2.36
2.32
5.412
0.724
1.724
0.84
0.272
2.356
5.496
0.488
6.48
1.736
1.676
3.948
0.136
0.988
1.928
1.384
1.284
6.96
3.056
2.768
1.796
1.268
0.504
1.244
1.92
0.74
0.52
4.572
1.296
1.628
0.568
0.936
0.14
1.584
3.684
1.0
0.912
0.084
0.072
1.268
2.904
0.796
2.068
3.668
2.208
2.036
4.348
4.412
0.128
7.872
0.712
1.428
0.704
0.828
3.72
1.58
0.988
1.668
4.08
2.512
0.744
4.344
1.564
4.736
0.34
0.572
1.936
0.816
1.896
2.072
5.2
0.808
3.124
2.568
0.268
2.964
3.412
2.86
2.624
3.892
2.256
3.172
0.436
4.288
0.6
1.228
2.448
2.356
2.232
3.788
1.836
4.228
0.1
3.02
2.86
0.224
5.28
0.804
0.84
0.808
2.556
0.636
1.864
0.276
0.672
0.628
1.628
2.92
0.272
6.684
1.1
1.508
5.516
0.468
4.604
2.976
0.988
0.884
0.088
4.4
1.512
0.484
1.112
4.684
1.02
0.276
3.804
2.564
2.984
2.216
4.348
1.56
0.736
10.12
0.84
2.16
2.812
0.528
8.168
2.08
0.276
0.764
0.092
0.972
3.316
1.0
2.132
3.348
1.484
0.288
1.376
2.552
0.744
2.908
2.58
2.9
4.144
0.164
0.336
0.124
1.996
1.864
1.084
0.296
0.464
0.24
0.692
1.668
0.072
0.456
4.62
0.408
0.26
2.044
2.04
1.736
1.736
2.524
7.448
0.824
0.12
0.42
0.448
3.812
0.312
2.652
1.232
5.96
5.924
0.588
4.752
3.512
0.32
7.3
0.112
1.196
0.816
3.936
0.996
0.8
3.216
5.5
6.484
2.52
0.088
0.68
4.896
7.24
2.66
1.512
4.676
3.256
0.608
4.82
4.492
0.296
1.364
2.992
1.024
1.404
2.972
10.852
1.544
0.228
2.304
0.244
0.22
0.268
0.84
10.208
0.208
2.148
3.752
3.584
10.392
1.388
3.056
8.624
2.148
1.784
0.448
2.628
2.204
4.18
0.124
0.848
0.568
0.488
10.64
0.756
0.904
2.648
0.924
1.184
1.332
7.5
0.732
1.86
1.344
0.216
1.38
1.712
1.78
0.172
0.376
1.52
0.332
3.2
2.612
0.504
1.54
0.764
6.02
4.34
8.016
3.08
4.924
3.008
2.052
1.268
2.964
2.568
0.096
4.7
5.256
9.284
1.224
3.716
3.476
2.724
3.916
4.336
2.612
1.404
4.372
0.14
1.88
2.616
0.684
2.504
0.792
2.428
1.96
1.896
4.628
0.312
1.404
0.2
0.384
1.244
1.072
0.512
1.592
0.472
0.576
1.104
0.752
1.316
0.172
0.36
3.988
2.012
4.628
10.884
1.052
5.304
0.888
6.936
2.88
1.5
2.536
5.392
0.192
0.644
0.168
1.644
0.828
0.284
0.244
2.028
1.312
3.036
0.512
3.74
3.152
1.064
1.744
5.532
2.196
4.152
10.704
0.188
4.648
5.176
0.608
1.0
1.936
6.812
1.712
0.3
0.472
1.04
7.844
2.656
3.424
3.14
0.8
1.376
5.3
2.116
3.428
1.064
1.576
2.812
1.444
3.82
3.196
0.312
0.52
1.588
1.896
1.796
1.06
0.992
1.452
0.128
1.368
3.404
0.484
1.316
1.072
3.104
1.652
0.64
0.396
3.436
0.86
4.384
1.688
0.328
9.98
1.772
0.876
2.536
1.236
8.428
0.408
8.184
1.14
0.072
0.376
0.792
1.3
0.28
2.44
0.516
2.396
3.992
1.064
1.836
3.084
1.588
0.596
1.48
2.616
0.832
0.336
1.66
1.472
1.876
6.948
10.244
3.072
5.82
1.184
2.432
0.232
2.24
1.964
0.244
3.06
10.052
0.708
1.468
1.416
2.54
2.388
3.556
7.584
0.536
3.904
3.304
1.544
0.396
0.496
2.172
0.644
0.808
4.2
6.604
0.752
0.412
0.096
1.16
4.5
1.816
4.92
0.12
8.328
0.1
0.824
0.728
0.112
4.544
3.116
0.356
3.52
8.996
3.804
4.38
1.76
8.26
6.664
1.916
2.44
0.992
2.492
0.532
5.004
0.428
9.948
0.196
0.772
0.128
0.672
1.024
0.32
2.852
1.84
2.408
1.132
6.876
2.008
7.272
6.144
0.416
2.516
0.156
0.104
0.636
0.512
4.304
4.112
0.892
1.184
8.52
3.592
2.264
5.98
9.056
2.64
0.888
4.808
9.172
0.936
0.312
3.344
0.312
10.04
8.86
2.176
0.596
3.2
0.776
3.248
3.892
1.932
1.968
3.336
1.944
0.48
1.744
5.016
3.108
2.444
0.696
6.196
0.676
9.092
3.024
0.74
0.2
5.556
3.004
2.26
1.356
1.116
2.284
0.6
0.076
0.408
4.536
0.564
1.376
4.836
1.312
0.272
0.828
1.128
1.304
0.388
1.58
0.436
9.6
2.352
1.484
1.208
3.168
0.372
0.832
4.208
0.38
5.22
0.76
5.344
0.516
4.328
0.38
5.356
1.256
1.612
2.152
0.368
4.004
1.656
1.316
0.46
10.364
0.716
0.548
0.712
0.128
4.88
0.172
5.028
1.32
1.016
1.328
1.556
2.972
0.112
0.452
0.116
1.672
0.976
9.092
2.164
6.388
6.02
3.404
0.388
0.14
2.076
0.892
0.328
1.368
0.736
3.28
2.196
2.944
0.636
6.584
9.564
10.072
0.596
1.264
1.192
0.908
0.924
1.26
4.828
1.616
1.752
1.648
1.364
6.62
0.488
0.636
2.076
0.404
3.708
0.556
1.596
1.708
2.244
0.64
0.088
1.736
5.252
1.796
0.356
8.548
3.472
2.328
1.66
1.876
6.016
0.124
3.608
0.8
7.656
1.336
0.136
2.72
0.48
0.608
0.28
1.02
0.216
1.268
2.08
5.324
2.028
0.208
0.58
2.392
2.0
1.02
5.188
0.204
0.236
2.576
1.612
1.156
0.556
8.568
1.188
1.22
0.216
0.352
4.644
0.436
4.816
0.452
0.748
6.724
4.264
0.38
9.808
0.476
5.528
0.648
0.576
2.092
3.656
5.196
2.736
0.808
5.6
1.316
0.5
1.924
3.184
4.032
0.976
3.112
0.248
2.764
0.672
2.664
0.676
1.856
2.644
3.656
0.1
0.496
2.632
0.096
0.688
0.688
2.844
0.244
0.916
2.012
2.724
0.996
2.676
0.436
5.052
4.156
7.256
0.344
1.264
1.108
1.436
0.164
0.692
3.092
0.364
4.912
1.28
0.228
1.084
0.508
0.316
0.4
2.912
2.312
3.316
3.408
0.52
1.648
0.788
3.48
0.188
0.184
5.408
9.724
0.408
0.648
1.276
3.732
0.132
0.728
0.22
6.24
1.908
6.496
0.588
7.356
2.056
2.948
0.08
2.132
3.056
0.596
1.208
0.432
4.42
1.024
2.328
1.684
7.412
0.672
3.384
0.248
0.464
0.556
1.12
2.424
1.788
2.668
0.692
1.14
0.244
0.244
7.844
7.172
7.848
1.556
10.168
0.924
0.452
4.8
3.728
0.772
1.416
1.512
1.688
3.416
1.3
0.96
0.268
2.124
2.364
2.68
1.952
3.348
5.996
1.476
2.74
0.172
2.724
5.052
0.828
1.888
1.996
0.96
2.772
10.516
1.768
1.344
0.724
0.432
7.12
3.844
0.416
0.84
3.728
1.024
0.8
0.08
0.42
1.388
2.16
1.28
0.12
2.352
2.244
1.6
2.124
1.06
1.36
1.056
4.172
1.172
1.028
3.34
4.1
0.464
2.072
1.168
4.732
2.276
1.528
2.716
1.676
0.668
2.252
0.34
1.452
7.888
1.288
0.56
2.616
5.348
4.068
3.308
3.792
1.008
2.996
1.032
3.828
2.512
2.036
0.144
4.128
0.312
0.748
0.512
4.724
0.476
0.24
3.876
4.68
4.92
3.796
0.16
3.096
2.62
5.98
2.6
0.228
5.076
5.096
4.44
4.76
1.056
1.428
0.428
1.092
4.0
0.968
0.728
6.864
0.816
1.876
8.336
2.2
1.348
8.38
5.424
3.412
4.94
0.612
2.592
5.356
4.752
0.62
1.376
3.364
4.3
0.356
1.024
2.224
0.668
0.836
1.016
1.944
3.44
5.836
0.432
0.36
2.416
2.376
1.496
1.18
2.124
1.712
2.892
1.084
0.08
0.828
0.408
0.692
0.788
5.236
0.584
4.844
3.772
6.236
0.148
3.88
3.948
1.952
0.74
2.024
2.512
0.636
1.796
1.928
0.592
0.916
3.3
2.992
0.388
5.996
0.996
3.74
2.828
2.572
0.256
7.736
2.528
0.96
3.416
0.948
0.412
0.684
7.188
0.292
7.8
2.828
0.504
8.92
1.532
0.464
0.712
2.84
4.244
3.668
2.248
2.804
1.84
1.488
1.06
4.816
5.1
0.78
3.376
0.792
10.616
2.58
2.056
5.268
3.348
2.308
8.308
1.588
0.876
0.872
0.38
1.164
1.72
0.768
1.364
0.888
0.932
1.516
1.78
10.92
0.924
1.996
2.732
0.972
1.844
1.872
1.176
2.284
0.808
6.268
2.496
0.252
2.208
0.956
2.92
0.236
0.344
0.42
0.56
1.88
1.972
2.096
1.032
5.716
7.084
1.736
2.0
1.644
6.144
1.396
0.368
0.372
5.56
0.732
1.548
1.784
0.976
0.088
0.184
0.752
1.196
0.372
1.064
6.032
1.272
3.592
1.064
0.156
0.584
0.228
0.308
0.108
1.94
1.66
2.968
3.084
3.796
0.292
0.216
0.296
4.452
0.732
0.572
0.58
0.412
2.704
2.06
4.16
0.228
6.54
2.784
0.5
1.732
6.404
1.672
4.652
0.188
1.54
0.424
0.58
1.364
4.464
0.856
3.508
3.104
1.168
5.476
1.44
2.312
4.86
0.984
5.716
1.056
3.068
3.548
1.74
0.3
0.76
2.196
5.932
1.088
3.608
6.576
2.56
1.1
1.048
0.28
1.66
0.532
1.484
4.184
1.044
9.432
0.716
1.056
0.772
2.784
2.188
0.164
7.084
2.616
0.144
2.028
9.536
1.284
0.368
1.34
1.74
3.116
2.372
7.604
3.588
0.316
0.384
5.456
6.696
2.356
0.296
0.144
3.712
2.216
4.584
0.108
4.592
0.176
1.6
1.016
9.536
0.872
0.968
1.088
6.248
4.368
2.604
1.604
6.688
1.74
3.356
0.076
4.028
6.1
3.256
2.5
0.192
2.68
0.556
0.688
11.064
3.356
0.944
1.324
0.148
3.504
3.52
3.36
2.888
1.708
3.036
1.616
0.136
2.8
3.344
1.676
5.148
0.084
4.156
3.112
9.836
4.096
1.116
4.392
0.172
0.08
9.816
0.528
0.288
2.576
2.396
7.056
0.24
4.58
1.168
1.74
0.604
7.704
1.208
0.308
1.088
1.868
1.096
2.728
0.22
2.116
5.532
0.78
0.152
7.696
1.1
5.908
3.236
0.852
0.696
0.868
0.464
1.328
5.996
1.264
1.916
0.316
1.288
7.308
0.948
3.628
2.24
0.34
0.72
3.008
1.784
2.368
0.524
0.856
0.4
0.376
2.932
2.48
2.684
2.132
1.368
1.6
7.564
0.348
6.324
0.452
1.144
1.66
1.3
2.048
2.616
2.436
1.932
0.868
0.264
4.304
0.356
0.164
0.14
4.96
0.86
2.3
0.228
1.476
0.156
3.092
4.956
9.348
0.832
0.4
10.592
5.096
3.256
1.524
2.076
3.428
0.196
1.656
0.58
3.508
5.916
7.316
1.896
6.824
2.896
0.524
0.644
1.668
0.436
0.272
1.644
1.328
1.148
2.196
1.084
4.532
0.252
0.232
3.012
2.2
0.396
1.896
0.532
0.312
1.46
3.84
4.012
3.944
3.904
0.364
2.916
3.412
7.616
1.948
1.124
2.62
2.456
0.78
10.94
3.372
7.096
2.284
5.044
9.62
4.108
0.864
4.088
2.904
0.64
1.72
1.724
2.736
0.452
10.868
2.652
1.892
0.872
1.016
9.672
3.604
1.904
4.864
5.732
1.348
0.932
9.476
0.264
0.86
0.184
3.116
0.544
2.936
9.564
3.204
0.616
0.564
1.42
2.988
6.108
0.756
0.452
4.824
1.58
0.28
6.34
0.6
1.416
0.708
1.148
0.172
0.368
1.9
0.116
0.9
3.304
0.132
0.196
1.212
2.616
2.672
1.4
2.432
3.984
0.76
0.204
1.744
2.576
2.464
10.18
4.872
1.612
0.672
4.296
0.36
1.36
6.66
2.644
2.468
0.608
10.816
1.924
1.776
3.544
0.476
5.184
4.664
0.092
1.336
0.556
0.356
0.712
1.46
1.376
0.16
0.224
1.924
0.968
2.38
4.036
0.34
0.14
1.9
3.984
2.392
3.428
0.496
9.2
3.568
0.92
0.208
3.568
2.132
0.412
0.912
1.336
0.616
0.42
1.044
1.928
0.908
6.664
3.22
1.156
2.824
5.736
1.352
1.796
0.98
0.24
0.228
4.356
2.116
2.836
0.624
3.636
2.688
0.088
0.568
2.816
1.068
1.316
0.856
5.988
1.2
4.036
4.08
3.096
0.268
3.708
0.692
0.224
4.368
2.416
0.408
1.592
0.112
1.504
2.26
0.744
1.712
2.98
2.872
3.66
0.368
3.052
1.672
5.724
1.232
0.192
4.968
7.14
0.676
3.804
2.788
1.32
0.068
1.56
0.24
0.924
3.596
3.684
3.192
4.248
0.112
0.516
1.888
2.964
3.176
6.404
2.884
5.912
0.604
7.936
4.904
0.188
2.572
3.984
0.64
1.032
2.032
0.12
0.328
6.524
0.304
0.384
1.584
3.24
4.584
2.58
2.364
2.968
5.2
6.752
5.264
2.768
0.572
0.72
0.156
2.18
2.96
1.828
1.94
2.548
0.8
6.752
0.976
7.616
7.148
0.412
9.608
2.468
0.068
0.576
1.708
0.664
4.56
0.532
3.748
0.1
0.504
6.596
1.464
2.076
6.404
1.868
4.416
2.34
0.188
1.2
1.56
0.164
2.64
4.708
0.804
0.148
3.836
1.252
1.796
0.764
0.956
2.0
6.412
1.052
0.812
0.544
0.212
7.308
1.72
3.04
3.216
0.68
1.496
1.54
4.244
1.528
2.328
0.604
4.788
1.536
2.208
3.576
1.704
2.244
0.584
1.716
0.244
0.392
0.128
3.5
6.272
0.72
8.564
1.68
0.468
0.428
2.868
3.864
1.34
0.276
0.412
1.152
4.676
2.188
2.548
0.72
0.984
1.224
0.24
3.184
1.164
3.82
1.6
0.228
0.768
0.252
1.432
5.872
0.72
0.74
0.788
0.504
2.336
1.904
1.056
0.336
4.06
0.856
2.124
1.676
7.22
3.064
5.52
7.352
7.488
0.096
0.852
3.42
10.996
4.94
0.18
0.8
1.292
2.628
3.992
1.116
1.248
0.248
1.64
2.608
1.136
2.628
0.856
1.58
0.188
0.332
0.98
3.584
10.784
4.548
0.216
0.228
3.524
2.092
0.22
1.224
0.188
5.168
1.616
4.956
2.488
0.7
0.132
0.832
0.112
2.376
1.952
0.94
0.812
3.996
0.764
0.412
6.628
1.376
3.752
0.624
1.204
0.804
1.096
8.04
0.272
10.336
8.084
0.604
4.676
1.46
4.12
1.476
0.544
3.84
1.54
4.98
2.208
1.452
0.424
1.86
1.724
0.368
0.7
0.392
0.316
5.236
3.456
0.98
4.784
0.316
3.284
0.368
1.38
0.448
2.42
2.88
1.012
5.688
1.32
5.46
2.832
1.48
3.1
0.772
4.164
3.544
9.808
0.228
1.456
5.308
2.464
1.908
5.14
2.756
8.648
2.84
1.464
2.876
0.156
1.34
1.116
0.072
0.484
1.488
2.0
0.476
0.644
0.064
0.084
1.008
2.332
4.104
2.784
1.82
4.516
0.452
2.252
4.12
2.512
7.948
2.0
6.808
0.584
3.012
0.736
1.732
1.46
0.744
5.96
0.576
6.152
2.272
1.392
1.136
0.624
0.832
4.012
3.74
0.144
0.192
2.32
8.736
2.692
1.32
2.872
1.196
3.124
1.76
6.644
2.296
0.084
3.856
1.22
4.46
0.388
0.716
2.376
0.46
0.14
5.4
0.36
0.884
0.368
3.676
4.516
1.028
0.572
4.08
1.852
5.556
0.668
6.916
1.648
1.04
1.876
1.204
0.1
0.756
0.136
3.112
5.22
8.352
0.9
0.892
1.076
5.0
1.252
0.556
0.512
1.868
1.876
0.58
1.124
1.044
3.516
0.28
0.4
2.684
1.52
1.02
4.16
3.76
9.148
0.384
1.416
0.612
4.124
0.14
9.812
3.68
2.196
6.304
0.976
3.768
1.512
2.316
0.836
0.84
6.84
0.18
6.528
7.82
0.296
6.604
2.772
1.728
1.008
4.184
0.276
2.056
2.6
3.772
2.192
5.24
1.412
1.456
6.52
0.188
0.72
0.212
1.144
2.268
4.272
5.38
3.0
0.9
9.912
1.352
2.876
9.844
1.96
6.42
2.328
1.072
2.232
2.284
0.18
0.576
4.312
8.592
1.208
0.088
2.548
3.184
0.188
0.744
9.316
2.296
5.568
1.792
4.86
0.12
1.072
1.092
0.484
0.244
0.532
5.18
2.924
1.1
0.076
5.544
1.584
0.612
5.696
0.132
3.2
2.908
0.292
0.384
1.456
0.692
1.248
0.708
0.86
10.268
2.728
2.04
0.436
0.768
6.004
0.432
4.74
11.036
1.736
7.044
9.368
0.4
1.456
5.06
5.664
1.196
7.068
5.128
0.836
4.58
0.816
0.332
3.08
1.288
2.928
1.04
1.536
2.384
1.108
7.108
4.076
1.508
1.576
2.012
0.116
1.012
2.888
7.212
1.96
4.656
5.956
0.936
2.312
4.56
0.22
3.664
4.408
5.268
4.848
0.648
0.824
1.152
6.112
2.052
0.588
5.876
2.104
0.912
3.936
1.02
7.724
1.968
1.316
1.992
0.456
4.456
0.636
0.156
8.192
0.908
5.924
0.924
7.088
1.204
3.712
0.128
4.888
4.28
1.892
0.94
0.664
0.408
8.1
6.28
1.088
2.96
1.516
2.9
0.688
3.0
9.4
1.5
0.092
7.46
5.516
7.932
1.088
1.816
3.272
0.152
9.024
2.16
6.768
6.808
5.388
3.8
2.924
0.476
3.372
1.444
1.508
7.196
0.556
0.216
0.792
6.688
2.108
0.82
0.468
1.196
6.74
3.992
1.956
0.464
1.0
1.904
4.392
6.616
4.408
1.54
1.812
3.468
1.192
2.416
1.092
1.352
3.564
3.792
1.276
0.468
0.988
7.568
1.344
0.228
2.56
3.384
0.132
0.868
0.408
1.448
0.212
5.512
1.1
0.484
0.98
4.364
0.836
0.868
0.408
0.928
3.288
2.772
1.86
2.444
0.48
0.7
0.736
3.508
4.744
0.128
0.28
10.172
2.368
0.22
0.84
0.176
0.64
0.628
7.868
0.372
0.448
0.572
2.764
2.476
2.492
0.36
0.868
2.532
3.904
2.888
0.884
1.648
1.588
5.34
1.552
0.976
0.196
0.312
0.512
5.128
1.744
3.236
0.588
0.588
7.492
2.78
11.052
6.488
7.284
1.576
3.544
1.728
0.088
2.012
3.176
1.912
1.104
2.184
2.152
6.76
1.092
5.448
4.132
2.996
3.208
2.948
2.604
0.584
8.804
1.592
4.88
7.344
0.496
1.028
0.996
2.852
1.14
0.656
0.816
0.152
1.736
0.94
0.708
0.524
1.056
0.924
4.2
1.42
2.704
1.6
1.384
2.284
1.592
0.556
0.52
1.732
5.844
0.476
1.916
1.916
0.136
0.824
0.828
0.928
0.284
3.84
0.46
1.06
1.748
1.432
6.512
6.036
1.252
0.896
4.812
1.564
7.412
1.092
0.792
1.324
0.66
3.736
1.004
2.568
1.3
0.424
2.192
1.224
9.784
8.188
0.296
2.352
1.548
0.292
3.564
5.156
0.468
6.244
3.548
6.296
1.12
0.84
0.228
0.712
0.648
3.68
1.428
1.82
6.592
3.22
2.116
4.34
0.756
5.08
0.74
10.068
0.844
0.984
0.704
5.948
2.628
1.0
1.588
1.492
5.072
6.324
1.552
0.672
0.168
2.256
0.172
0.28
0.864
2.756
4.632
1.92
1.984
0.896
0.204
1.868
2.496
1.74
1.32
0.44
0.56
2.096
4.024
1.408
10.844
1.336
4.032
0.904
2.772
1.268
6.16
1.888
2.448
2.936
1.54
0.424
1.572
6.1
0.108
2.324
1.456
1.668
1.356
0.18
2.692
6.332
0.348
1.964
7.64
4.136
0.344
2.6
2.844
0.328
0.816
3.328
2.348
0.92
4.496
2.16
5.128
0.592
0.268
0.516
0.948
5.656
4.852
0.184
9.404
2.344
6.68
0.364
2.524
1.416
0.36
2.116
1.856
4.8
0.364
2.088
0.196
2.78
1.256
1.704
0.368
2.872
2.324
4.624
0.428
0.82
0.604
1.008
1.124
1.096
2.94
2.24
3.568
2.9
3.624
0.876
0.472
5.64
1.952
1.612
2.896
0.304
1.388
0.872
3.028
0.096
0.728
2.592
6.54
7.072
2.76
3.78
5.252
6.556
0.404
10.128
0.744
4.312
4.564
4.872
0.52
0.688
4.608
5.28
4.828
0.216
0.116
0.664
3.292
3.18
7.968
0.328
0.4
0.696
4.532
0.344
8.212
2.336
2.108
4.292
5.752
2.568
0.612
1.968
0.956
0.28
0.968
4.38
1.308
4.532
0.328
3.396
2.732
0.416
0.448
2.636
1.104
0.624
0.292
5.228
1.744
0.936
0.364
1.124
4.124
0.508
4.072
3.936
5.396
3.488
0.716
2.012
2.612
6.12
0.932
1.168
1.6
0.18
1.956
1.912
1.784
0.452
1.88
0.48
2.036
2.296
1.86
0.964
2.1
10.36
2.524
1.648
2.236
10.232
1.832
5.636
1.512
1.32
0.568
1.704
2.556
7.564
8.652
0.16
1.172
1.444
3.564
6.688
4.008
1.448
1.884
1.616
0.24
0.08
0.896
0.308
2.516
6.012
5.672
9.416
2.588
2.284
3.932
10.292
8.62
3.6
1.632
7.4
1.976
0.604
2.612
2.244
2.552
1.296
5.056
2.68
3.14
6.268
4.188
3.616
1.604
0.224
3.484
0.228
0.836
1.492
0.496
11.032
0.64
2.964
3.548
0.884
0.216
1.184
4.816
2.64
2.272
0.7
3.692
4.968
9.68
0.112
0.896
8.624
1.172
0.564
0.284
1.876
5.068
3.82
2.0
2.708
0.788
1.564
4.168
0.944
0.496
6.516
6.304
3.008
1.524
0.304
3.368
0.904
5.68
1.448
5.864
10.496
0.216
2.9
7.788
2.028
0.44
0.1
5.764
1.968
2.264
3.96
2.076
1.456
1.42
0.296
1.3
2.364
7.94
3.136
0.2
2.128
2.588
0.516
1.564
2.616
2.912
0.484
1.256
4.088
1.136
3.356
6.216
9.152
3.792
0.676
7.044
1.428
3.668
8.376
1.652
4.272
3.908
1.184
6.096
0.84
0.28
2.764
2.196
0.572
3.616
0.348
0.204
2.764
1.5
0.688
0.628
2.084
6.048
3.992
1.668
2.82
0.148
1.168
5.276
3.856
0.248
0.42
0.524
4.96
0.536
0.672
0.62
6.292
10.016
0.58
3.464
4.076
3.468
0.832
0.552
6.776
1.86
0.148
9.752
0.336
3.416
2.2
3.608
1.552
1.968
1.096
1.252
2.92
5.164
0.508
5.808
5.504
0.08
2.816
1.292
10.848
2.008
3.332
0.336
2.284
1.008
0.208
0.108
0.328
0.76
3.12
5.188
4.072
5.304
2.14
2.112
1.152
2.088
0.464
3.38
1.56
1.796
1.412
1.112
2.04
7.932
0.984
5.84
0.944
2.136
1.332
0.2
2.716
2.252
4.58
2.504
1.688
6.548
5.784
1.62
1.28
3.08
6.304
1.164
6.732
0.892
0.22
4.184
4.976
1.608
2.976
0.48
0.98
4.444
3.068
0.936
0.18
2.192
3.056
0.22
0.068
3.888
2.124
0.548
1.772
0.592
1.916
2.968
2.112
0.38
4.252
3.148
1.104
5.556
2.852
1.084
1.564
1.236
4.964
2.676
1.368
0.132
2.636
1.548
1.764
0.96
0.232
0.552
0.084
4.78
0.888
1.376
0.42
1.088
0.348
0.8
0.828
3.872
1.276
6.084
2.408
0.436
7.16
1.588
2.936
5.756
7.152
1.76
0.452
3.12
7.28
0.432
3.7
2.828
6.804
2.04
0.996
0.86
0.432
0.492
0.552
1.332
2.52
0.832
2.324
0.952
8.96
4.356
0.268
0.924
7.152
5.884
4.948
1.184
0.608
0.948
1.496
1.304
0.688
0.72
1.06
1.044
10.256
6.128
6.26
0.252
3.54
2.352
0.188
2.008
0.7
0.608
1.464
0.108
4.368
1.004
3.972
3.38
0.452
0.44
0.524
0.444
2.452
1.64
0.832
0.196
2.312
2.9
1.052
8.852
0.8
0.78
0.088
4.944
3.0
1.584
10.872
1.46
1.24
4.168
0.624
0.432
2.28
9.544
8.576
3.768
1.772
0.996
0.444
2.356
2.24
3.516
10.6
0.812
0.196
6.532
0.896
0.804
3.632
0.776
7.484
0.212
4.428
1.14
1.652
1.576
4.184
4.36
1.696
1.424
1.516
2.104
0.708
8.016
2.144
0.58
3.352
0.192
1.312
0.26
6.668
2.812
0.972
2.264
0.42
0.38
1.148
1.392
6.936
1.752
0.496
0.888
10.916
3.732
2.444
0.784
10.54
1.628
7.064
3.988
1.676
1.404
7.992
2.992
0.36
0.876
2.08
2.096
0.364
11.052
5.084
0.784
2.92
1.744
0.704
1.696
0.888
3.128
2.444
2.46
0.296
1.82
1.952
4.812
1.1
5.252
0.716
0.732
0.976
3.924
0.208
3.58
0.884
10.028
2.812
3.368
0.956
0.94
0.592
5.796
1.112
0.416
0.588
1.484
0.444
0.932
0.084
2.508
1.464
4.132
3.824
3.12
2.784
0.592
1.84
10.792
4.452
1.088
0.372
0.18
1.588
0.74
1.376
0.516
1.336
0.448
6.58
0.712
0.372
1.556
6.848
0.108
1.008
0.356
1.312
1.924
1.168
1.672
0.836
0.48
2.776
2.88
1.536
2.12
0.688
2.476
3.708
0.256
2.1
0.268
0.604
0.972
3.436
10.212
0.384
3.36
0.588
4.836
0.58
8.436
1.124
1.512
2.152
3.72
2.268
0.868
0.152
0.32
2.452
0.544
1.128
6.108
0.768
0.476
5.232
4.108
0.736
3.064
1.604
1.132
0.228
0.208
8.02
5.928
4.192
0.248
5.512
1.224
0.116
0.368
1.52
1.464
0.368
0.628
0.612
1.392
7.204
5.864
1.356
1.788
0.284
3.984
1.36
0.12
3.88
1.272
8.788
2.552
6.376
5.244
3.524
6.948
3.824
1.344
2.764
0.872
0.844
3.52
4.604
0.132
1.744
0.236
0.352
0.096
2.856
6.296
7.3
0.396
0.132
9.304
1.604
3.332
4.412
7.44
0.872
0.54
0.544
0.728
1.468
0.904
1.912
5.796
1.444
2.016
0.24
0.992
2.048
3.968
2.028
1.364
3.244
7.544
0.656
0.896
0.248
0.132
0.812
6.516
4.44
2.664
1.936
9.748
0.472
1.568
1.46
0.948
0.464
1.352
3.32
4.844
0.836
1.148
1.872
2.56
6.364
1.496
0.288
2.44
1.992
1.288
0.192
0.964
2.792
0.1
0.516
6.6
4.708
1.892
1.104
3.752
0.236
4.86
0.452
0.864
1.536
0.996
1.064
3.024
2.896
1.48
0.42
0.464
0.248
7.52
2.204
2.932
4.912
7.876
4.076
3.596
0.976
2.436
1.544
4.776
2.4
0.912
2.892
1.096
0.864
4.248
0.78
0.288
2.356
1.584
1.884
0.36
8.864
3.408
2.58
0.852
4.06
0.192
7.964
2.72
0.388
0.252
2.484
0.968
0.124
1.248
0.976
1.832
3.056
0.344
6.3
0.084
2.46
0.636
0.248
6.624
2.736
1.012
0.176
4.692
0.4
0.676
4.248
4.428
2.324
3.76
8.38
6.368
2.124
3.184
3.616
7.364
4.168
5.188
0.472
1.344
1.988
7.14
6.876
0.376
0.744
0.528
0.344
2.892
5.488
0.116
5.088
3.368
0.376
1.924
3.612
0.26
0.104
0.932
1.752
2.144
4.116
1.976
0.072
1.984
3.104
1.888
1.732
1.72
1.736
0.956
1.648
1.572
1.924
6.252
0.888
2.72
3.516
0.94
0.088
0.216
7.468
5.772
0.372
2.904
10.752
0.8
0.244
4.176
5.452
2.116
4.652
6.692
0.18
0.08
1.956
0.56
0.268
4.408
0.424
0.176
1.092
1.084
4.04
0.936
0.584
7.24
1.372
1.972
0.42
1.796
1.268
1.288
3.328
4.652
1.212
1.196
0.928
1.3
1.988
9.972
2.784
0.164
2.78
0.584
1.888
1.348
0.604
1.436
1.496
1.16
0.98
2.264
3.172
0.748
0.284
0.224
1.076
0.848
9.064
0.356
1.116
1.248
10.912
2.216
1.088
2.564
0.66
2.7
1.2
2.08
2.044
7.212
2.084
3.316
1.22
0.264
0.464
6.572
1.56
0.136
2.344
1.548
6.212
1.792
1.6
3.584
2.592
1.272
1.256
4.408
2.196
3.804
1.504
2.036
3.808
1.904
1.684
0.264
2.02
9.132
9.276
3.42
0.788
10.464
3.868
1.044
0.364
1.32
2.104
1.876
0.668
0.568
7.528
0.988
0.452
4.408
0.192
0.312
0.94
5.296
0.864
0.104
0.752
2.312
7.504
1.436
2.316
1.544
0.28
3.432
0.24
3.068
0.808
0.132
2.212
0.292
0.4
0.332
2.28
0.412
1.272
7.604
0.144
6.496
0.332
5.78
3.992
3.284
3.284
3.948
8.748
1.82
0.664
5.212
10.48
6.548
1.076
4.336
0.8
7.252
2.728
0.756
0.664
2.308
0.992
10.764
3.184
0.284
2.096
3.076
0.168
0.884
2.944
1.024
1.44
0.164
0.484
6.836
3.552
0.224
0.332
0.192
5.088
0.596
2.744
3.276
1.588
5.348
4.764
0.636
0.144
0.224
0.4
1.252
4.12
0.388
2.144
0.956
0.436
0.628
2.452
1.136
7.12
0.268
0.896
1.608
2.22
2.12
1.996
0.52
0.568
0.376
2.3
1.772
0.856
2.888
0.952
2.848
1.976
0.396
3.236
1.212
2.968
3.524
3.076
6.164
3.0
0.372
2.528
0.208
1.112
2.82
8.668
1.54
0.6
1.852
1.34
1.928
2.348
0.908
5.3
0.756
0.42
1.696
0.384
1.28
1.8
0.636
0.672
3.336
7.392
2.504
1.476
0.36
0.468
0.48
3.38
0.5
1.484
0.128
0.972
0.748
7.212
0.528
1.84
2.196
4.352
0.996
1.808
2.78
2.748
3.68
0.92
6.072
2.112
0.396
2.024
1.512
0.892
0.96
0.516
2.324
1.124
1.32
2.128
1.828
4.236
2.672
3.592
0.392
1.348
4.496
0.448
9.264
9.1
3.092
0.928
6.548
2.136
0.756
0.36
0.508
3.216
3.748
2.004
3.344
4.104
0.78
3.476
0.72
6.044
0.268
2.752
1.688
10.76
1.584
1.36
0.312
0.916
1.468
3.744
0.82
2.132
0.428
5.536
1.68
0.872
4.308
0.684
10.252
3.22
1.88
10.972
6.804
0.876
1.216
0.392
8.568
3.748
3.192
3.46
0.376
1.636
2.236
2.38
5.952
5.644
2.64
0.44
0.296
0.144
2.1
3.66
0.416
0.856
1.844
0.192
3.344
1.492
4.24
0.632
1.6
0.624
0.284
0.296
1.34
0.152
3.012
3.328
5.472
0.712
0.668
1.304
3.104
0.272
0.364
2.232
8.6
0.576
0.968
0.876
0.644
4.664
1.412
1.716
3.868
0.104
3.292
1.108
1.724
0.308
3.976
8.04
3.732
5.136
3.812
4.628
0.08
1.596
0.136
2.78
0.78
0.184
0.316
3.756
3.5
2.104
0.196
0.152
1.308
2.688
2.096
4.836
10.688
3.488
2.5
0.776
0.412
2.964
1.756
6.308
0.2
0.28
2.332
0.64
3.24
3.208
1.356
2.644
2.9
2.628
1.812
0.092
1.044
3.152
0.236
2.424
0.28
1.104
1.656
2.956
0.364
1.6
1.94
0.852
0.796
1.048
3.34
3.42
6.668
6.824
0.44
2.624
6.772
0.524
0.42
0.704
0.156
0.336
1.328
6.308
1.816
1.624
0.932
0.756
2.252
2.192
4.08
7.544
0.336
2.328
0.936
4.556
1.908
0.432
9.328
1.948
1.304
0.6
0.08
4.968
1.288
0.652
0.7
10.756
1.16
2.972
1.728
2.752
6.188
1.508
0.276
4.584
0.216
4.192
0.188
4.584
1.328
0.388
1.536
3.112
0.996
5.808
5.772
2.292
1.024
0.788
2.5
1.932
0.12
0.532
2.94
1.816
4.232
1.056
2.052
1.152
0.52
6.228
3.864
0.588
1.22
9.3
0.932
2.592
0.356
1.832
0.96
0.328
3.896
1.816
6.792
2.444
1.136
0.116
0.188
1.728
1.92
2.644
1.464
8.252
1.628
0.76
1.82
3.76
1.42
2.684
0.58
4.596
0.48
1.5
0.112
2.264
1.444
0.74
4.472
1.18
4.276
0.688
1.292
0.88
1.356
3.812
0.108
7.056
1.504
8.928
1.228
4.924
9.128
7.048
0.652
3.204
7.504
1.984
3.928
2.9
1.132
5.156
8.284
0.08
7.484
1.308
1.06
4.832
3.784
1.296
2.492
1.856
0.632
6.052
1.38
1.808
0.976
3.112
5.608
1.0
0.156
2.224
1.228
3.86
2.944
2.736
10.916
1.26
2.884
0.472
1.328
1.32
2.832
1.72
0.184
0.356
2.08
0.528
2.992
4.82
1.636
3.172
1.536
2.132
0.112
0.288
1.304
1.368
5.32
4.236
8.116
0.356
1.74
1.552
4.716
1.896
2.62
0.348
3.096
1.204
2.408
2.256
10.828
5.492
0.548
5.14
1.112
3.796
4.924
4.732
0.332
0.452
6.932
0.22
2.428
0.272
7.352
1.784
4.392
1.148
2.104
0.26
6.648
2.084
0.084
0.144
0.944
6.444
2.684
0.428
1.912
1.328
1.872
1.316
0.616
3.86
2.204
0.1
1.332
4.496
1.896
0.12
6.316
9.024
0.36
0.892
0.256
3.508
0.772
1.212
1.684
8.116
0.664
2.26
1.292
1.716
1.456
4.936
1.368
2.64
2.632
0.956
0.588
8.964
1.012
1.456
1.052
2.084
2.532
0.46
0.932
0.312
0.496
3.38
0.616
0.724
0.74
1.56
1.304
0.46
2.08
3.84
0.432
0.284
2.164
0.792
0.204
1.812
0.164
3.968
0.988
0.088
0.68
0.444
0.612
1.36
2.124
1.12
5.16
4.572
1.156
1.46
0.58
6.632
2.164
2.02
2.18
0.712
0.552
2.908
1.164
0.6
0.676
0.092
2.624
0.164
1.036
8.332
1.704
8.808
0.92
1.668
0.68
0.728
1.384
0.66
0.896
5.82
0.24
2.204
0.248
1.108
3.768
2.116
1.772
4.42
1.112
1.156
0.476
1.46
7.736
3.476
3.064
1.228
1.508
0.772
0.472
8.628
1.24
7.596
3.692
2.22
7.3
0.176
0.564
1.26
4.696
0.804
1.744
0.748
0.88
3.78
0.872
3.56
0.932
0.472
1.356
0.66
2.152
4.908
0.372
0.908
3.716
0.672
3.704
3.524
0.144
3.492
1.132
0.64
0.904
6.292
0.176
0.604
1.456
0.304
0.088
4.996
6.668
0.972
5.904
0.232
0.288
0.94
1.38
1.56
2.508
5.812
0.58
1.148
0.34
0.332
6.716
7.232
7.332
6.916
5.052
1.072
2.236
1.168
2.3
0.164
0.608
0.476
10.66
1.72
3.908
1.844
0.08
2.116
4.492
4.452
1.612
3.384
0.36
1.392
4.368
1.768
0.788
0.364
4.656
1.996
1.284
1.852
0.592
0.9
5.396
0.604
0.936
0.2
1.38
2.224
9.84
10.896
10.792
1.18
2.04
11.008
1.228
0.28
0.332
1.072
1.924
1.244
0.472
1.876
0.764
2.236
2.912
3.448
1.076
6.204
2.436
0.1
1.748
4.528
7.836
1.284
1.548
0.228
0.68
0.296
0.748
0.416
0.252
0.744
3.52
0.392
1.268
0.832
0.62
0.796
0.552
1.516
1.164
3.636
0.74
1.388
0.172
1.168
2.896
0.532
1.668
0.58
0.592
2.62
2.884
0.1
0.4
1.868
6.012
5.92
0.6
1.292
0.112
0.408
4.548
0.764
1.22
2.444
0.348
2.844
0.656
1.156
0.24
5.588
1.896
2.456
1.576
0.2
0.244
6.888
1.736
0.412
1.904
3.012
0.896
0.708
4.072
1.944
0.58
0.192
0.184
5.052
3.356
0.2
1.224
0.72
0.672
0.204
0.12
3.168
1.308
3.9
7.876
2.188
3.412
1.6
0.28
3.08
0.476
2.924
3.556
0.132
0.096
3.288
2.344
0.752
4.444
10.48
3.584
0.7
0.848
1.412
0.62
2.284
2.7
4.424
0.436
10.808
1.988
1.208
0.928
6.948
4.492
0.248
6.62
5.504
3.52
1.22
1.964
4.884
0.528
1.052
2.448
9.1
0.716
2.608
2.88
0.112
0.132
3.608
0.992
0.768
1.656
1.928
0.572
0.264
4.24
0.092
1.2
0.276
0.216
3.308
4.928
3.64
1.716
1.196
1.084
2.136
0.464
4.496
0.72
2.804
0.368
3.92
0.232
3.268
3.536
8.952
1.412
1.884
0.088
0.82
0.38
0.64
1.456
5.132
0.464
5.112
5.46
0.552
1.176
1.652
1.148
0.396
0.26
4.068
1.476
1.656
4.004
1.216
1.408
0.84
4.7
7.992
7.4
8.668
2.116
0.852
1.516
0.632
8.556
0.724
2.728
0.832
0.74
1.496
1.684
1.784
0.528
1.34
6.684
3.008
5.572
0.208
0.476
2.396
2.908
0.692
1.408
6.32
0.644
3.74
2.82
6.624
2.508
10.996
0.668
5.784
2.672
4.54
0.852
1.028
0.396
7.032
4.536
0.344
0.32
0.744
6.696
5.728
0.256
1.292
1.768
0.22
0.592
0.808
0.796
6.112
0.428
3.78
4.712
1.164
4.224
0.548
0.776
1.208
1.684
7.532
4.076
0.584
1.82
5.82
0.168
0.768
0.268
2.676
2.472
0.132
0.508
0.94
2.944
2.628
2.08
0.3
2.136
0.672
3.54
4.604
1.108
0.072
0.552
0.364
0.46
3.204
0.712
0.084
0.136
4.592
0.208
1.548
1.292
0.62
0.656
0.808
2.968
0.976
4.892
1.544
0.64
2.116
0.64
3.824
3.488
4.132
1.948
1.744
5.88
1.068
5.672
0.44
4.964
0.868
1.212
1.728
0.168
2.808
0.26
0.384
8.48
6.14
5.144
0.78
1.136
0.116
1.036
1.264
1.728
4.764
0.524
1.016
4.216
0.752
0.944
0.076
0.636
5.536
10.268
6.032
1.272
6.708
0.924
4.684
1.46
3.58
2.088
1.848
1.788
6.844
4.144
2.104
7.888
3.728
0.436
0.32
1.288
1.324
0.716
1.268
4.024
1.1
3.848
3.184
3.984
0.672
0.144
0.156
2.384
2.416
0.468
0.712
0.184
0.8
0.916
0.584
5.672
0.332
2.592
6.576
0.62
0.568
0.148
5.728
2.544
0.316
0.248
9.796
0.856
1.24
0.272
0.512
1.104
0.936
3.8
0.484
0.348
1.548
0.696
1.184
1.068
2.388
2.888
0.156
1.532
0.552
5.064
2.588
0.524
0.936
0.904
5.94
2.112
1.224
2.244
2.348
1.328
7.168
0.172
3.512
3.484
5.128
1.556
3.148
2.528
0.976
2.84
4.552
4.336
1.268
0.212
3.256
1.872
0.152
4.856
1.184
0.5
1.3
2.532
0.972
1.944
3.308
1.244
6.4
0.168
4.568
2.572
1.144
2.628
6.252
0.464
0.256
0.628
3.188
0.38
0.756
3.884
1.652
2.676
3.608
2.856
1.664
2.54
0.124
0.708
2.228
9.208
0.996
3.564
2.928
8.112
9.308
2.116
1.864
0.436
4.56
1.224
0.388
0.876
0.784
2.008
0.228
0.944
0.688
0.44
1.56
0.596
1.196
0.58
0.56
5.236
0.568
0.196
5.64
0.324
1.292
0.148
0.7
0.244
0.932
3.624
6.196
0.132
2.156
0.328
1.676
2.74
0.248
0.3
2.66
5.02
0.252
2.88
1.804
0.9
5.84
1.464
0.1
4.428
8.972
2.052
8.72
10.856
0.364
8.16
0.096
4.828
0.34
0.148
0.2
0.904
2.088
1.752
0.384
1.564
1.628
1.192
5.384
0.16
0.284
1.044
7.976
0.184
0.72
0.632
0.564
0.688
2.408
0.608
0.224
1.592
2.308
0.228
3.92
1.84
1.508
3.092
1.98
5.112
0.64
0.28
2.736
2.708
1.256
0.668
4.164
1.864
0.7
1.268
4.752
0.428
6.816
0.736
4.452
2.852
0.112
0.16
0.432
2.86
0.668
0.372
10.708
0.376
4.648
1.24
0.696
2.504
0.376
2.428
1.236
0.724
0.644
1.364
0.828
0.364
5.112
1.552
3.028
0.8
0.344
1.464
0.204
1.808
1.324
2.004
3.384
1.372
1.0
0.256
3.828
0.92
0.68
1.576
1.236
0.404
5.292
0.672
5.908
0.944
4.12
3.708
1.752
1.928
2.124
1.16
1.76
6.072
0.876
1.564
4.672
8.352
0.084
5.06
3.348
0.668
0.392
0.476
0.552
0.252
2.504
0.096
8.56
0.612
0.584
3.504
0.676
0.368
5.928
2.776
4.48
1.516
1.848
0.604
0.664
3.532
1.656
0.772
0.196
0.156
2.852
5.036
6.94
9.5
0.852
1.656
3.444
3.128
0.74
0.14
2.612
6.98
3.568
0.14
3.524
7.968
0.12
0.228
1.188
5.852
2.5
0.216
3.912
1.796
0.116
0.316
4.624
1.808
4.292
2.444
6.528
3.012
0.772
0.46
3.596
2.184
0.256
0.292
2.764
4.268
1.904
2.456
4.048
0.212
2.244
0.836
3.748
0.352
2.468
0.2
7.332
0.38
4.912
0.52
2.092
0.74
3.088
0.4
0.26
2.22
0.724
1.044
2.12
0.512
1.268
2.124
5.328
0.628
1.052
0.276
6.148
3.28
2.06
1.584
1.436
5.884
0.532
0.476
1.144
0.152
3.804
0.504
0.66
7.176
0.196
1.788
0.996
10.896
0.08
1.268
5.604
0.468
0.428
2.924
0.78
4.648
1.224
0.928
0.076
0.876
2.024
0.768
1.188
2.708
1.56
2.652
1.796
8.18
2.604
1.14
0.264
4.144
1.436
1.048
2.248
0.196
0.912
1.14
1.256
0.928
0.232
2.852
1.744
2.416
8.272
0.688
1.124
0.524
1.664
1.268
1.016
0.504
0.696
4.7
6.372
0.8
3.104
0.244
2.184
2.368
8.488
0.292
0.336
0.52
1.136
2.268
3.088
7.22
4.976
0.792
0.264
0.908
2.932
1.528
2.94
2.132
1.624
0.276
2.656
2.624
2.504
0.676
9.772
1.06
3.372
4.76
1.312
7.336
0.672
1.344
0.176
2.888
2.004
4.564
0.188
0.744
0.668
2.052
0.336
5.204
0.696
4.984
4.136
1.212
0.208
1.092
0.912
0.628
2.412
1.912
3.472
0.6
11.04
1.676
0.108
0.636
0.296
1.468
0.868
0.452
7.256
0.816
8.676
0.996
0.14
2.516
0.24
1.044
1.968
0.888
0.48
1.352
0.3
1.08
2.96
0.576
1.544
0.816
0.264
1.068
2.856
6.068
4.74
1.756
0.2
2.688
0.576
2.508
0.296
0.252
0.48
6.772
0.384
6.828
9.348
1.436
1.484
0.072
9.784
0.644
4.316
1.416
2.248
1.056
1.76
0.88
0.256
0.7
0.396
2.888
0.284
1.192
0.116
1.04
0.352
4.648
0.296
2.176
1.24
2.792
2.232
2.488
5.096
0.632
4.636
0.348
1.692
3.62
0.672
5.664
0.232
0.168
2.932
1.352
5.408
1.116
5.204
5.776
6.244
0.648
0.832
5.356
7.48
0.132
1.072
0.332
0.076
3.14
0.168
4.78
4.824
10.504
2.94
4.112
3.168
2.512
0.916
3.384
0.816
5.78
1.912
1.372
1.164
0.676
0.744
6.076
2.984
0.356
2.5
0.828
1.372
2.268
1.788
0.088
0.22
0.24
1.98
2.004
0.412
0.528
8.372
4.108
2.116
0.308
6.468
0.516
0.34
0.396
4.22
3.748
10.336
4.304
1.852
10.34
0.612
5.112
1.216
2.784
0.552
6.548
1.576
1.896
3.156
5.32
2.836
0.868
1.724
1.56
1.648
0.416
3.04
8.356
1.4
0.68
1.868
1.556
3.7
1.068
0.26
5.736
1.68
0.3
1.724
0.788
5.64
0.172
7.612
3.292
1.132
0.268
4.764
1.376
10.292
1.548
7.62
1.548
7.44
2.052
4.412
1.42
1.46
1.072
2.376
0.112
0.56
0.488
6.264
3.548
0.908
0.62
0.652
0.292
1.536
0.224
3.212
0.992
1.048
4.4
0.268
0.328
0.312
0.728
1.136
5.36
1.964
1.784
3.208
2.368
3.424
4.616
0.216
2.224
0.08
2.744
0.528
3.316
2.276
7.148
1.028
3.04
1.068
0.384
0.224
4.44
4.536
0.616
0.608
3.94
0.38
0.5
2.808
6.828
6.704
7.616
0.3
3.448
0.668
0.66
0.124
0.788
3.204
1.644
3.572
1.752
1.06
2.284
2.132
7.552
1.904
3.692
3.624
0.152
3.212
1.912
1.928
0.508
1.024
1.636
3.472
3.112
0.428
2.632
2.996
0.716
5.34
8.34
0.192
1.048
0.408
1.788
2.036
4.796
1.74
1.312
0.808
1.992
0.476
2.124
1.16
0.18
0.236
2.54
0.5
7.18
1.364
2.384
1.4
4.244
1.888
4.264
0.3
1.688
0.34
0.584
2.74
1.98
0.156
0.116
4.188
1.644
4.28
2.928
2.684
0.488
1.3
0.828
2.304
1.568
0.536
1.24
5.536
1.16
0.136
7.008
1.824
2.388
1.968
1.664
1.956
3.62
9.292
4.08
2.872
3.144
2.628
0.128
1.324
3.576
0.092
0.456
4.784
0.7
10.668
2.184
1.596
4.924
2.54
1.128
2.504
0.664
4.344
5.024
7.956
0.744
4.308
5.98
1.148
0.98
1.692
1.42
1.096
7.176
0.352
0.948
0.692
4.38
5.064
1.084
1.88
0.604
7.28
0.252
0.516
8.908
1.648
3.42
4.764
0.516
0.236
1.528
1.416
0.576
3.356
1.432
0.248
3.144
2.616
3.832
0.348
1.676
2.048
1.88
2.992
4.692
0.868
0.22
0.468
0.42
0.644
0.396
5.036
0.272
8.38
2.564
8.176
1.444
7.54
4.04
5.82
0.584
2.384
2.404
3.728
2.176
2.068
2.868
3.26
1.956
6.58
0.66
0.656
1.44
2.236
1.192
1.1
4.268
1.664
5.244
0.668
3.452
0.54
7.82
1.36
0.732
7.764
0.992
0.644
7.436
2.088
0.532
2.356
1.98
5.872
0.156
2.408
6.548
1.288
3.076
0.108
0.088
0.204
2.1
2.384
1.076
3.676
0.152
0.204
1.344
0.92
2.7
2.304
1.156
0.656
2.052
0.412
0.408
2.596
1.036
2.508
2.068
5.404
0.296
0.996
1.64
0.84
1.9
1.176
0.404
1.192
0.492
0.108
6.656
5.992
0.616
2.48
2.3
0.3
10.552
0.272
2.94
1.848
1.952
4.66
0.84
1.936
4.92
2.504
0.176
3.592
1.968
3.092
0.156
4.044
3.22
0.916
3.416
0.532
2.48
0.244
0.18
2.156
1.956
1.012
0.316
4.716
1.476
0.076
1.828
3.128
0.876
3.256
0.584
0.216
0.304
0.208
4.432
0.136
2.1
1.424
8.96
2.556
0.8
1.652
0.22
8.704
0.268
5.16
0.888
3.832
1.72
0.104
1.588
0.892
0.816
1.156
0.244
2.712
1.076
5.852
0.408
1.816
0.564
0.692
1.84
0.732
0.256
0.168
1.82
2.5
0.384
1.904
7.908
0.7
0.752
0.512
0.872
0.244
5.136
2.156
2.388
6.036
0.78
1.688
1.444
7.764
0.704
1.964
1.456
0.976
1.668
1.516
2.52
0.728
2.428
7.376
2.464
0.944
1.064
0.668
1.94
1.324
1.512
1.412
0.672
1.308
1.712
10.316
4.876
4.084
1.76
1.536
0.32
6.072
1.356
9.708
3.088
10.288
3.46
2.516
0.096
0.868
1.996
0.092
2.336
0.472
7.128
0.856
1.612
1.424
4.252
1.112
0.144
5.856
1.484
5.98
0.088
5.3
0.38
0.324
1.124
2.864
9.172
1.292
2.372
2.048
0.732
1.948
3.964
0.132
2.176
0.232
3.224
0.992
0.568
1.416
2.628
7.088
3.34
