0.884
1.796
0.32
0.536
4.328
6.252
0.392
3.536
8.724
0.116
1.912
0.34
0.092
2.544
0.124
0.24
0.132
1.024
7.556
0.208
0.252
0.156
0.584
0.4
6.752
1.568
0.432
1.392
1.084
0.404
1.144
2.116
1.008
2.092
0.14
0.42
2.436
1.424
1.548
6.052
8.372
1.02
0.148
0.14
0.64
0.148
0.1
0.692
1.056
1.364
0.876
2.44
0.092
0.176
3.56
0.724
1.496
3.98
1.82
1.24
0.208
0.1
4.784
0.932
3.084
0.764
0.148
2.14
1.2
5.716
2.672
4.832
4.884
0.372
0.132
0.432
4.288
0.812
0.152
0.996
1.884
0.124
0.172
0.092
2.128
0.124
2.116
0.82
0.94
3.508
0.808
2.384
0.488
0.1
3.312
5.292
1.784
0.444
0.176
0.152
6.132
0.604
4.768
0.14
1.22
0.364
0.684
0.904
4.572
0.884
0.104
1.176
0.916
0.128
0.612
0.14
1.308
2.24
0.904
0.248
10.06
0.128
0.104
2.036
0.104
3.34
0.272
0.348
1.1
0.128
7.86
3.924
5.088
1.168
3.316
0.124
0.156
0.648
4.388
3.024
1.432
0.176
1.568
2.476
0.116
2.344
1.764
3.384
0.112
4.996
0.084
0.16
2.208
1.044
1.1
0.176
1.472
1.032
1.756
0.168
4.692
1.104
0.272
0.688
3.052
6.16
1.656
0.236
0.128
2.14
3.608
0.164
5.464
0.164
1.156
0.852
2.0
2.248
0.332
0.516
0.54
0.1
2.008
0.1
5.256
0.52
0.156
0.54
1.94
0.444
6.556
0.464
0.1
1.828
1.804
0.224
4.584
3.668
0.128
2.792
1.396
2.708
0.148
0.364
0.096
0.128
0.108
1.652
3.084
7.748
0.22
0.94
0.324
1.36
1.168
1.228
0.132
1.448
8.64
1.928
0.104
0.14
4.82
5.632
4.968
0.676
8.42
1.44
2.384
0.144
0.112
0.148
0.508
0.128
0.228
2.82
1.404
0.688
0.12
4.456
0.1
10.752
1.008
7.028
0.22
0.38
0.124
0.764
0.384
3.136
0.632
0.824
0.14
0.124
0.392
5.648
0.144
3.68
1.82
0.744
3.088
0.16
0.856
0.14
0.152
2.74
0.66
0.3
0.152
0.192
9.708
0.16
2.7
8.492
0.116
2.588
3.768
0.9
5.0
1.912
0.628
3.664
0.136
1.148
0.112
0.94
0.1
6.08
0.38
4.744
0.124
3.024
5.932
0.76
2.084
0.208
0.1
3.764
0.136
0.108
0.308
0.096
1.052
0.352
0.16
0.096
2.856
1.108
1.392
2.644
1.208
2.192
0.26
2.544
0.984
0.292
0.204
0.128
3.192
2.956
0.148
4.244
0.732
0.148
0.744
3.096
0.54
4.476
0.852
1.184
0.584
1.628
4.496
0.364
0.292
1.404
0.164
0.42
0.172
1.404
0.548
1.632
0.252
5.324
3.784
0.172
2.68
0.352
0.212
0.188
1.164
5.916
1.424
0.152
5.868
2.26
4.34
0.1
6.0
2.356
2.204
1.452
0.16
0.532
0.76
0.156
1.544
0.404
2.852
0.208
0.144
0.768
0.556
1.628
0.176
0.26
0.14
0.38
4.52
0.58
0.116
0.128
3.944
3.572
0.104
0.816
0.1
2.596
0.18
0.152
3.752
0.096
1.164
0.112
2.148
0.116
0.26
0.124
5.376
5.6
0.208
7.54
0.28
4.264
0.12
0.132
0.876
0.232
0.184
1.732
7.364
2.52
2.796
0.148
2.992
2.148
2.876
0.832
1.516
2.044
0.912
0.152
0.7
0.352
0.736
4.784
9.596
3.068
9.488
2.504
0.184
0.28
0.676
0.736
2.912
0.184
3.672
0.16
0.196
0.148
0.148
2.288
5.4
0.48
0.128
1.684
1.336
4.888
5.104
0.176
1.932
0.184
0.148
3.252
0.72
2.76
1.296
0.152
4.128
1.512
1.22
0.26
3.004
0.192
0.184
2.324
1.764
0.584
1.34
3.3
0.456
0.816
2.54
2.004
0.128
9.44
0.708
5.924
1.804
1.98
1.692
0.52
0.524
0.124
0.152
1.528
3.704
1.676
0.78
0.904
0.576
0.864
7.048
8.212
2.14
1.468
0.144
0.812
0.156
1.76
2.456
0.82
0.128
2.308
1.38
1.448
8.832
0.828
9.56
0.156
1.192
3.192
0.144
1.632
0.124
0.308
0.1
10.88
2.532
3.56
4.352
0.132
1.492
0.204
6.84
0.94
2.184
1.792
0.536
0.296
3.612
0.208
6.18
0.304
0.532
1.724
4.264
2.064
0.108
0.116
0.272
0.872
0.356
0.2
1.888
7.864
1.84
6.828
1.104
0.276
0.104
0.56
0.18
0.096
0.148
5.844
0.1
0.12
1.684
0.18
1.048
1.124
2.892
3.628
6.988
3.68
0.82
1.316
0.912
1.04
0.144
8.528
0.724
0.596
0.148
0.64
0.24
1.968
0.22
0.1
4.18
1.076
0.128
0.204
0.2
1.372
0.1
6.172
0.136
1.764
2.136
0.868
8.308
0.66
2.268
0.14
0.156
4.452
1.424
0.664
1.848
1.856
0.148
1.588
0.612
0.78
0.52
4.836
1.208
1.836
10.188
2.904
0.192
0.532
0.092
0.716
4.672
1.66
1.432
0.152
6.116
0.448
4.304
0.948
6.052
0.1
0.096
2.864
4.608
0.368
0.968
2.82
1.964
0.156
0.24
0.624
2.704
0.156
0.092
0.944
3.224
0.144
0.792
2.244
1.764
3.828
2.224
1.62
0.188
0.6
2.612
0.36
0.24
2.124
0.144
2.852
0.148
3.052
2.752
0.888
6.136
4.976
3.632
3.644
0.104
2.144
2.488
0.132
0.18
0.728
4.852
1.888
1.756
1.492
0.612
0.124
1.16
2.256
2.272
2.036
0.528
0.12
0.176
7.16
2.444
0.144
0.62
1.748
0.644
2.38
1.644
1.064
0.12
0.216
0.1
0.904
3.6
1.284
0.556
0.176
0.412
2.656
0.804
0.476
0.788
0.248
1.612
3.868
0.748
3.372
0.104
4.744
1.648
0.344
2.844
4.412
2.488
0.108
0.152
0.12
0.184
5.456
1.44
9.448
0.156
1.42
2.484
0.336
2.232
1.396
1.968
5.848
1.316
0.156
0.14
0.148
0.888
0.152
1.496
0.144
0.844
1.304
1.688
0.512
1.192
1.608
0.156
2.876
0.572
0.368
0.156
0.98
1.344
6.864
2.708
1.632
0.964
3.32
0.112
2.588
0.812
3.62
0.196
0.224
5.192
0.632
0.828
0.308
0.512
0.804
0.476
4.58
3.616
0.14
1.36
0.424
0.328
0.12
0.144
8.42
3.8
1.448
0.888
0.136
0.408
2.552
0.152
0.692
0.912
3.248
7.068
0.096
0.096
0.104
0.6
0.136
0.392
3.168
0.44
1.928
1.08
4.636
4.136
0.18
1.308
9.328
0.432
2.892
0.236
2.592
1.408
0.308
0.1
0.22
6.536
2.652
0.116
1.012
0.132
10.828
0.116
0.148
0.368
2.72
8.412
0.18
7.1
6.996
0.404
5.548
1.028
6.504
1.032
0.104
0.44
2.86
0.884
1.196
10.348
7.124
0.32
0.436
0.12
0.436
3.552
1.172
1.104
1.44
0.184
0.096
2.868
4.536
0.144
0.32
2.2
0.128
1.5
0.304
0.108
2.736
1.392
0.148
0.544
0.412
1.84
0.14
3.24
3.068
0.4
2.804
0.792
0.256
1.62
0.096
2.244
0.5
0.3
9.432
0.148
0.936
1.172
2.552
0.396
0.46
4.16
0.36
1.548
2.312
6.876
9.328
0.624
1.544
1.924
2.484
0.16
0.148
3.1
1.688
1.084
2.464
3.1
1.688
0.212
3.14
0.552
0.152
2.48
0.148
0.136
4.204
0.128
1.256
0.092
1.816
0.28
8.68
2.472
0.852
1.204
0.204
2.804
0.368
1.536
0.836
6.32
0.624
0.392
0.092
0.148
2.58
0.1
0.508
5.684
9.232
0.516
2.66
0.128
1.152
0.844
0.1
1.488
1.108
0.124
0.124
3.496
1.356
0.092
0.788
0.496
0.24
0.4
0.756
4.056
0.724
5.4
0.508
1.308
0.62
0.552
1.36
0.948
5.84
1.692
0.144
4.212
0.144
2.964
0.604
0.136
0.164
2.024
1.928
1.2
3.476
2.724
5.128
0.096
5.664
8.816
1.1
3.328
0.912
0.244
1.588
0.1
0.16
0.944
0.428
0.188
0.132
0.244
1.24
0.124
1.188
3.984
0.176
3.36
0.156
0.332
0.12
2.212
4.484
0.096
2.092
0.532
1.716
1.376
0.296
0.784
0.916
1.28
4.0
0.72
0.828
0.34
0.324
0.672
3.256
0.48
1.932
0.68
0.584
3.676
4.88
1.16
2.408
0.732
0.156
1.984
0.144
2.22
0.372
3.096
7.232
3.608
1.904
1.82
1.244
2.568
0.412
3.488
0.588
7.672
0.204
0.468
0.096
1.188
1.184
1.096
0.128
0.708
0.796
1.224
4.104
2.976
0.132
8.312
0.18
4.972
0.6
0.152
0.144
1.304
0.14
0.6
2.732
1.48
0.348
0.156
0.116
0.156
0.22
0.352
1.116
2.14
9.296
1.572
1.232
0.18
1.964
1.344
3.872
0.848
0.364
0.12
0.348
1.824
1.616
0.264
0.096
0.184
0.66
6.372
0.912
1.308
0.688
0.132
8.212
8.308
0.216
1.612
6.452
4.68
1.684
0.296
2.196
2.384
1.104
6.4
0.732
7.688
0.112
0.324
0.1
3.404
0.388
0.096
2.472
0.464
0.152
0.164
1.668
0.584
0.16
2.1
2.712
1.612
0.78
2.896
0.128
1.052
0.188
5.832
0.156
0.164
2.8
0.124
0.212
0.844
1.828
0.368
0.252
0.588
0.676
1.32
1.056
0.66
7.844
1.48
10.68
2.352
0.16
8.624
2.432
4.516
0.4
2.056
0.096
0.2
1.104
2.26
7.052
2.708
0.104
5.184
1.788
0.204
3.056
2.332
0.96
3.236
2.62
1.196
1.576
2.38
3.224
6.252
4.672
0.284
0.172
8.512
3.148
0.14
3.076
8.056
0.18
0.152
7.92
0.132
0.936
4.516
0.148
0.148
0.692
0.42
0.62
1.0
0.156
3.436
2.564
2.92
0.988
0.292
5.492
0.128
0.152
2.18
1.472
0.156
0.172
8.76
3.044
0.476
1.548
1.08
0.3
0.152
0.12
0.096
1.288
0.216
0.208
0.348
1.832
0.924
0.092
0.192
0.324
2.04
1.092
0.392
1.376
0.324
9.4
1.78
0.104
10.584
3.388
7.28
0.976
2.032
0.108
0.296
0.092
0.1
1.232
1.624
1.04
10.696
1.012
0.204
2.308
0.74
0.152
0.724
0.356
0.128
0.3
0.328
4.104
7.072
0.116
2.192
3.34
0.324
4.008
0.1
0.12
4.132
0.272
0.12
0.116
0.128
0.52
1.488
2.32
1.456
0.344
1.636
1.068
0.476
0.264
0.992
2.008
2.32
0.16
1.568
2.156
0.644
2.888
9.088
0.356
0.264
0.328
1.664
0.968
2.164
4.68
0.296
2.388
0.404
0.564
0.196
2.988
0.116
7.432
1.02
3.28
0.5
8.48
3.052
1.2
0.776
0.128
0.164
0.104
9.508
2.14
1.516
2.348
1.412
0.932
0.152
2.176
0.152
1.968
0.708
0.152
0.288
2.42
0.108
0.188
1.6
0.228
0.26
4.544
0.544
1.956
1.276
8.232
0.14
0.28
0.152
0.116
4.888
0.524
0.94
0.132
0.776
2.864
0.152
2.9
0.088
3.42
1.208
2.188
0.108
0.216
0.836
0.912
2.264
1.02
0.184
0.804
0.824
1.944
0.592
1.252
2.724
1.92
0.656
0.112
0.176
2.048
0.272
5.344
0.4
1.444
0.76
2.736
0.2
2.356
1.592
0.1
0.292
0.164
6.812
3.46
0.14
1.456
0.104
3.492
0.148
0.412
1.224
4.716
4.844
0.956
2.84
2.336
1.928
0.276
7.708
0.748
1.948
0.1
0.828
0.1
7.944
10.82
0.1
0.396
1.492
0.916
0.844
1.764
1.416
3.388
0.528
0.1
3.692
3.412
1.7
1.12
0.148
0.392
1.66
1.94
0.384
1.82
1.512
0.78
1.168
5.44
0.152
2.472
0.808
0.356
5.992
5.604
0.668
1.516
1.796
0.148
3.5
0.18
0.236
3.244
0.74
2.284
4.012
1.144
0.896
0.152
0.152
0.124
0.16
3.7
3.052
1.992
1.14
10.156
0.74
0.816
1.36
3.952
1.836
0.168
0.632
2.668
1.648
2.08
1.796
0.556
4.436
3.636
0.124
4.816
0.124
5.148
0.18
0.492
0.1
1.052
3.388
0.348
0.5
0.664
4.976
9.892
3.76
1.828
5.696
3.616
2.224
1.276
1.416
0.12
0.116
0.104
1.232
0.12
0.204
3.976
3.596
1.26
1.764
0.94
1.016
1.516
0.38
1.848
0.964
1.228
1.548
0.44
6.396
0.112
0.288
2.336
8.944
0.128
0.62
0.98
0.248
2.08
5.332
0.148
0.808
2.108
0.252
0.1
0.1
1.352
4.728
0.092
0.416
2.804
1.932
0.404
0.152
2.156
0.2
3.304
2.732
0.16
9.432
3.876
4.672
0.376
1.456
0.136
2.516
3.684
0.132
0.556
1.228
1.052
0.1
3.712
0.16
0.132
0.852
4.416
0.208
2.196
2.348
0.288
0.208
0.212
5.268
0.652
0.432
0.332
0.376
0.176
0.184
3.256
1.448
0.804
2.14
1.592
0.14
0.104
1.312
4.02
0.24
3.612
4.688
2.408
0.884
0.136
1.432
2.14
0.772
0.792
1.604
0.152
4.028
0.148
1.9
3.064
3.744
0.476
0.104
0.388
0.176
0.668
2.448
2.376
1.072
1.348
2.98
0.78
3.86
0.42
1.876
4.824
0.128
2.376
0.34
0.92
4.384
0.228
0.168
1.628
0.624
0.832
0.1
6.276
0.524
3.348
0.124
6.536
0.828
0.396
0.164
1.168
0.316
0.324
10.764
6.248
1.552
1.112
4.172
1.104
0.156
2.332
3.096
2.136
0.368
4.18
0.696
0.288
1.96
3.36
2.604
2.912
0.504
0.252
1.016
0.864
0.292
1.136
1.704
0.112
3.376
0.148
0.82
1.444
6.78
1.576
3.74
0.832
3.6
0.32
0.26
4.648
0.216
3.716
6.068
0.104
0.112
0.72
0.308
2.696
3.028
1.728
1.6
0.66
2.324
3.476
2.188
2.512
0.148
0.5
1.88
1.432
1.268
0.62
1.296
0.296
0.132
4.712
0.924
0.248
0.252
0.136
0.38
1.876
0.816
1.116
3.72
0.628
0.98
1.236
1.008
0.104
0.116
0.148
0.756
2.668
1.156
2.052
0.472
0.144
0.1
0.66
2.992
9.68
0.096
4.808
6.692
0.276
0.196
1.568
4.264
0.456
0.152
3.496
0.1
0.636
1.144
1.04
0.248
1.468
1.588
0.136
8.476
8.056
0.384
0.096
1.252
0.848
0.1
0.1
2.744
0.16
5.532
1.048
1.784
0.096
2.896
1.912
0.096
1.816
6.164
0.156
1.356
3.084
0.204
4.3
0.1
0.144
0.356
1.184
0.16
0.232
8.4
2.812
1.108
5.356
2.336
1.272
1.596
0.1
1.568
1.976
2.896
3.944
6.876
0.484
0.848
0.14
0.244
1.996
0.204
1.432
1.404
2.068
2.416
0.328
0.152
0.384
0.22
3.3
0.632
6.604
0.424
0.208
0.272
1.996
0.832
0.152
1.428
0.096
1.496
0.644
2.048
8.024
3.508
1.48
0.144
1.616
0.128
5.44
1.96
0.184
4.232
10.88
3.52
1.244
6.464
0.288
2.012
7.092
5.084
2.776
0.252
0.148
1.056
2.06
8.78
1.052
0.772
0.224
0.16
1.312
4.604
2.052
0.184
2.068
0.1
1.256
8.052
1.872
4.592
1.216
0.14
1.792
2.452
1.36
1.88
7.516
0.268
0.208
0.332
4.62
1.096
0.172
2.828
6.604
0.608
0.608
0.208
0.544
0.16
3.772
2.384
0.464
2.896
2.968
0.152
2.444
0.872
0.152
0.148
0.68
0.144
0.652
0.792
0.152
0.504
2.4
5.412
0.648
1.188
8.8
0.692
0.112
0.156
7.276
3.788
2.072
0.164
0.728
0.156
5.828
0.772
6.976
1.7
10.396
1.08
0.156
0.148
3.424
0.904
1.592
0.496
1.692
1.1
0.332
2.62
2.448
0.176
0.66
2.916
0.112
1.604
1.308
0.096
0.96
0.684
0.296
4.008
3.456
0.18
0.12
0.1
0.148
0.1
0.148
5.688
8.748
1.388
0.7
1.988
0.1
3.04
0.636
0.18
0.248
1.252
0.152
0.152
1.092
0.14
0.152
0.104
1.096
1.268
0.528
0.144
2.148
1.244
1.456
0.836
0.1
2.992
0.216
0.368
0.344
1.896
2.62
0.128
0.212
1.048
1.544
0.756
0.732
5.9
1.988
0.204
1.544
5.936
0.096
2.332
3.98
0.268
0.124
0.176
1.824
0.328
5.472
1.284
0.828
6.812
0.5
6.284
0.916
0.212
0.524
7.532
0.1
3.8
1.748
0.172
0.244
1.972
1.504
1.692
1.18
2.672
0.452
0.624
9.196
1.508
1.86
6.4
1.708
0.14
0.86
1.912
0.216
0.096
2.372
0.36
2.696
1.364
2.864
1.0
1.7
0.104
0.172
2.832
0.48
5.148
4.108
0.972
0.132
6.304
0.1
1.188
0.148
2.672
0.436
6.368
0.384
4.46
0.14
0.18
0.204
6.444
2.108
0.548
6.072
0.156
1.636
4.352
2.564
0.952
2.432
0.092
2.964
0.7
1.884
1.716
0.976
0.24
0.136
0.1
0.116
0.444
0.864
0.132
3.668
2.836
0.552
0.872
0.392
0.116
0.568
2.464
0.156
0.164
0.452
1.868
0.096
0.72
2.952
0.628
2.26
0.312
0.176
4.304
0.156
2.352
1.748
1.836
7.236
1.852
5.572
1.976
3.176
0.46
0.096
0.192
2.968
0.228
2.32
0.456
0.14
3.592
0.492
3.768
0.156
0.924
2.316
2.056
0.088
5.856
1.328
1.12
3.64
1.432
0.1
3.156
2.592
0.82
3.976
1.768
0.16
1.796
4.652
4.048
4.08
3.444
0.232
0.616
0.488
0.552
0.532
0.116
0.1
0.316
0.128
0.096
5.296
0.176
2.18
2.02
0.348
2.456
1.504
0.152
0.644
0.844
3.768
0.192
0.124
0.128
0.388
0.232
0.172
1.92
0.112
0.516
0.092
2.424
0.292
1.752
0.416
1.468
7.856
0.2
6.476
0.144
1.952
0.46
0.24
2.824
2.272
0.12
0.1
9.336
0.144
4.176
6.368
0.36
0.24
3.256
0.756
0.208
3.796
0.096
0.12
1.288
9.116
2.62
1.072
0.124
5.032
0.272
0.148
1.248
0.208
0.296
1.2
0.148
4.256
2.948
0.744
1.292
0.64
0.24
0.14
2.404
2.644
5.732
3.08
8.1
0.26
2.564
0.152
3.084
0.14
2.052
0.924
1.732
0.944
0.492
0.148
0.108
4.472
2.636
0.496
0.576
1.588
0.232
0.136
2.5
0.116
1.444
1.776
0.148
0.308
0.756
0.148
5.26
0.132
0.14
0.3
0.684
6.628
3.316
0.144
1.996
0.172
0.1
1.256
0.16
0.652
0.116
0.376
0.72
3.52
0.26
6.312
0.716
0.168
0.112
0.348
0.892
0.156
2.256
0.692
0.14
0.092
0.212
0.1
1.404
10.516
0.176
0.844
0.144
0.152
1.596
2.2
0.096
1.172
3.436
0.184
1.028
0.1
0.964
0.332
2.6
10.492
0.664
0.38
1.308
1.528
0.3
0.404
7.78
0.804
0.84
0.22
0.104
1.592
0.24
5.948
0.208
1.088
0.516
6.572
2.452
3.516
0.132
0.132
1.044
0.136
5.916
6.624
1.888
3.128
1.484
0.716
1.032
0.624
3.648
0.648
1.048
1.596
0.148
1.732
2.448
0.148
0.152
0.204
2.476
0.132
2.384
2.86
0.128
2.276
0.836
3.08
1.78
1.272
0.148
2.68
0.156
0.124
1.516
1.072
3.692
3.312
0.196
1.576
0.148
0.12
1.668
2.024
0.304
4.384
3.096
0.404
2.348
0.144
6.972
0.448
2.92
7.412
0.556
0.3
0.164
1.068
0.124
1.096
0.44
0.38
3.524
8.1
0.436
0.204
0.168
1.32
5.456
4.848
2.044
0.936
0.12
5.84
6.8
0.104
0.096
5.1
2.816
1.256
1.24
0.376
3.096
2.424
0.128
0.16
0.42
0.236
0.572
0.156
0.568
1.652
0.916
1.204
7.78
0.116
1.508
0.356
0.8
3.328
2.828
1.508
0.128
0.128
0.1
1.136
1.508
0.624
0.152
3.384
1.38
1.508
1.716
0.216
5.492
0.62
0.248
5.108
0.8
0.508
0.768
3.6
3.048
2.648
0.152
0.156
0.128
0.256
0.364
1.22
0.156
0.144
5.644
1.204
0.536
2.024
0.124
0.412
1.992
0.764
0.2
3.696
0.364
2.204
0.096
0.128
0.62
8.28
0.444
1.372
0.824
1.648
0.488
0.128
0.244
2.572
0.168
0.1
0.864
0.644
1.48
0.1
0.372
0.24
3.44
0.096
0.148
3.032
7.908
2.08
3.42
0.256
0.18
0.568
1.044
0.16
0.128
1.552
0.94
0.756
0.812
6.44
0.156
0.372
1.128
0.972
2.416
1.88
3.876
0.552
0.136
0.208
1.672
0.096
3.508
3.42
0.42
0.092
0.836
2.492
6.0
8.24
0.32
1.848
1.572
4.812
0.128
3.096
0.152
0.436
4.32
0.74
3.176
0.84
1.772
0.236
6.644
2.776
0.332
6.464
0.404
3.028
1.324
0.288
0.148
0.1
0.256
1.008
0.348
0.368
3.152
0.124
0.188
0.208
1.868
2.16
0.44
1.34
3.644
0.656
0.092
0.268
4.072
0.552
0.208
0.656
1.696
0.836
0.404
0.144
0.512
0.208
0.264
0.328
0.44
6.98
0.12
4.936
0.16
0.1
0.152
0.104
1.728
0.132
1.936
2.372
0.156
0.156
1.484
0.144
0.14
0.476
0.12
0.34
1.356
2.836
1.428
0.092
0.12
0.296
2.704
2.088
1.02
1.836
3.488
0.1
8.356
3.376
1.708
0.16
2.52
1.28
2.284
0.56
5.208
2.876
0.1
0.62
2.116
0.66
2.552
0.316
0.096
0.104
1.948
0.148
2.696
3.812
1.492
0.108
0.28
0.304
0.124
3.0
1.752
1.58
0.156
3.74
0.824
0.14
1.308
1.216
0.136
0.152
1.84
0.488
1.004
3.076
1.724
4.728
0.324
1.104
2.628
0.412
0.124
1.44
0.156
0.58
1.676
0.392
2.004
0.896
0.856
0.104
6.768
0.544
6.36
4.3
0.296
0.092
0.176
1.656
0.112
0.096
3.036
1.892
0.208
2.096
0.704
3.94
1.616
0.152
0.148
0.152
0.488
0.376
3.292
2.16
0.892
7.232
9.128
4.076
1.068
0.452
0.112
0.636
3.096
0.424
2.116
1.692
0.128
0.716
1.58
7.572
1.328
0.12
0.356
2.868
0.86
0.1
0.152
1.244
8.196
1.016
8.028
2.752
0.288
0.132
0.112
0.116
4.824
0.108
1.116
5.116
0.124
4.884
0.592
0.116
1.02
1.696
0.144
3.464
0.148
0.1
0.412
0.752
0.164
0.56
0.14
0.18
0.124
1.684
2.14
0.212
0.136
0.312
7.848
0.156
0.228
2.588
1.832
0.136
1.688
0.724
0.608
0.144
1.368
0.256
1.468
2.152
8.964
0.152
0.424
0.852
5.452
0.54
1.288
1.132
2.136
0.212
0.276
0.96
0.396
2.556
0.184
1.608
0.52
0.12
0.228
0.14
1.328
0.112
0.136
1.204
0.252
0.64
0.404
1.468
0.924
4.408
2.848
1.632
1.556
0.1
5.752
0.116
0.616
1.536
0.148
5.52
2.16
0.148
4.068
2.268
0.808
0.204
2.36
0.232
0.52
1.204
0.152
0.536
0.124
0.716
0.224
0.636
1.408
2.296
3.3
1.104
5.344
1.664
3.988
0.376
1.3
2.224
0.152
9.232
1.604
0.184
3.88
0.876
0.504
4.28
1.964
1.736
3.252
0.392
0.388
0.268
0.536
1.872
3.48
0.76
0.128
0.128
1.112
10.74
0.332
0.212
1.896
0.1
0.428
1.056
0.7
3.844
2.04
0.152
0.112
6.012
0.124
0.144
1.012
0.132
1.624
4.132
0.18
5.808
0.092
0.124
1.1
0.22
4.544
0.148
0.232
0.988
0.78
1.116
0.78
0.196
0.992
0.296
0.196
5.64
1.96
1.496
1.784
0.868
0.384
2.128
0.152
3.956
0.452
1.808
0.132
3.932
1.652
3.028
2.116
0.284
5.572
0.152
1.384
0.356
4.352
0.944
2.556
2.652
0.564
2.16
0.216
5.092
0.248
3.388
0.82
1.64
5.104
0.772
2.664
6.2
1.924
6.584
1.04
0.204
2.388
0.728
0.828
0.148
0.176
2.2
0.196
1.56
0.912
0.128
1.36
0.172
0.156
0.656
0.112
1.136
0.112
2.852
0.168
0.788
0.208
1.08
1.88
0.144
1.704
1.724
1.48
4.12
0.176
3.54
4.94
2.808
2.488
0.1
0.112
0.116
1.028
0.208
0.36
0.488
0.112
4.952
1.144
0.432
2.024
0.1
2.932
0.132
1.428
2.94
0.484
1.42
4.544
0.104
1.552
1.584
7.832
0.112
1.132
0.156
0.356
2.136
0.128
0.14
0.984
0.436
0.564
3.96
1.2
1.232
0.116
3.544
2.292
0.144
0.216
1.808
0.136
0.9
0.34
2.732
0.14
1.412
1.088
7.592
0.148
1.768
3.528
1.456
1.616
2.836
3.008
1.324
2.844
2.096
1.264
1.584
4.128
5.084
0.316
0.5
0.9
0.104
0.16
2.42
0.824
1.1
2.216
0.14
0.272
0.148
0.392
3.876
3.412
0.116
1.18
0.104
0.292
1.464
0.152
0.148
6.52
7.7
1.136
3.008
6.504
0.14
1.196
1.776
0.096
2.012
2.104
0.252
1.764
4.888
0.352
0.144
0.548
1.96
6.344
0.264
0.264
0.492
3.584
3.768
1.332
0.116
3.18
1.388
0.1
3.352
0.152
0.1
7.776
0.56
2.216
0.92
0.516
1.744
2.4
2.06
8.872
0.128
0.252
0.144
0.1
1.844
0.236
2.308
0.372
0.12
3.744
0.312
0.428
0.596
0.368
1.288
0.492
7.216
2.472
1.936
0.152
0.644
0.66
2.868
0.508
2.5
0.648
0.44
2.004
1.264
0.928
1.736
0.144
0.256
0.336
5.392
1.112
0.14
0.268
0.796
5.9
0.16
6.012
0.116
0.716
0.196
0.136
9.84
1.404
0.26
0.148
0.12
1.54
0.132
2.888
2.776
2.14
0.112
0.192
1.24
0.196
0.88
0.092
0.272
0.152
3.704
2.1
2.768
1.684
1.656
0.12
1.08
2.0
1.984
9.348
0.232
0.604
0.296
0.516
1.012
3.036
0.608
1.052
1.408
0.156
0.992
0.336
1.64
0.26
0.364
0.12
1.528
3.068
1.176
1.028
0.264
7.188
0.12
0.264
0.22
2.916
2.428
4.112
0.452
1.968
0.684
0.144
0.156
2.632
1.792
2.328
0.124
5.184
0.356
0.096
0.652
5.204
9.012
0.204
0.148
0.128
3.532
0.3
0.136
6.488
0.304
1.708
3.984
0.192
4.024
0.584
1.156
2.296
0.264
3.716
0.284
0.564
0.168
2.072
2.736
1.64
0.692
1.76
0.144
4.74
2.26
1.116
0.344
0.116
3.892
1.408
0.24
0.212
9.584
4.244
1.32
0.364
0.508
3.948
0.212
0.18
5.532
1.424
0.804
3.652
0.1
0.708
2.24
0.26
0.152
1.984
1.52
3.872
5.748
2.204
0.748
0.632
0.384
0.196
1.532
2.368
0.728
3.428
1.988
1.472
0.148
0.324
1.296
0.368
0.404
8.728
1.1
2.132
0.232
0.092
2.324
0.444
0.56
2.228
0.704
0.336
3.22
3.228
1.968
0.148
4.172
2.408
0.564
0.096
0.492
1.44
0.436
0.108
1.56
0.108
2.448
0.38
0.1
0.148
0.116
0.928
2.76
1.764
2.344
1.42
0.116
0.136
4.096
0.612
1.716
3.644
1.88
0.1
2.388
2.9
6.98
0.404
0.188
0.116
0.808
2.28
0.996
7.112
0.14
2.212
4.348
0.924
0.272
0.684
1.184
0.424
2.0
0.588
0.16
1.404
1.28
1.9
0.54
1.024
4.1
2.264
4.072
0.1
0.872
0.76
2.796
2.024
0.148
0.1
0.768
10.336
0.948
0.12
0.28
0.136
0.148
4.64
0.148
0.252
1.744
1.156
1.016
2.104
3.688
8.092
0.74
0.292
0.148
1.18
0.816
3.66
0.144
0.092
2.344
0.884
0.172
3.196
0.12
3.772
2.228
0.232
4.476
0.708
0.128
4.276
2.92
5.644
0.128
0.4
0.904
0.144
0.448
0.152
3.672
1.648
3.796
0.116
4.628
0.18
0.148
0.16
0.156
1.084
3.468
0.32
2.712
0.98
0.908
1.236
0.288
0.096
8.448
0.184
1.0
0.636
0.144
0.404
9.296
0.148
2.3
0.784
2.44
3.084
2.04
5.548
4.84
0.2
6.9
0.16
0.128
0.996
0.984
0.152
5.048
0.188
0.116
5.944
0.884
0.652
0.136
1.348
1.988
0.152
3.608
1.428
2.36
8.148
6.932
0.82
0.552
5.788
0.152
0.124
2.76
0.128
2.64
1.272
3.708
1.448
2.424
1.072
7.78
0.548
1.204
2.404
0.164
0.096
2.22
0.096
2.212
4.736
0.14
0.944
2.116
4.488
0.152
0.148
0.132
1.508
7.436
7.708
0.144
0.092
2.484
0.692
0.156
3.772
1.224
0.132
2.2
0.116
0.208
6.552
0.3
2.604
0.744
0.788
0.132
1.008
0.1
0.104
6.96
0.452
0.128
0.1
0.992
0.548
0.308
0.528
0.172
5.976
0.936
0.504
0.908
4.092
1.168
5.824
1.684
1.008
0.144
0.104
1.62
0.32
1.516
3.928
0.172
0.88
0.12
0.092
4.848
4.3
0.248
0.296
0.456
0.34
0.904
0.156
0.144
0.132
0.148
0.58
2.544
0.844
0.232
0.188
1.192
0.204
0.128
10.684
6.796
2.196
1.076
0.476
0.156
7.256
1.912
0.092
4.128
0.108
0.276
3.556
0.796
3.084
1.24
2.188
9.02
1.912
1.164
1.312
1.036
0.22
0.968
3.824
1.532
0.996
0.996
3.416
0.832
2.088
0.14
3.924
1.084
2.084
1.024
0.336
2.212
0.204
1.58
3.148
0.46
0.16
1.552
0.204
0.54
0.392
2.476
0.96
0.392
2.856
0.524
1.984
0.952
0.984
0.752
1.172
0.212
0.136
1.284
5.428
0.276
0.668
0.592
1.18
0.208
1.888
0.204
4.388
1.46
0.272
0.94
2.124
0.484
0.112
5.376
2.528
0.924
0.712
0.636
6.268
1.164
8.012
0.208
2.928
2.78
2.66
2.372
0.864
4.044
0.268
0.152
3.0
5.636
0.152
1.072
8.98
1.152
2.168
0.14
4.068
2.808
0.796
5.3
0.268
6.84
0.18
0.1
9.82
1.26
0.156
1.912
0.092
0.248
0.404
5.2
11.096
8.348
0.136
0.36
0.128
0.464
0.208
5.948
0.876
0.156
3.544
0.984
7.14
1.52
1.488
0.096
1.272
9.7
0.168
0.216
3.088
1.088
3.128
7.876
0.132
0.24
2.024
0.148
2.068
1.264
8.8
2.776
1.816
0.82
5.28
1.184
0.092
0.14
1.772
0.1
0.604
5.044
0.088
1.292
0.576
0.656
0.176
1.296
1.22
4.464
5.476
0.096
6.536
0.124
0.176
0.32
3.496
0.256
1.736
1.644
0.168
0.092
1.096
0.624
0.752
1.028
0.096
0.128
5.352
0.796
0.188
0.1
4.86
1.328
3.768
0.328
0.104
1.108
5.288
1.9
0.436
0.152
0.388
1.72
1.592
2.456
0.932
0.148
6.304
3.112
0.124
8.352
0.488
0.676
0.172
0.656
2.376
0.18
3.948
0.14
0.22
3.192
0.824
9.364
0.124
4.04
0.84
4.9
3.8
1.168
0.324
3.316
0.208
1.3
0.488
0.652
0.144
5.312
0.564
1.344
0.116
0.152
6.532
0.568
0.144
3.328
7.524
0.172
0.152
4.644
3.06
0.16
2.204
1.96
1.86
0.316
1.416
0.192
8.044
0.112
1.668
0.9
0.124
2.44
0.148
0.5
0.212
9.296
0.124
0.124
1.036
1.768
9.284
1.716
8.308
0.74
1.252
1.876
0.164
7.248
3.732
3.18
0.208
1.096
0.184
0.648
0.912
2.932
1.124
0.144
4.028
3.176
0.828
10.196
3.74
2.808
0.152
1.196
1.376
1.172
1.588
1.4
1.52
3.4
0.74
1.776
0.144
2.0
2.628
0.912
0.368
0.144
0.188
7.532
1.14
0.204
4.964
4.124
2.952
2.812
4.484
2.66
0.204
0.216
6.796
2.004
0.324
0.372
5.472
0.708
1.632
0.884
0.816
1.748
1.1
0.868
1.204
0.66
0.46
3.516
1.056
6.288
3.8
0.116
3.456
6.536
1.032
0.68
1.396
1.644
1.116
3.224
2.544
5.888
0.376
0.344
3.052
0.392
0.112
0.124
0.22
4.72
0.944
0.296
0.852
0.908
2.436
5.392
0.1
6.292
2.68
2.108
3.116
0.128
1.148
2.12
0.192
2.632
0.14
0.72
0.104
1.448
5.24
0.712
0.216
2.26
1.512
0.404
0.872
2.316
5.384
0.136
0.372
2.74
3.036
2.44
0.688
2.584
0.124
0.104
0.356
0.236
1.388
2.08
0.876
0.484
0.312
0.1
2.192
2.096
0.14
1.808
1.228
2.788
4.272
0.12
1.108
1.276
0.552
0.176
1.596
1.132
0.28
0.34
5.664
0.16
0.128
5.136
0.14
3.548
0.56
0.3
0.712
0.14
1.432
0.504
0.136
0.588
5.404
3.976
4.528
0.98
0.784
0.148
0.128
0.248
0.24
10.952
1.288
1.368
1.116
4.796
0.888
0.3
3.212
9.704
0.676
0.204
0.1
1.524
9.172
0.596
0.624
6.388
0.312
0.1
1.02
7.376
1.94
3.652
0.52
5.928
1.776
0.452
3.824
0.132
1.248
0.108
0.256
0.1
0.148
1.332
0.9
1.348
3.428
3.42
0.972
0.66
1.772
0.104
0.552
0.268
3.772
2.684
1.048
0.7
3.092
0.448
4.34
1.672
0.56
2.772
0.152
1.228
2.472
0.868
0.1
0.156
0.12
0.904
0.208
4.968
0.792
0.856
0.836
4.16
3.032
0.524
2.704
0.188
0.464
0.152
0.46
0.672
0.116
4.688
0.1
4.96
2.72
1.712
0.14
0.376
0.16
1.512
0.832
0.376
0.12
0.12
10.004
0.212
3.128
3.332
0.916
3.556
4.316
1.58
5.024
1.108
0.124
1.436
0.144
1.852
0.48
0.104
6.76
1.78
5.084
0.096
0.148
0.132
3.456
0.216
1.496
1.124
0.1
0.104
0.148
2.26
6.096
4.44
1.448
0.116
0.112
2.184
0.936
2.508
0.176
5.396
0.156
2.456
0.88
0.152
1.2
0.412
0.172
1.62
4.404
1.22
0.684
4.36
0.476
1.188
5.624
0.644
0.572
0.536
0.156
6.532
5.448
0.224
0.92
1.316
0.184
2.444
0.548
0.264
0.18
0.888
1.02
1.12
0.636
2.544
2.56
0.204
8.416
0.384
3.548
0.48
3.056
0.116
1.276
1.284
4.696
0.16
0.868
1.188
2.62
1.064
1.064
0.14
0.872
4.792
0.14
1.096
0.184
0.148
1.896
0.324
2.56
0.716
7.94
6.868
1.352
2.104
3.416
1.724
0.784
0.972
0.624
0.128
0.132
1.296
1.596
0.98
1.98
0.196
2.12
0.236
0.996
0.328
2.616
2.204
0.104
0.148
3.404
3.708
0.844
4.604
1.848
2.012
1.872
0.284
0.288
2.512
0.928
1.716
3.532
1.744
1.892
8.56
1.66
5.164
2.568
2.848
1.864
3.248
3.54
6.512
2.36
4.032
0.096
5.1
6.524
3.768
2.164
0.144
3.012
3.876
0.66
4.632
6.868
2.948
1.02
2.088
0.288
5.444
0.832
0.636
3.6
0.112
5.988
0.112
5.62
5.232
0.512
0.096
0.896
0.264
0.288
0.848
0.416
0.82
8.124
0.144
7.896
0.1
3.82
0.416
4.528
1.2
9.2
9.72
0.832
0.16
0.148
2.568
5.624
0.156
0.1
0.14
0.148
2.752
1.6
2.376
0.444
6.284
1.3
9.52
1.416
2.304
0.144
5.104
0.108
2.024
1.368
0.168
0.12
1.9
0.096
0.268
1.792
0.156
2.052
5.064
2.004
0.456
0.572
1.276
1.092
0.816
0.144
6.528
0.612
0.188
1.32
0.152
2.212
0.924
0.14
0.092
1.712
0.308
1.664
3.444
2.74
0.456
1.408
0.232
0.14
1.704
0.172
0.148
0.116
0.152
3.496
2.816
1.072
0.116
0.112
0.204
0.12
0.556
5.528
0.688
1.692
6.848
0.144
0.148
1.02
2.76
1.572
0.112
0.78
0.548
0.212
1.08
1.52
1.564
5.256
0.308
0.908
1.804
2.356
3.708
4.276
7.548
0.308
1.624
0.336
1.328
1.136
1.8
0.62
0.856
5.66
4.116
1.776
6.072
10.308
0.688
0.644
0.1
1.02
0.14
4.236
0.384
0.112
0.768
4.952
5.98
2.46
2.64
1.188
0.372
1.284
6.0
0.1
1.852
0.7
0.228
0.312
0.148
2.82
0.888
1.112
1.156
2.192
1.8
0.508
2.692
0.128
2.296
4.12
2.788
3.632
0.208
0.86
0.18
9.012
4.092
2.132
4.384
1.36
0.252
0.68
1.232
0.1
0.176
0.264
0.152
7.644
3.152
0.276
5.812
0.096
4.276
5.488
1.8
0.096
4.748
6.844
0.856
0.912
0.94
1.424
5.86
2.896
0.324
0.14
6.848
1.352
1.568
0.12
0.964
4.964
0.12
2.072
0.232
3.008
4.184
0.284
2.508
8.6
7.844
6.232
2.644
0.864
0.98
0.292
1.572
0.152
0.208
0.344
3.408
0.624
0.864
0.1
9.72
1.3
0.488
2.024
0.184
0.104
0.112
0.788
3.116
0.424
1.804
1.348
1.064
0.996
0.104
0.496
0.832
0.56
1.228
8.284
0.72
2.1
0.084
0.124
1.792
0.86
1.984
0.236
1.944
0.416
2.864
1.136
4.972
2.112
0.412
0.604
0.784
1.816
3.72
2.848
2.724
1.104
0.52
0.28
2.536
0.244
0.764
0.236
0.136
0.604
0.832
0.12
0.148
0.928
1.82
5.284
4.772
0.124
0.176
3.64
10.376
4.008
0.124
3.828
1.544
0.152
2.38
0.6
1.724
5.44
0.112
3.864
0.692
5.752
1.376
0.472
1.228
1.232
0.776
1.236
2.724
0.152
0.144
0.984
0.136
0.092
6.792
5.132
5.172
6.616
1.108
2.432
7.412
0.128
0.236
0.996
9.536
0.196
0.252
1.06
2.592
0.344
2.752
0.296
0.092
0.436
1.74
0.32
0.116
1.228
0.208
1.264
0.964
3.072
1.996
0.82
0.1
1.932
0.352
0.168
0.62
0.176
3.044
0.124
1.168
1.176
3.256
1.784
0.104
0.188
1.872
3.488
8.88
3.156
2.356
0.848
0.128
0.148
0.748
0.32
0.104
0.764
0.232
1.372
0.196
0.156
0.556
0.092
2.18
0.68
1.128
1.236
2.344
0.152
0.992
4.432
0.892
0.424
3.428
0.348
9.656
0.82
7.98
0.144
1.488
0.364
0.636
1.1
0.304
0.18
0.152
0.128
0.156
0.992
0.788
0.6
3.14
1.384
0.372
2.8
0.924
7.28
0.744
6.968
0.796
0.116
2.524
2.168
0.096
0.74
0.708
0.132
0.264
5.788
0.572
3.308
0.148
0.488
0.128
0.152
0.288
3.092
0.568
0.104
10.728
0.916
2.452
0.2
0.888
4.472
3.044
0.932
2.796
0.096
3.392
0.148
3.256
0.244
0.284
1.936
0.128
9.992
1.964
0.58
0.272
0.148
4.508
0.112
0.116
0.104
0.548
0.38
2.916
0.428
2.192
2.088
0.1
0.1
1.676
0.148
3.172
0.18
0.1
4.072
0.364
0.264
0.092
0.396
0.104
2.088
2.428
0.084
1.788
6.032
3.2
3.844
0.344
0.292
0.752
0.164
0.212
0.092
1.276
0.14
0.86
0.184
0.232
0.656
0.24
1.7
1.736
7.876
3.684
1.604
6.24
0.132
2.436
7.516
2.036
1.624
0.696
1.212
2.64
0.428
0.148
0.732
9.096
0.256
0.164
1.86
3.776
0.116
0.368
2.648
0.544
0.648
1.32
0.104
2.924
0.592
1.132
3.652
0.916
2.128
0.2
0.152
1.112
1.016
1.356
8.216
0.58
9.724
6.992
0.112
0.712
10.632
1.128
1.968
0.32
0.6
1.628
1.248
0.136
0.2
2.824
0.1
5.756
1.752
0.112
0.152
4.044
0.092
5.712
0.668
0.152
0.212
0.096
3.94
0.148
0.1
1.604
0.928
0.156
3.436
0.1
9.324
0.272
0.696
0.124
10.652
1.68
0.62
3.836
3.688
1.0
1.632
4.26
0.932
5.82
0.72
0.32
3.968
1.236
0.1
0.564
4.696
0.592
2.776
0.108
4.372
4.148
1.336
0.108
0.664
1.512
7.012
0.92
0.344
0.276
1.468
1.556
0.204
6.936
8.344
1.96
3.536
0.872
0.12
8.168
0.16
0.212
1.308
0.204
0.216
8.52
2.652
0.152
0.132
3.424
2.54
0.272
0.148
0.32
1.148
0.284
4.14
4.372
1.484
0.144
7.236
0.148
0.212
0.124
1.312
2.372
1.94
0.608
0.144
0.124
0.1
6.596
1.524
0.772
0.644
0.152
6.732
0.116
0.332
1.08
0.136
0.444
0.276
1.104
3.928
3.84
3.496
0.408
0.252
5.688
0.808
3.544
6.452
0.432
0.86
0.1
4.672
1.324
1.356
0.152
1.228
0.152
1.156
4.132
0.232
3.312
6.688
4.784
0.792
1.164
0.1
2.652
0.12
1.0
1.676
0.144
0.2
0.092
2.804
0.256
6.76
0.164
6.224
1.368
1.256
0.092
10.348
0.736
0.148
0.416
0.972
1.628
0.328
10.772
0.812
0.16
4.716
3.596
0.752
0.32
3.824
0.168
0.1
0.104
0.1
1.024
0.756
0.092
1.972
0.212
0.148
0.156
2.876
0.092
1.444
0.696
0.096
1.668
2.096
10.608
5.048
0.148
0.264
0.224
4.38
0.864
0.596
3.876
0.948
0.348
0.124
3.188
0.176
0.092
2.116
1.828
0.1
0.248
3.576
0.148
1.576
2.336
0.14
0.16
1.176
1.04
6.008
1.24
0.392
3.256
0.948
1.976
1.7
0.164
5.684
1.064
0.248
0.176
2.968
2.536
0.464
4.952
0.116
2.28
0.096
5.528
0.768
0.212
2.436
0.988
2.096
0.484
1.888
0.18
1.696
5.916
0.536
0.332
2.42
0.26
0.176
6.228
0.116
0.152
2.664
0.152
0.252
2.148
2.744
0.236
0.092
3.636
0.712
0.3
1.16
1.984
0.132
1.384
2.724
1.644
6.932
0.14
0.516
1.632
6.224
10.456
4.384
1.14
0.644
8.632
0.336
0.092
2.144
1.296
0.256
0.5
0.124
3.244
3.344
3.26
0.136
0.844
2.78
2.156
1.172
0.096
2.584
0.86
0.78
0.684
1.02
2.38
2.076
1.036
2.348
0.8
3.328
0.672
0.14
1.924
1.34
0.836
5.148
0.136
0.152
0.324
0.14
3.596
3.236
0.54
5.556
3.86
1.468
0.556
1.544
1.296
0.104
0.104
4.588
3.008
4.452
0.108
0.512
1.068
0.228
2.188
3.132
0.132
0.144
1.724
3.592
5.216
4.36
0.776
0.488
0.136
0.14
3.156
0.116
0.252
1.056
0.144
0.124
0.468
0.136
0.224
4.608
8.62
1.04
3.324
0.348
10.752
0.144
2.204
0.588
1.248
0.328
2.44
2.32
0.12
2.088
1.452
0.156
0.224
0.84
3.212
3.276
0.292
3.688
7.244
6.976
2.812
5.66
1.3
0.104
0.324
0.484
0.504
2.54
0.148
1.312
0.148
0.148
0.104
1.72
0.824
1.424
1.02
0.716
0.128
0.696
1.204
3.652
2.636
4.676
0.14
0.108
4.872
0.536
0.396
3.6
9.264
1.188
1.868
2.476
2.304
0.904
0.444
0.824
0.948
0.984
3.016
0.916
2.62
0.864
0.964
0.548
0.52
0.1
1.488
0.144
8.344
0.14
0.932
2.824
1.5
8.064
6.028
0.788
4.836
1.168
0.284
0.952
0.156
0.396
0.124
3.108
0.624
2.9
0.092
0.1
2.12
3.344
1.188
3.988
3.348
0.888
1.616
0.132
0.428
0.452
2.732
0.332
1.16
0.808
6.324
0.208
0.904
0.104
10.348
4.184
1.448
2.644
0.864
1.188
3.164
1.372
4.404
4.18
0.196
0.116
0.876
0.236
0.2
0.156
2.36
9.372
0.932
3.78
0.16
0.148
1.004
0.104
0.14
0.096
3.488
0.92
3.308
2.844
1.856
2.296
0.128
1.652
0.184
0.256
0.16
0.644
1.536
0.776
0.72
1.5
1.672
0.116
1.928
2.636
0.16
1.264
0.12
1.956
1.372
0.144
0.136
2.956
0.636
0.144
0.144
0.716
6.6
0.292
3.592
4.868
1.648
2.484
5.98
0.184
0.1
0.38
1.34
3.348
2.22
0.516
6.612
1.256
2.692
0.608
3.848
1.984
1.628
0.1
5.224
1.036
1.876
9.072
6.648
0.176
0.148
2.496
0.168
1.464
0.192
2.376
11.012
0.172
0.596
0.328
3.312
4.104
0.204
0.56
4.524
0.144
1.016
0.448
0.836
2.6
1.864
1.684
1.472
1.164
0.252
0.504
0.3
0.104
7.06
0.892
4.352
1.072
0.12
1.02
1.668
4.196
0.888
3.996
2.9
0.512
0.144
2.68
0.1
0.884
3.74
1.324
0.148
4.532
6.236
1.252
1.564
0.448
1.784
2.516
0.368
1.484
3.028
0.14
3.628
2.164
5.828
0.12
5.672
3.628
0.216
4.476
2.2
0.188
1.96
0.1
0.38
0.896
0.56
6.192
4.16
1.048
0.736
0.848
0.344
5.424
0.724
0.712
8.736
3.768
6.54
9.572
2.1
0.972
0.168
0.156
1.02
1.484
0.18
0.888
0.096
3.092
0.54
0.708
0.972
0.1
5.4
0.924
1.024
1.176
3.368
1.46
0.152
2.872
0.336
2.516
2.14
0.116
1.344
0.144
0.108
0.116
0.176
0.256
0.176
0.368
0.088
5.468
