2.572
0.608
7.036
0.512
8.556
0.592
2.316
0.996
1.024
1.416
8.24
0.864
1.012
3.02
0.676
3.924
0.88
0.624
3.64
0.596
0.728
0.268
0.912
6.728
3.372
8.2
0.456
1.716
2.572
3.776
0.976
3.884
0.288
1.28
0.34
1.988
4.004
1.588
2.816
2.268
2.488
0.736
4.46
1.128
2.96
0.232
9.068
3.704
0.296
1.16
1.208
2.388
6.732
0.18
1.456
3.668
1.628
1.528
1.252
0.148
3.664
1.076
0.76
2.968
1.62
0.736
0.104
5.128
1.248
0.216
0.524
2.64
0.556
2.728
1.972
3.54
1.68
1.048
1.012
1.604
1.172
0.3
0.552
1.288
0.604
2.952
5.024
1.616
0.168
0.736
3.676
0.44
7.38
4.552
0.484
0.416
1.528
5.704
0.12
0.956
0.428
2.416
10.576
0.184
0.844
0.612
0.7
5.588
9.616
1.416
1.272
3.712
3.536
0.316
1.184
3.3
0.308
0.732
1.072
1.38
0.692
2.828
2.708
0.52
4.12
4.448
1.728
6.096
2.092
5.036
8.284
0.732
3.096
1.088
0.72
2.24
1.132
0.148
0.72
0.676
0.748
1.056
0.128
0.132
1.832
1.64
0.724
2.564
0.548
5.188
3.744
0.656
0.152
0.544
2.344
1.62
0.412
0.624
0.436
2.78
4.12
3.236
1.388
0.74
1.528
6.612
6.336
1.008
2.5
1.212
2.644
7.152
3.916
6.02
9.54
1.464
7.308
1.648
0.132
3.64
2.772
0.272
8.272
10.388
5.812
2.808
1.112
8.956
7.34
0.648
2.876
3.38
1.268
4.04
2.408
1.576
0.256
3.868
3.796
0.692
0.756
0.436
1.348
0.704
0.416
1.3
2.504
0.216
2.144
0.248
1.12
2.48
1.196
0.208
0.108
0.596
3.544
4.312
1.468
7.136
3.132
2.476
1.464
0.604
3.9
1.456
8.072
2.388
1.116
2.94
2.008
0.304
0.916
3.02
0.904
3.2
0.204
1.74
1.976
0.812
1.644
0.816
1.18
4.64
0.744
1.34
0.336
3.388
0.368
1.668
2.42
2.584
9.616
2.44
0.444
4.9
2.852
1.1
1.12
0.364
0.448
9.64
1.152
3.636
1.704
1.48
1.804
1.212
0.444
1.104
2.72
2.28
1.252
1.08
7.956
3.668
5.58
1.532
3.008
1.644
0.384
0.232
0.52
3.052
10.02
4.072
1.504
0.652
7.684
0.68
8.248
1.112
1.136
3.432
3.964
1.504
0.152
1.484
1.332
0.14
0.416
2.792
6.392
0.14
4.136
4.368
7.712
8.884
5.132
8.868
2.804
3.392
1.504
0.572
0.9
2.892
1.512
0.728
2.464
1.628
0.56
6.768
0.536
1.44
2.672
2.556
0.232
0.36
0.66
6.06
1.104
0.976
0.8
10.004
0.296
4.092
2.708
3.32
0.424
7.356
1.432
0.66
4.404
0.348
0.74
0.768
0.644
0.18
4.848
0.62
1.06
2.84
0.512
0.556
0.156
4.22
2.136
0.36
5.564
3.792
2.812
2.98
4.004
2.076
2.092
1.72
3.236
3.104
1.768
0.748
0.244
1.012
5.648
0.936
1.668
1.416
0.284
0.728
2.808
7.924
0.44
4.432
1.396
2.84
0.396
2.364
0.648
1.032
0.248
3.68
1.696
3.844
0.66
2.956
0.428
1.08
1.948
0.628
5.944
1.204
1.8
1.072
0.748
1.512
1.036
0.624
0.96
0.532
2.06
6.592
3.464
0.992
2.784
4.776
1.792
0.296
1.78
8.376
0.66
1.908
0.868
2.488
1.228
0.224
1.84
3.532
1.356
0.148
2.652
4.944
1.076
2.716
3.28
2.064
1.324
0.388
4.252
0.18
2.8
1.028
1.212
0.936
0.244
0.244
1.184
4.984
0.172
0.328
7.18
0.504
0.496
6.24
2.816
6.916
0.824
1.372
8.128
1.16
0.132
0.668
1.004
3.816
0.812
0.908
2.188
0.168
1.24
1.416
0.468
0.884
1.072
0.392
1.368
7.504
1.964
5.112
1.94
4.164
10.336
10.176
1.168
0.196
1.412
0.212
1.44
0.632
1.708
0.924
0.9
1.348
4.316
1.368
0.196
4.404
4.776
0.932
3.636
1.564
0.256
1.796
3.14
2.08
10.204
10.156
7.304
1.304
8.176
0.224
3.652
0.228
11.068
1.204
0.132
6.652
1.94
1.732
9.588
2.612
0.796
1.012
6.676
0.16
0.432
3.68
0.672
0.448
2.144
0.384
0.888
2.964
10.76
1.004
0.692
1.472
5.856
3.92
4.664
0.948
0.208
0.196
0.408
1.336
0.62
5.652
1.712
2.944
6.808
3.7
0.672
0.432
2.864
2.16
0.252
1.276
0.16
2.62
2.884
0.112
0.232
6.984
2.128
3.344
1.992
0.96
3.516
4.044
4.152
1.156
0.844
3.932
4.74
2.544
0.216
0.86
2.272
1.772
10.276
6.568
0.76
1.908
4.792
5.66
4.28
1.848
2.272
3.972
1.728
2.412
2.216
0.868
0.244
0.552
0.456
2.464
1.552
0.236
3.404
1.784
6.88
0.208
1.22
0.476
5.568
0.708
1.308
2.324
1.02
5.656
1.832
4.376
1.752
1.588
1.0
0.856
0.548
1.924
2.272
4.82
1.012
1.788
4.272
2.2
1.044
1.32
1.544
1.068
4.136
0.684
4.772
1.172
2.728
2.392
1.964
7.004
6.744
0.756
2.244
3.132
3.896
1.556
0.116
4.512
1.408
0.216
0.852
3.588
1.104
5.796
1.688
2.284
1.748
3.912
1.256
0.108
1.12
0.432
0.516
0.412
0.624
0.256
1.596
8.216
2.464
7.58
4.756
3.348
0.712
1.136
2.072
5.04
2.292
1.552
0.14
1.024
0.156
5.96
1.06
3.848
2.164
2.34
0.992
0.68
0.704
0.52
5.956
5.512
0.148
2.444
5.968
0.764
2.324
0.684
7.276
0.588
0.108
8.412
0.464
1.048
1.648
1.796
5.384
0.38
0.532
0.672
6.636
2.436
3.872
0.948
1.612
3.6
0.348
1.452
1.776
5.436
0.628
1.828
1.224
1.184
0.164
0.776
2.712
3.436
3.536
5.824
0.196
0.156
0.844
4.668
10.632
0.96
0.388
4.632
11.1
0.192
2.188
1.452
2.36
3.04
2.58
0.664
3.928
0.432
6.952
0.464
1.728
2.112
3.676
2.484
1.064
0.624
7.496
0.344
1.412
1.416
0.932
6.604
0.268
2.088
1.344
4.592
9.792
0.872
1.724
2.052
10.584
0.132
0.14
1.512
0.64
2.284
0.216
0.912
1.008
1.852
3.328
0.836
0.524
1.288
5.872
10.116
1.088
5.852
4.76
1.064
4.176
1.288
1.396
2.444
1.312
0.452
1.616
0.14
4.6
3.588
5.728
4.088
0.356
0.948
0.676
1.536
10.304
3.492
1.312
0.876
4.812
0.396
1.084
8.088
6.676
0.792
1.912
7.148
1.62
0.168
1.496
1.18
0.388
8.98
1.16
3.312
3.228
1.092
0.132
9.104
1.964
0.544
1.672
0.54
0.688
0.564
1.332
0.4
1.384
2.716
0.684
1.724
0.268
0.264
0.736
2.028
1.896
0.752
1.084
0.56
0.588
3.988
1.644
3.532
1.824
1.36
5.7
1.92
3.952
4.728
7.236
1.956
0.28
2.244
0.464
1.036
2.028
3.66
1.408
0.164
1.04
1.864
0.128
0.572
0.156
0.62
4.468
3.356
0.592
1.172
5.588
4.24
4.864
1.508
1.02
1.936
0.34
1.44
0.948
1.3
1.18
2.644
0.676
3.172
8.056
1.064
0.216
1.68
0.664
0.28
1.3
4.036
8.696
3.116
0.264
2.86
2.04
3.06
0.364
2.236
2.132
0.352
1.196
1.208
0.14
6.228
0.992
1.452
2.272
0.792
0.228
8.424
3.64
10.368
1.356
0.144
2.052
3.7
0.636
0.948
1.224
1.26
1.624
4.22
1.8
2.744
4.312
2.544
4.176
4.72
1.94
1.408
0.52
0.752
3.912
8.656
4.548
0.484
7.66
2.32
0.752
0.652
5.604
1.384
4.904
0.78
9.728
3.28
0.232
1.512
1.944
6.88
0.284
8.336
3.088
0.54
1.644
2.592
0.456
0.876
0.208
2.972
3.136
4.78
0.752
0.296
0.368
0.68
2.316
2.0
2.468
3.324
0.684
2.252
0.568
1.884
3.568
4.612
0.588
1.164
0.164
5.892
4.764
4.156
0.648
4.1
0.696
3.624
9.256
4.72
1.864
0.692
1.288
2.72
3.576
1.988
0.312
0.528
1.872
0.792
1.188
1.104
7.068
2.184
1.492
1.232
0.384
3.04
3.44
5.196
2.908
2.164
0.472
1.508
1.372
2.216
3.076
10.708
0.384
0.392
6.696
3.332
1.272
0.32
1.788
1.164
5.016
3.152
5.216
0.804
0.476
1.628
5.06
10.652
6.824
0.192
1.28
8.064
1.612
0.244
0.284
6.164
2.172
0.472
0.432
0.164
1.732
2.452
0.656
0.348
1.936
2.788
1.32
2.132
3.2
1.924
1.872
6.236
1.648
2.288
2.208
1.516
10.592
2.012
0.376
8.572
2.308
0.408
5.096
0.328
0.128
1.968
1.192
1.12
2.2
0.972
1.604
2.068
0.444
1.624
0.32
1.34
8.112
3.212
0.292
0.504
1.68
1.62
1.816
2.176
1.912
4.236
7.152
1.316
4.688
1.252
7.448
1.532
2.068
0.228
4.12
1.444
3.276
2.092
1.136
1.88
3.456
3.176
1.304
0.472
10.108
0.8
0.244
10.612
2.464
3.772
0.856
2.308
4.664
1.86
0.72
0.204
1.22
4.404
1.544
0.704
4.728
3.884
2.964
1.108
3.532
0.488
4.104
1.708
1.064
1.912
0.212
0.772
1.256
2.716
0.172
1.016
4.236
0.304
1.072
7.92
0.636
5.408
8.16
1.02
0.7
3.164
1.816
10.9
0.548
1.928
0.836
0.812
1.512
1.56
5.552
0.568
0.48
1.412
2.38
0.324
4.24
0.736
3.06
1.412
0.912
0.376
4.644
5.368
2.172
5.752
0.264
0.308
6.096
3.048
1.476
3.84
0.78
2.708
10.72
7.76
1.772
0.372
1.916
1.848
3.644
1.324
2.46
2.828
6.112
2.576
3.36
1.296
0.852
3.248
0.712
2.648
0.916
1.58
3.44
2.66
2.048
1.828
2.408
0.988
0.216
10.456
0.472
3.112
1.828
1.868
8.072
3.284
0.132
5.368
1.708
4.16
1.172
0.304
7.192
2.78
3.096
2.04
0.736
6.676
4.548
0.908
0.276
0.132
2.468
0.672
2.712
8.78
0.108
0.172
0.828
0.308
0.224
0.428
1.652
8.808
2.048
1.484
0.248
1.516
0.944
1.292
0.512
1.14
0.232
1.736
6.264
1.62
2.62
0.7
2.776
2.456
0.652
0.74
0.272
6.588
3.076
0.144
5.156
2.932
4.64
3.432
9.404
4.6
3.636
0.288
1.384
0.708
1.792
2.708
1.016
0.328
1.056
0.232
0.42
4.912
0.616
0.532
9.092
2.756
7.592
0.664
0.132
1.38
3.636
0.908
0.708
2.036
0.584
1.492
9.504
0.964
1.664
0.956
4.4
0.332
0.236
9.748
0.14
2.396
1.48
0.256
1.032
6.144
1.412
0.832
0.324
2.32
0.44
0.408
2.936
1.2
0.56
0.36
0.636
0.512
1.592
6.36
1.996
0.976
4.724
5.224
0.472
2.46
1.392
0.84
4.308
1.44
3.896
1.776
1.372
0.68
0.344
0.996
6.748
4.952
8.676
10.52
1.676
0.364
3.216
3.708
2.848
1.168
0.132
1.096
1.328
1.448
8.14
0.876
0.188
2.192
1.432
1.26
2.656
0.18
2.16
1.096
0.336
4.028
3.828
0.156
7.72
1.272
0.968
1.032
2.724
1.716
1.784
3.332
0.656
0.908
1.42
0.624
8.32
2.372
0.916
0.592
2.416
0.82
4.28
1.284
2.232
8.476
3.788
5.616
2.192
2.612
1.964
1.116
1.048
1.048
1.936
8.032
2.164
0.296
3.552
2.82
1.508
2.344
1.06
4.16
2.16
4.164
0.844
3.792
3.356
0.54
0.948
0.496
0.816
0.676
5.796
1.304
4.156
4.344
1.652
2.636
6.66
1.276
1.944
0.34
1.596
5.268
5.66
0.288
2.296
1.58
0.44
0.952
4.152
1.34
0.788
4.228
2.74
6.612
2.784
0.816
5.724
0.644
9.4
4.836
4.272
0.988
1.112
0.684
0.592
8.896
5.512
7.272
0.12
1.184
1.268
5.304
7.352
1.272
0.232
1.36
0.724
3.004
0.38
0.132
1.012
1.536
0.452
4.476
1.568
2.252
5.248
1.5
0.892
0.752
0.288
1.364
0.696
0.16
5.588
5.672
0.328
0.584
2.504
0.94
0.384
1.756
0.212
0.76
0.832
2.196
5.036
2.968
1.288
0.888
0.332
1.288
7.012
0.66
2.764
1.388
9.992
1.812
0.736
6.444
1.476
2.776
0.5
0.436
1.312
0.552
5.724
0.86
2.3
2.676
4.788
1.588
6.308
5.376
0.516
0.704
0.46
0.784
0.22
6.624
6.344
3.0
4.856
2.372
2.364
2.42
5.136
