1.5
1.656
0.808
1.172
4.892
0.236
0.5
0.272
0.156
0.568
0.232
1.416
0.884
0.1
5.228
1.584
0.1
0.416
2.172
1.476
0.136
1.492
0.54
0.1
0.1
0.444
0.98
4.668
5.828
0.608
4.396
1.856
0.44
3.1
1.276
3.628
2.84
8.204
0.148
0.936
2.688
1.488
1.884
1.216
0.136
0.932
2.032
0.936
0.128
0.348
5.452
0.352
3.148
2.068
2.292
0.124
0.58
1.336
5.152
0.124
0.14
4.192
0.44
3.748
1.1
0.352
0.176
0.1
1.148
0.16
5.42
1.152
3.12
6.86
1.364
0.86
0.34
1.408
2.14
0.604
0.672
6.532
4.012
1.236
4.968
0.848
1.224
2.368
0.516
0.604
0.264
2.836
0.548
1.08
3.56
0.648
1.98
1.152
2.804
0.38
1.168
4.872
0.3
0.144
1.696
0.66
0.472
0.212
0.156
2.948
0.12
0.82
2.24
0.648
1.824
3.904
2.924
3.908
0.156
1.624
2.892
0.124
0.172
1.892
0.14
0.144
1.168
3.228
0.156
0.412
7.588
0.096
0.884
0.112
1.96
4.728
0.448
0.296
0.292
0.484
4.132
0.44
0.384
2.532
1.228
1.064
6.796
3.492
0.116
0.524
0.188
0.664
0.592
3.276
1.0
0.36
0.32
0.164
0.1
1.12
0.652
0.148
0.168
0.144
0.556
2.508
0.384
2.58
0.752
3.18
0.112
1.42
4.868
3.42
2.908
4.38
0.148
3.072
0.232
0.172
2.048
6.092
1.064
0.368
0.22
0.156
0.964
0.108
0.444
1.376
2.22
1.844
0.292
0.32
1.576
8.456
2.828
3.892
0.14
1.392
0.132
0.244
0.136
0.24
0.1
1.628
1.044
2.652
0.14
0.288
5.984
7.916
0.344
0.128
0.22
2.092
5.048
0.784
0.568
4.92
5.36
0.32
0.204
0.264
0.332
0.828
3.88
2.52
0.736
3.232
0.108
0.096
2.556
3.816
3.66
0.88
1.772
1.944
0.712
0.432
0.704
0.208
0.296
3.184
0.1
1.468
1.764
1.008
1.66
0.728
0.116
0.128
0.096
1.812
1.604
1.104
4.584
1.516
5.272
2.496
10.392
0.52
0.732
3.78
2.06
1.648
1.936
0.136
0.9
0.132
5.376
1.008
3.292
0.544
2.328
0.148
6.98
0.136
4.364
0.304
6.564
4.628
2.66
0.46
0.116
0.52
4.08
0.288
0.144
1.976
2.668
0.104
1.768
0.556
0.188
1.576
1.728
0.848
4.116
1.232
4.98
0.652
0.096
2.068
0.644
0.116
3.356
2.756
0.164
1.668
3.216
0.496
4.996
0.272
1.656
2.1
0.588
4.076
1.996
1.708
0.132
1.432
2.272
3.532
2.868
5.284
1.476
1.84
1.132
3.84
4.956
1.116
1.06
0.172
1.956
0.148
0.288
0.804
0.18
0.852
0.152
3.24
0.1
3.916
0.128
1.236
1.312
4.936
0.404
7.216
0.092
2.972
4.964
3.276
1.424
7.764
2.74
0.116
0.284
5.388
3.024
4.6
1.016
0.212
4.46
2.312
0.912
0.992
0.992
0.424
3.624
2.024
1.952
0.1
0.84
0.312
5.424
1.9
0.716
6.176
0.62
1.364
1.736
7.74
1.144
1.74
0.232
0.9
2.216
0.112
3.916
0.148
0.672
0.092
2.08
0.476
6.884
1.836
4.976
1.152
1.056
0.416
0.948
4.452
2.548
3.736
2.056
0.424
0.26
0.168
0.38
0.1
0.776
1.244
0.772
0.148
8.352
2.412
0.948
1.752
7.8
7.076
1.808
8.336
1.844
2.628
1.78
0.7
0.148
1.4
0.652
1.828
0.292
0.748
2.128
0.108
2.752
0.884
2.916
1.092
0.2
2.652
1.636
0.268
1.868
0.892
9.68
0.156
0.204
0.096
0.1
3.272
3.204
2.88
0.928
0.508
0.496
3.748
1.128
1.516
1.712
2.44
0.472
1.564
3.592
3.736
0.168
0.108
0.848
2.376
0.096
4.608
10.116
0.204
4.828
0.768
0.972
1.1
1.524
0.752
1.868
7.016
4.408
6.196
3.32
1.504
1.408
0.096
1.612
0.98
0.096
0.444
0.536
0.26
0.82
0.128
0.268
0.856
0.68
0.12
1.148
6.092
0.448
3.188
0.092
0.148
6.664
9.376
1.14
0.736
0.816
0.096
5.612
1.28
0.096
0.876
0.216
3.92
1.644
1.592
9.268
0.152
0.88
2.46
0.16
0.12
0.124
0.14
1.34
1.016
3.548
0.124
0.108
2.376
0.2
1.768
4.116
0.76
0.672
2.98
0.892
6.824
2.964
3.412
0.436
1.252
4.48
1.148
0.348
1.104
4.492
0.768
2.732
3.684
2.204
7.016
0.54
2.096
0.944
2.764
0.1
1.492
1.372
0.712
4.16
0.688
0.836
6.724
0.348
3.3
2.476
4.488
1.712
0.156
9.192
10.064
4.608
0.828
1.036
0.1
0.284
0.124
0.18
1.26
0.472
0.096
1.436
0.892
0.9
5.164
1.204
1.064
0.296
1.02
2.84
1.116
1.272
0.868
0.104
0.124
1.488
2.28
9.752
2.156
1.916
1.24
5.304
0.116
8.176
1.58
0.144
3.344
5.176
0.216
0.104
2.368
5.62
0.904
2.396
3.012
0.116
0.14
0.256
3.788
1.188
0.172
0.572
0.332
1.352
0.4
2.58
1.676
0.18
0.56
2.436
0.38
0.164
2.264
2.82
2.644
0.264
5.228
0.344
4.704
8.604
3.112
3.34
1.636
10.396
0.728
0.148
1.428
2.608
2.556
4.408
1.268
1.128
1.216
1.268
1.384
2.868
0.136
0.132
1.304
0.684
0.196
0.108
1.78
0.152
1.284
1.732
0.132
2.012
1.74
1.744
3.428
2.296
0.372
4.312
0.96
4.844
0.152
0.924
5.132
2.728
2.46
0.704
0.54
0.54
2.928
0.624
0.732
0.1
0.444
1.672
0.1
2.984
3.256
0.848
7.276
0.852
0.612
4.856
0.18
0.112
0.54
1.092
1.848
3.956
0.632
1.964
7.076
1.596
0.324
0.46
0.824
0.096
3.812
1.864
3.7
1.532
0.14
0.536
0.192
0.644
0.148
2.512
0.148
2.14
0.144
3.748
4.796
0.156
3.544
0.12
0.212
2.232
2.488
1.584
3.036
1.008
0.1
0.22
0.36
0.436
1.0
0.34
9.684
0.672
1.568
0.096
6.472
3.792
3.008
1.06
10.98
0.108
0.464
0.32
3.24
2.008
2.492
2.196
1.828
9.5
1.944
1.368
0.944
1.592
1.148
0.156
1.028
3.332
9.2
0.72
8.892
0.86
0.26
0.148
0.828
0.236
0.532
0.272
2.288
0.1
0.372
0.096
0.552
4.536
3.08
2.86
6.54
0.324
8.02
4.132
0.152
0.104
0.216
3.132
0.108
3.076
1.46
0.716
7.816
3.012
1.212
0.152
0.096
0.152
0.98
1.092
4.172
1.952
1.216
0.836
5.764
4.304
0.424
0.152
3.512
1.868
0.144
0.892
3.956
8.596
1.196
3.94
0.144
0.836
5.26
3.728
1.92
1.212
2.516
3.54
1.06
0.32
0.372
0.124
10.288
1.4
1.02
1.516
0.1
0.132
0.1
2.888
0.816
3.164
0.144
1.308
4.588
3.116
6.24
1.656
0.2
3.328
0.096
2.864
1.348
0.752
1.04
0.72
0.844
2.152
5.732
0.196
0.128
1.456
0.096
0.288
1.492
3.192
0.348
1.044
0.124
1.604
1.824
2.096
0.1
8.144
1.04
0.18
2.068
0.144
0.808
2.556
0.132
5.056
1.252
6.68
0.672
5.708
0.68
0.128
0.892
1.936
1.392
1.156
1.028
1.264
1.268
8.64
2.732
0.208
1.416
0.128
0.3
0.156
4.928
0.1
6.192
0.524
3.468
4.592
4.136
0.12
0.176
2.108
0.248
1.188
5.464
5.8
1.52
6.108
2.176
0.856
0.776
3.204
2.108
2.396
0.86
0.904
0.16
2.452
0.808
0.432
0.188
0.112
0.148
1.368
1.976
2.684
4.78
1.572
1.08
1.448
0.144
3.036
5.052
1.652
0.132
2.86
0.344
0.112
0.136
2.364
0.108
0.204
0.896
2.48
0.736
6.908
2.18
5.096
2.992
2.92
0.56
2.012
0.092
2.152
4.436
3.432
0.284
0.888
1.032
0.12
0.732
3.608
0.524
0.572
2.352
2.284
0.228
0.488
1.808
1.716
0.632
6.748
0.108
0.54
3.548
2.628
0.108
0.712
4.548
2.316
0.94
1.168
7.292
1.288
5.608
1.8
7.608
2.976
0.26
2.864
1.968
3.344
0.476
0.672
0.744
1.26
3.904
0.2
0.1
0.148
9.508
0.616
1.076
0.512
2.548
1.152
0.296
5.02
0.38
0.108
0.212
0.72
5.864
1.284
1.292
0.132
0.504
0.224
0.228
1.568
1.62
2.264
0.144
5.372
4.132
0.592
0.1
2.04
1.7
3.56
5.26
2.212
4.24
4.108
2.644
3.1
0.148
3.004
1.108
0.744
0.552
1.732
0.096
2.844
0.24
2.312
0.6
5.492
0.096
3.484
0.112
0.12
2.636
4.592
0.124
1.072
0.24
0.1
2.052
0.24
1.672
10.564
0.38
1.368
0.584
2.636
0.692
1.24
0.096
0.108
2.212
0.132
0.644
1.048
0.236
1.64
0.984
0.492
0.12
5.448
4.164
0.208
1.392
0.376
0.12
0.416
4.828
0.788
3.6
0.904
0.108
1.616
4.948
0.352
2.184
0.812
0.66
5.188
0.148
0.124
2.38
4.756
0.728
3.256
0.84
8.372
3.696
6.488
0.296
3.112
1.68
3.008
0.476
0.4
0.1
0.904
3.516
0.804
7.82
0.128
1.588
0.912
2.476
4.06
0.932
0.124
3.064
0.388
0.904
0.164
1.02
2.596
7.004
2.272
4.768
0.6
0.144
2.868
1.408
2.54
0.112
0.568
1.984
0.512
0.62
0.912
2.224
0.1
2.9
3.292
1.708
0.096
1.32
0.764
4.772
3.372
5.476
3.908
1.996
0.244
0.252
1.44
0.108
2.26
2.784
0.128
1.552
0.148
1.384
1.348
0.208
0.1
0.836
2.42
0.524
7.476
5.72
0.492
1.176
0.996
0.548
0.56
0.1
7.416
0.224
0.144
0.104
0.788
0.264
1.08
0.376
1.708
0.336
1.04
0.228
7.528
5.028
1.316
2.116
1.944
0.132
0.152
0.908
2.448
1.776
0.488
0.124
3.552
4.884
0.104
10.952
0.676
0.256
3.412
0.924
2.076
1.028
1.8
1.308
0.156
5.664
4.804
7.696
6.216
0.26
1.064
6.356
1.936
1.824
1.156
0.144
8.204
2.432
0.128
1.604
0.556
0.304
0.648
0.372
0.152
4.276
0.636
2.116
6.848
0.148
6.632
0.104
0.236
0.644
3.72
0.488
0.976
0.148
0.404
2.212
2.732
0.1
1.252
2.396
2.692
0.128
0.992
0.812
0.132
0.236
2.336
0.18
0.316
3.916
2.388
5.548
3.26
1.252
1.212
0.512
5.984
2.452
1.46
2.264
1.104
0.168
2.272
0.48
0.348
10.852
0.164
2.008
0.228
2.792
2.6
0.092
2.136
1.168
3.324
1.448
0.816
1.092
0.096
0.088
4.672
4.988
0.524
7.044
1.104
2.44
4.404
7.58
0.964
1.388
0.156
0.724
0.104
0.456
0.828
2.396
0.932
0.1
0.092
1.612
2.032
5.76
0.892
2.944
1.324
0.904
1.824
1.788
0.248
0.692
2.448
0.288
0.848
0.396
0.092
1.756
0.62
1.756
0.148
3.592
7.968
1.948
0.148
0.1
2.124
0.888
1.004
1.848
1.272
3.232
0.096
0.34
1.312
0.176
0.568
0.692
1.956
2.66
1.464
3.956
0.104
1.58
1.508
4.392
3.728
1.576
1.552
4.36
0.3
6.48
1.216
0.096
0.1
0.22
2.84
0.416
1.808
9.56
5.864
5.352
0.348
2.724
0.216
5.796
0.916
0.504
0.128
0.148
3.976
0.912
2.34
2.648
3.812
0.1
1.048
5.512
0.1
0.632
8.952
8.328
4.2
0.268
0.184
1.348
0.264
0.528
0.256
8.224
1.008
0.78
1.624
0.652
0.296
7.204
2.408
2.316
0.148
0.336
0.268
0.14
2.04
3.692
0.228
1.772
1.024
0.52
4.484
1.352
6.872
2.088
9.196
3.072
7.424
1.648
1.12
0.428
0.764
0.232
0.148
2.776
0.612
0.096
0.732
2.424
1.428
1.968
0.16
5.708
1.428
9.752
0.32
1.476
0.784
0.108
0.564
2.14
2.776
0.476
0.14
7.344
0.404
2.92
5.18
0.216
2.848
3.292
0.156
0.808
0.092
1.752
8.588
2.036
2.724
0.264
3.748
4.664
4.408
0.212
3.876
1.136
0.768
2.596
0.448
1.58
1.22
3.708
4.54
0.768
0.212
1.216
0.592
0.26
4.008
2.98
0.124
0.64
0.148
1.44
1.612
0.128
0.296
1.536
0.88
1.252
9.8
0.128
0.192
1.572
4.852
3.672
0.092
0.3
0.552
0.876
9.852
1.228
0.176
0.252
4.476
0.128
3.54
0.096
0.1
3.488
3.624
0.176
5.432
0.128
1.912
0.8
2.856
0.324
0.956
0.16
0.24
0.144
6.076
3.728
2.716
0.156
3.328
2.772
3.62
1.412
0.112
0.308
2.872
9.416
0.164
0.464
0.512
0.82
1.008
0.576
1.9
0.56
1.56
3.12
1.088
0.132
0.14
0.116
6.58
0.988
2.132
1.44
1.296
9.64
0.152
0.132
0.316
0.524
0.356
1.424
3.896
6.244
6.728
0.1
0.62
7.464
3.216
4.528
8.884
0.1
2.596
4.636
0.68
9.196
0.86
0.84
0.136
0.116
0.136
0.592
0.144
1.52
1.104
0.628
0.112
2.512
2.676
1.152
0.576
0.684
0.448
0.584
9.068
0.704
0.552
0.096
0.156
0.104
3.736
0.152
0.692
1.444
5.3
0.288
5.428
4.676
5.0
2.012
3.828
0.836
0.144
2.352
1.392
0.392
0.292
3.6
2.088
0.256
0.836
3.952
0.104
4.168
0.892
3.06
1.184
0.28
0.824
1.708
0.62
2.248
2.532
0.14
0.132
0.648
0.588
2.048
1.176
0.12
0.536
3.04
1.664
10.716
2.66
0.136
0.244
1.192
4.564
0.7
1.804
2.536
3.22
7.212
1.828
2.792
0.156
0.428
0.18
5.944
2.032
1.516
2.268
0.26
0.216
0.152
2.136
0.364
0.164
4.344
0.18
4.528
1.308
3.02
3.228
5.628
2.856
1.344
1.708
2.028
2.132
0.1
1.288
0.668
0.18
0.352
0.216
0.544
5.864
0.212
0.176
0.1
0.108
2.78
2.548
2.096
0.416
1.156
2.136
2.0
1.128
3.992
0.148
1.916
2.524
6.524
0.172
0.928
0.128
5.42
0.968
4.212
0.096
2.796
0.128
1.112
0.144
0.244
2.28
0.092
0.456
0.204
1.704
2.716
0.372
0.236
1.668
0.996
2.5
0.94
0.172
0.152
0.204
4.564
0.956
0.628
0.104
1.336
0.6
0.1
2.316
2.072
9.28
0.668
0.844
0.156
0.328
1.272
0.152
7.804
2.284
0.744
0.096
1.228
0.124
0.588
1.32
0.1
3.332
8.216
0.9
1.084
2.292
0.868
2.344
1.66
1.236
0.104
2.7
0.308
0.78
0.8
2.232
0.936
0.468
3.128
0.336
1.784
0.696
2.94
0.128
3.08
1.064
1.4
2.296
0.108
0.136
1.252
2.884
2.196
0.64
0.248
3.236
0.176
0.148
10.412
2.68
1.036
10.328
0.1
4.0
0.204
0.844
4.032
0.184
3.584
3.028
5.392
0.368
3.868
1.736
0.128
0.152
1.444
3.88
0.108
0.152
0.54
6.916
0.348
0.152
1.76
2.268
0.848
0.248
1.18
2.904
0.12
0.552
1.124
0.612
4.144
0.844
0.24
0.1
0.224
1.984
8.452
4.876
1.516
0.328
0.816
0.816
0.704
0.148
0.228
0.136
2.256
0.78
0.288
0.336
0.1
2.58
0.148
6.828
3.152
3.68
1.656
0.12
2.208
0.616
2.284
0.868
2.7
0.124
1.884
0.696
0.448
1.796
0.496
1.024
0.096
0.38
2.256
8.148
0.208
5.896
0.996
1.872
0.396
0.12
0.1
0.156
0.648
0.208
0.184
0.432
0.252
1.132
0.688
1.648
8.9
0.152
0.172
1.648
0.152
1.156
0.976
3.924
0.184
5.008
5.524
0.1
0.38
4.904
7.38
0.64
0.544
0.124
1.096
0.5
0.184
1.044
0.1
0.684
0.144
1.296
0.136
0.124
1.548
1.328
3.752
1.564
3.948
3.568
0.116
1.492
3.884
2.928
0.976
2.152
2.024
1.952
0.248
0.292
5.424
0.108
5.596
0.332
0.268
0.156
1.596
0.708
2.9
4.496
0.104
3.68
2.176
0.92
0.196
1.604
2.704
0.652
1.188
1.156
4.636
1.1
0.1
0.616
0.692
1.668
0.796
1.272
0.584
1.06
0.868
3.596
0.484
0.128
3.472
1.928
2.48
0.208
0.124
2.8
1.172
1.252
0.248
2.72
0.176
0.152
0.208
0.148
0.932
0.112
1.012
0.604
0.152
0.144
0.152
0.304
9.036
0.476
3.676
4.248
0.712
0.952
0.496
3.896
3.004
1.948
0.684
0.9
1.036
6.764
1.928
1.22
0.276
0.124
0.448
1.48
0.712
1.288
5.996
0.12
0.756
0.432
0.252
8.7
0.164
1.98
0.156
0.428
0.244
1.94
0.1
0.644
0.36
0.232
0.388
0.248
1.796
1.276
0.444
0.152
0.152
3.368
0.8
1.428
1.992
0.184
1.16
4.408
0.136
0.764
6.092
7.124
1.012
0.748
5.612
1.228
0.84
0.128
0.168
3.4
1.048
0.48
2.188
9.448
0.36
1.14
5.288
0.104
7.272
1.988
0.14
6.708
1.028
0.148
0.524
0.272
1.052
1.316
0.104
0.928
2.06
1.252
1.144
0.288
2.704
0.76
0.152
1.564
1.332
0.152
0.148
2.772
5.348
0.584
1.088
0.156
0.508
0.132
0.128
6.212
0.1
3.392
0.808
2.216
9.948
0.832
0.1
0.112
2.552
3.82
0.1
1.344
1.824
3.708
1.76
5.816
1.984
0.14
0.152
2.336
3.616
1.496
1.292
3.676
1.144
0.16
1.316
0.204
2.06
0.584
3.984
7.62
2.328
4.032
0.876
0.24
0.384
2.42
0.128
0.1
0.608
1.464
0.116
0.108
0.132
2.0
0.372
0.332
1.78
2.78
0.92
0.16
0.168
4.1
2.02
2.88
0.144
2.456
2.208
1.328
0.492
0.632
4.436
0.152
0.672
0.156
2.264
0.156
0.116
0.64
0.728
0.52
0.492
0.128
0.1
0.632
0.452
1.08
0.58
5.8
0.584
2.632
5.94
0.148
0.852
0.096
5.316
0.096
2.908
0.756
4.672
5.18
0.968
0.096
0.5
0.116
1.728
1.984
1.056
0.34
4.08
2.144
0.156
7.532
0.56
0.128
2.32
0.148
1.56
1.864
0.284
0.532
0.54
1.696
0.14
1.304
0.152
0.92
1.04
1.944
9.248
0.128
0.24
10.592
1.192
0.172
5.596
2.672
2.74
0.584
0.096
4.7
0.68
0.148
0.996
2.608
1.06
1.12
0.932
0.196
0.248
1.304
0.124
1.216
1.216
3.148
0.096
0.356
0.316
2.776
0.1
0.196
1.532
0.704
3.912
6.992
0.46
0.1
1.348
0.092
0.376
1.084
0.62
2.224
0.14
0.104
0.536
2.032
2.7
0.916
2.076
0.304
3.696
4.288
0.148
1.2
1.56
3.7
0.516
4.276
0.612
5.696
0.56
0.556
1.876
0.652
0.384
0.596
0.896
6.512
0.1
0.768
3.612
2.94
2.544
6.096
2.044
1.576
0.256
8.38
0.12
0.096
2.028
1.288
10.388
9.348
4.312
1.64
2.084
2.116
1.1
1.912
2.824
2.16
0.756
1.812
0.756
2.884
1.672
1.348
0.188
4.552
2.644
0.148
10.364
6.264
0.164
9.356
4.424
9.824
2.076
0.124
1.404
1.128
3.004
0.28
2.768
1.16
0.396
1.564
1.98
0.124
1.476
0.448
0.128
0.576
3.78
1.704
3.352
0.5
1.104
1.492
0.1
0.288
1.496
1.056
0.316
0.892
7.108
0.748
0.368
1.996
0.1
3.58
0.144
2.096
1.288
8.964
0.228
0.392
0.116
0.184
1.6
0.096
2.4
0.484
0.18
1.644
0.092
1.948
4.14
2.788
0.152
0.124
4.124
3.448
4.604
0.144
0.12
0.132
0.124
0.092
0.156
1.112
1.468
1.148
1.012
0.24
2.908
0.58
0.116
0.104
1.272
0.86
0.796
1.1
0.12
1.376
0.32
7.192
1.86
1.44
0.988
3.02
3.264
1.56
3.036
0.148
1.064
4.232
2.744
0.288
2.408
0.22
0.16
0.22
3.692
0.604
0.096
0.1
9.524
0.096
1.808
1.524
0.132
0.152
0.412
3.332
2.816
0.092
0.896
0.932
0.688
0.72
3.272
0.512
1.296
10.772
0.332
0.952
1.268
0.32
0.584
2.236
0.9
0.14
0.4
1.42
0.676
0.144
0.744
0.264
0.14
0.664
1.908
5.212
0.092
0.236
2.556
1.536
4.112
0.116
0.148
0.356
8.36
0.872
0.412
1.22
1.316
3.996
0.148
0.204
0.388
0.504
1.144
0.868
4.48
1.328
4.036
0.168
0.812
0.1
0.1
0.148
0.148
0.12
0.096
2.8
2.988
2.008
0.212
0.86
0.132
1.648
0.164
6.832
1.512
0.768
0.156
5.092
0.092
0.148
0.096
7.144
0.588
0.156
1.988
1.848
0.236
4.668
2.712
1.216
1.164
0.76
4.248
0.184
0.272
0.784
0.256
0.1
1.74
0.092
0.336
1.088
3.184
1.616
1.932
2.584
1.568
0.208
0.1
2.432
1.52
1.688
0.104
0.14
2.108
3.88
0.224
0.848
3.596
1.992
0.148
1.012
0.824
0.66
0.34
2.22
7.56
0.648
1.692
1.296
3.048
1.236
0.1
0.688
0.728
0.148
6.02
4.988
8.44
1.52
0.1
0.788
0.176
0.188
0.48
4.564
0.856
0.784
0.788
0.12
1.724
0.592
3.672
1.164
0.18
0.524
10.8
0.752
0.144
4.148
3.296
9.76
2.048
0.744
0.884
0.504
2.148
4.3
2.88
0.628
4.564
0.128
3.348
0.096
1.12
0.148
0.204
2.768
0.648
1.216
0.216
0.204
0.876
0.176
0.144
2.06
3.936
2.276
1.344
3.14
3.66
1.448
0.416
0.608
0.832
1.592
0.1
0.444
2.052
2.816
0.364
1.6
4.516
0.696
1.032
3.952
1.656
0.588
1.808
1.892
2.588
0.48
0.144
2.5
0.152
9.892
1.344
4.86
0.104
0.256
0.26
4.14
6.3
4.304
0.104
0.74
3.48
0.784
2.044
0.136
4.744
3.868
0.156
1.828
0.684
4.224
1.668
0.1
3.712
0.6
7.508
0.128
0.368
1.636
1.592
1.508
6.284
0.096
0.148
0.356
0.292
7.804
0.428
1.164
1.448
1.448
4.4
0.156
6.872
4.32
0.476
0.152
0.996
0.092
0.48
0.788
0.536
0.108
4.024
1.528
0.72
3.832
0.336
0.072
2.0
0.148
2.8
2.54
4.212
0.768
1.576
1.584
7.132
4.736
5.36
2.584
1.224
2.808
0.116
1.44
4.364
0.968
0.144
0.144
0.36
0.352
0.232
0.908
1.684
6.596
0.1
0.18
0.148
2.464
0.12
1.024
4.928
0.116
0.208
1.232
0.488
5.384
6.096
3.852
5.332
0.152
2.04
0.104
0.212
5.42
1.432
3.328
2.224
2.096
0.536
0.252
0.956
0.4
0.808
1.856
0.148
0.448
0.92
0.708
1.408
0.884
0.184
0.128
1.372
0.68
0.628
3.6
0.104
1.384
6.72
0.444
3.376
1.092
1.764
1.336
1.98
0.148
0.144
3.852
0.628
0.736
0.324
1.804
3.828
0.148
0.584
0.096
2.508
0.156
0.472
3.976
7.012
7.54
7.412
0.1
0.112
0.152
2.788
6.436
4.628
0.148
0.264
1.176
2.752
0.72
3.556
0.34
2.648
0.092
2.444
0.52
0.708
1.748
1.604
0.884
2.36
3.796
0.144
3.796
0.092
0.204
2.884
2.18
0.152
2.232
0.096
2.432
3.364
0.236
10.44
1.604
3.02
1.0
1.7
1.08
2.432
0.508
1.068
6.176
0.404
4.92
1.116
2.86
6.064
0.396
0.184
0.104
9.124
1.252
0.12
4.38
0.1
0.108
0.096
2.932
4.352
0.316
5.492
7.136
0.176
0.18
4.428
1.1
0.12
3.688
2.976
2.164
1.672
0.36
2.008
1.148
0.308
3.94
3.32
0.648
7.876
0.564
1.916
1.384
0.904
0.1
0.612
0.332
1.176
0.412
0.752
1.464
0.148
1.4
2.16
1.068
0.884
5.48
5.484
1.432
0.716
0.32
2.58
0.116
1.568
3.628
0.532
0.144
0.372
0.704
0.096
0.392
0.616
1.164
0.132
1.872
0.224
2.52
4.02
1.104
0.1
3.548
7.476
2.692
0.872
5.652
0.24
1.232
3.04
5.372
1.188
1.588
0.12
0.608
3.424
1.136
0.3
3.148
0.852
1.164
0.656
5.528
0.42
0.696
0.092
0.128
0.368
2.276
0.156
0.396
3.772
1.928
0.208
0.284
1.108
0.524
3.06
0.788
1.884
4.312
0.552
7.128
0.304
1.16
0.136
0.132
1.148
2.916
0.22
0.152
0.156
0.172
0.728
0.292
0.144
3.796
4.708
1.756
1.2
1.98
0.1
0.128
2.524
2.012
3.164
0.744
0.204
1.296
1.348
2.752
1.1
0.628
1.184
0.224
7.296
1.628
0.208
1.172
0.78
0.964
3.892
0.42
1.152
0.332
2.112
0.332
0.54
3.232
3.952
0.6
0.372
5.344
1.244
5.764
0.204
7.376
1.244
6.208
2.864
7.668
7.156
0.916
0.376
3.432
0.172
0.172
0.92
0.656
2.244
2.612
1.64
0.296
5.916
0.108
4.452
0.404
0.444
2.152
4.272
1.824
0.156
0.1
0.1
4.036
5.056
3.76
0.472
1.62
0.136
0.096
4.376
1.248
4.252
2.82
1.436
2.944
2.152
3.572
1.476
1.408
0.204
1.4
0.092
0.516
1.716
2.004
1.676
7.104
1.292
0.108
0.6
0.1
0.876
5.148
3.256
0.432
0.096
2.016
0.096
0.112
2.456
3.892
2.3
2.88
1.112
0.792
0.252
0.096
4.684
9.868
6.184
0.812
0.772
0.908
0.696
6.544
5.136
3.176
0.692
2.168
0.824
2.548
0.1
3.432
0.092
2.256
1.184
0.632
0.1
4.56
1.48
0.176
1.284
1.52
1.944
0.292
1.892
1.592
0.752
1.264
0.268
0.488
0.1
0.232
1.552
0.116
4.428
1.112
0.156
0.128
1.968
0.12
0.456
0.152
1.84
1.02
0.74
6.76
5.484
0.368
1.824
1.576
1.188
7.408
1.764
1.8
2.896
0.104
5.548
0.588
1.348
0.456
3.632
0.14
3.032
4.86
0.972
5.66
1.304
1.588
0.8
0.2
2.476
1.06
3.996
0.968
0.852
0.624
0.584
1.128
0.14
0.86
0.14
0.192
0.568
0.596
1.028
0.132
0.964
3.212
0.908
3.644
1.28
1.584
0.116
0.592
2.204
0.152
1.96
0.656
0.564
6.224
1.528
1.888
3.44
1.5
0.952
0.504
0.292
0.9
0.148
0.836
1.636
2.3
0.704
3.676
0.28
0.092
4.96
1.624
0.124
0.156
0.268
1.652
0.252
0.216
0.972
2.964
1.368
1.176
5.92
7.108
0.296
0.644
1.804
3.076
0.46
2.024
6.232
1.784
0.152
0.128
2.2
0.616
4.156
3.76
1.828
0.364
1.224
0.64
0.648
0.1
3.212
6.916
7.412
0.248
0.636
0.176
1.784
4.188
0.52
0.952
1.076
0.664
0.12
0.48
3.724
1.776
0.464
1.556
0.136
0.476
0.1
4.276
5.116
4.904
7.568
1.952
2.388
0.72
5.08
3.276
1.9
5.616
0.148
3.936
0.14
4.176
0.148
3.708
1.176
10.612
0.412
1.884
1.808
0.18
3.016
1.468
0.24
3.896
0.096
2.28
0.136
1.276
2.612
0.52
0.308
4.144
0.396
1.26
0.772
2.068
0.324
0.864
0.116
1.544
3.484
8.4
0.272
1.396
0.1
1.22
0.344
0.144
4.976
1.092
0.524
0.336
7.516
0.756
0.356
0.1
0.812
0.516
2.82
5.08
0.248
2.228
3.388
0.104
2.472
0.404
3.168
3.272
1.272
0.144
1.488
0.152
0.492
0.156
0.7
0.088
1.536
0.112
1.132
0.932
0.82
1.196
0.144
0.856
0.152
0.684
2.156
1.54
2.252
6.444
1.952
1.612
0.364
0.516
1.784
2.1
0.1
3.576
2.48
1.612
3.068
3.416
0.496
1.536
0.096
0.948
1.936
0.344
0.144
1.868
2.368
0.292
1.776
6.54
0.156
0.604
6.304
0.972
3.288
2.004
0.268
0.7
0.296
11.028
0.12
3.736
0.212
0.608
2.496
2.02
2.04
0.74
2.212
1.82
0.88
0.424
2.54
0.124
0.352
1.988
1.752
2.424
1.08
7.592
2.308
7.02
8.036
0.628
0.68
1.232
4.272
0.92
3.932
0.456
0.44
0.404
0.092
0.604
0.384
2.908
2.524
0.164
2.26
0.456
0.1
0.404
0.124
2.144
7.344
0.852
1.2
1.668
3.592
2.3
3.512
1.216
3.704
4.448
0.272
1.604
4.308
3.48
0.116
0.56
2.428
6.912
0.176
2.436
0.648
0.652
0.096
0.14
4.584
0.152
1.348
2.02
0.956
8.732
0.3
0.62
0.328
0.616
2.528
6.612
2.392
0.1
1.232
0.096
0.116
3.176
3.444
0.132
0.924
0.14
0.864
5.024
0.212
0.876
9.136
0.104
1.52
0.648
7.524
0.976
3.316
0.096
0.332
0.58
0.192
1.04
0.184
0.884
3.804
1.844
2.636
1.68
6.864
0.172
5.072
2.328
3.016
2.436
1.172
0.96
2.276
2.808
0.132
7.724
0.356
1.88
2.052
4.688
4.98
3.496
5.984
0.144
3.896
0.244
0.7
2.728
0.136
1.956
0.976
0.672
0.636
2.452
0.716
2.008
0.156
1.876
0.288
0.988
7.4
0.284
0.188
0.224
1.7
1.104
0.144
0.096
2.328
0.16
0.116
0.1
2.968
4.548
0.396
0.86
0.252
2.428
2.568
0.232
9.344
2.8
3.404
2.78
1.392
0.116
0.152
3.44
0.192
0.236
6.1
0.124
3.508
2.328
0.432
1.536
5.504
0.312
1.412
0.1
0.936
0.092
0.32
0.948
8.36
0.548
0.868
0.368
0.1
6.756
2.312
3.168
1.456
4.668
0.1
0.524
3.348
3.272
5.988
2.508
3.984
0.224
0.788
3.52
8.536
0.156
0.312
2.372
1.612
0.188
1.732
1.228
6.0
0.144
2.256
0.156
0.68
0.1
1.256
0.096
0.396
0.112
0.964
0.908
0.34
1.968
0.268
4.136
3.4
4.788
7.9
0.968
0.132
4.732
3.44
0.62
0.284
5.08
3.484
0.364
1.188
6.6
4.02
0.54
1.828
0.096
0.1
5.348
0.152
4.204
0.116
0.676
1.492
7.308
0.128
1.876
0.976
2.28
0.78
0.472
1.12
1.5
0.572
1.98
1.252
6.724
1.636
0.212
1.916
2.3
1.98
0.4
3.08
2.42
5.724
4.128
1.14
1.204
0.792
2.028
1.868
1.22
2.612
0.488
0.116
0.124
1.448
5.416
0.468
5.032
1.772
0.128
3.188
7.84
7.572
0.692
3.76
0.14
0.704
1.624
3.732
0.196
0.144
0.148
1.62
0.168
0.112
0.18
1.14
3.536
7.652
1.688
2.692
4.46
0.592
7.092
0.124
1.616
0.1
0.1
1.616
7.36
4.264
0.192
0.148
7.312
1.564
2.556
2.192
0.092
1.924
1.032
0.172
7.776
0.564
0.812
0.34
1.736
0.46
2.496
0.104
4.208
8.548
7.884
0.256
6.34
2.076
1.876
2.872
0.736
0.292
4.564
6.58
0.128
0.464
0.72
2.092
0.848
0.152
3.668
0.196
0.288
1.388
0.568
2.956
2.964
0.144
0.744
3.148
0.42
3.872
0.14
0.148
3.14
0.6
0.428
1.02
0.52
0.304
3.396
1.324
0.096
0.924
1.956
0.412
2.292
0.856
0.148
2.108
0.108
1.064
6.368
2.332
3.464
0.152
0.444
0.288
0.168
0.092
8.304
1.88
0.312
5.424
5.064
5.272
0.1
4.548
0.104
0.148
0.236
0.16
0.296
1.016
3.088
0.484
0.092
1.008
4.608
0.192
0.804
0.876
0.32
0.128
4.332
0.412
0.132
2.096
0.496
1.904
0.172
1.276
7.084
0.668
0.248
1.292
0.124
0.144
4.472
1.012
1.8
0.096
1.124
2.828
9.552
1.08
0.824
0.324
0.548
4.432
1.976
0.184
0.276
0.428
0.776
0.596
3.824
2.648
3.164
0.312
2.424
0.436
1.056
1.12
4.168
0.1
3.272
2.708
0.224
2.724
0.092
0.136
0.412
0.12
2.104
0.924
0.584
3.088
0.928
3.72
0.276
0.536
0.46
0.096
3.668
0.62
2.948
1.624
2.54
1.796
0.244
6.644
0.256
0.604
2.396
0.796
3.368
2.256
0.184
1.4
5.06
0.12
0.34
10.0
0.928
0.188
1.492
3.052
7.456
0.144
3.012
0.16
1.12
3.868
0.124
2.54
0.2
0.972
2.028
3.544
1.4
0.868
0.12
0.532
0.092
4.364
1.332
0.164
0.588
0.568
2.788
2.176
1.996
0.164
2.064
2.732
2.2
0.876
4.344
2.728
4.3
0.168
0.5
1.456
0.74
2.436
2.316
0.112
1.624
0.688
0.672
0.8
4.244
3.364
0.924
3.26
2.64
0.58
0.28
0.664
1.1
4.888
0.144
0.14
0.368
2.944
2.636
0.14
1.032
0.72
2.724
9.252
5.404
1.668
0.952
0.744
1.796
0.148
2.32
0.096
0.232
1.22
1.796
0.28
2.02
0.76
4.544
5.788
1.36
0.28
8.228
0.376
0.136
5.472
3.16
2.124
0.408
0.22
0.148
0.424
3.388
0.156
1.168
0.524
3.808
0.208
1.156
2.208
3.74
0.576
0.764
0.456
0.1
0.352
1.508
0.492
4.148
0.1
1.58
0.592
0.672
0.556
0.168
3.388
2.768
5.292
0.38
0.216
1.076
2.308
0.1
0.116
0.232
4.016
3.316
5.244
0.144
0.444
0.276
0.116
4.336
0.148
0.124
0.748
1.108
0.164
0.936
0.116
0.608
0.48
3.344
2.72
0.284
0.484
0.1
2.384
0.12
0.764
1.576
0.208
3.06
0.372
1.788
5.036
0.228
0.152
0.896
0.504
2.416
2.444
0.092
0.636
0.76
2.132
0.264
4.152
0.104
0.704
0.152
0.876
0.532
0.796
1.228
0.356
1.928
1.28
6.952
2.004
0.92
0.156
0.86
0.936
0.44
4.964
6.052
0.088
0.436
1.156
10.728
0.768
0.128
2.284
0.732
0.888
1.508
0.2
5.26
1.096
11.004
0.704
0.936
0.108
1.844
0.776
6.976
1.972
0.74
0.244
2.144
5.36
0.1
4.868
3.72
1.924
0.5
0.708
0.096
3.184
1.372
4.748
1.808
0.724
10.116
2.44
0.208
1.208
0.656
0.64
1.744
0.164
0.436
5.188
0.316
1.188
0.908
0.136
5.504
1.668
0.124
0.092
0.104
6.216
0.768
2.324
0.704
2.024
0.528
3.208
0.748
0.328
4.0
4.664
1.248
2.108
4.948
2.028
1.144
3.708
0.148
1.772
1.788
2.944
10.28
5.516
1.372
0.496
4.124
2.64
0.664
0.2
0.588
2.248
1.604
3.86
0.132
3.524
0.144
0.12
1.624
1.652
5.82
2.984
0.18
0.172
2.016
2.552
0.928
3.12
0.092
0.616
1.472
1.524
2.844
0.152
2.812
0.176
0.104
0.9
4.284
0.936
1.844
0.776
0.192
0.564
1.16
2.224
2.252
2.036
1.256
3.024
0.512
0.272
6.724
1.384
0.12
0.148
0.092
2.452
1.524
0.184
0.616
0.524
0.28
7.892
1.004
0.212
0.108
7.328
2.28
0.284
3.948
0.424
0.148
0.092
3.276
5.156
4.264
0.172
1.672
0.096
0.256
6.852
0.656
0.096
0.152
1.584
0.592
2.704
2.168
0.136
0.124
0.32
1.1
1.888
5.168
2.792
0.424
0.252
0.584
2.08
0.612
0.54
2.072
0.128
7.348
0.096
0.124
0.808
2.716
0.096
0.12
1.216
0.404
0.44
2.332
0.144
6.244
1.56
1.676
2.24
2.916
1.38
1.652
2.888
7.424
0.14
2.192
0.848
0.096
3.084
1.308
0.1
4.852
8.316
0.148
2.904
8.848
2.24
0.336
0.14
1.064
0.1
2.288
0.14
1.936
3.872
0.124
0.148
1.008
0.268
2.572
0.224
4.176
0.136
0.596
5.76
0.104
2.4
0.152
5.576
2.888
1.552
0.34
0.116
5.696
0.236
0.248
5.44
3.312
1.076
0.668
0.472
0.368
0.172
0.116
1.172
3.152
0.104
1.66
4.804
0.284
0.1
2.58
0.128
1.996
1.104
0.38
4.936
1.74
1.96
1.472
4.224
1.88
0.864
0.124
0.176
0.4
0.384
0.164
0.132
2.924
0.16
0.56
0.32
2.836
6.52
2.156
2.424
0.344
0.752
0.092
0.12
0.152
1.296
0.944
0.692
4.512
3.848
1.928
0.128
0.152
0.332
1.64
0.752
0.156
5.836
7.068
1.504
0.636
2.888
0.672
3.184
0.488
1.368
0.108
0.212
4.864
0.176
1.736
2.748
5.464
4.376
1.14
0.716
3.328
2.464
0.72
7.364
0.824
0.476
0.596
0.096
1.56
1.364
0.972
7.092
1.868
0.6
4.528
5.96
0.872
10.824
0.148
3.16
0.8
2.536
0.42
1.084
1.644
0.208
0.24
5.572
0.396
2.736
3.728
0.872
0.268
2.012
1.332
0.896
10.564
4.28
3.876
4.236
1.22
1.2
0.196
0.156
1.98
1.02
0.192
1.556
1.264
4.284
2.952
4.024
7.816
1.728
4.752
0.848
2.42
3.768
2.216
1.724
0.124
1.36
1.14
1.412
2.464
2.124
3.04
2.608
0.976
0.096
0.156
1.004
0.996
4.932
6.144
0.708
5.048
1.136
0.308
0.108
1.52
0.548
0.98
1.724
0.14
0.152
0.564
4.56
0.504
3.18
0.092
0.144
0.668
0.144
0.788
1.072
2.068
0.144
0.896
0.096
0.144
0.872
1.984
0.636
0.524
1.096
1.276
1.316
2.568
0.432
0.112
8.924
0.244
0.536
0.156
2.708
2.252
2.64
1.804
0.148
0.148
0.9
1.336
1.772
2.772
0.492
0.76
0.212
0.256
5.852
0.14
0.82
0.12
1.916
0.608
0.176
0.292
2.624
1.688
2.036
1.712
0.604
1.556
1.472
3.58
0.492
1.192
2.252
0.096
0.152
0.136
0.112
3.672
0.576
0.152
7.628
0.94
1.84
0.124
0.608
3.972
1.444
0.864
0.184
9.48
0.4
0.144
0.184
2.744
2.028
0.148
1.56
4.32
2.98
0.12
1.472
0.148
0.112
1.712
4.216
5.076
1.368
6.056
0.18
0.264
0.132
0.936
2.664
0.284
1.04
0.952
0.14
0.172
3.128
0.168
0.744
0.124
2.444
1.372
0.124
0.764
0.1
0.096
3.048
0.124
0.704
1.216
1.584
2.656
0.1
1.672
3.1
0.776
3.86
1.08
1.448
5.6
0.288
0.24
1.228
5.6
0.36
1.296
0.408
0.2
0.136
0.54
0.724
2.872
1.1
1.008
0.152
0.452
5.296
3.424
0.148
0.112
0.108
8.256
1.556
1.716
3.66
1.356
0.452
0.128
0.124
0.62
0.128
0.1
0.388
1.364
3.512
1.872
2.844
2.396
1.732
4.28
3.66
1.996
5.232
1.928
5.6
2.852
1.224
0.604
1.016
0.132
0.228
1.652
0.184
0.22
0.76
0.452
8.384
0.244
1.568
0.1
0.132
3.116
0.512
0.72
0.16
0.148
0.684
7.192
6.812
2.188
2.196
0.12
0.152
2.428
1.252
7.076
9.416
1.32
1.312
0.832
0.588
0.992
5.16
0.212
0.952
5.056
0.604
0.328
3.304
0.508
1.656
2.532
8.1
1.264
0.644
0.172
0.1
7.14
0.096
0.096
4.54
0.472
3.076
0.1
0.372
0.248
1.896
2.428
0.148
0.184
0.484
0.412
0.132
1.408
0.136
0.144
0.608
4.448
1.744
0.504
0.764
0.78
4.472
2.072
0.224
2.184
3.296
2.0
2.432
6.028
1.168
5.604
0.464
0.788
0.192
0.368
0.408
0.128
0.788
2.02
0.912
2.536
1.908
0.448
6.06
0.136
0.532
0.116
0.528
0.192
0.684
8.036
0.196
0.1
0.248
10.38
0.12
0.096
0.104
1.632
0.52
2.02
0.928
1.632
0.088
0.284
3.248
1.908
2.608
5.3
8.856
0.952
0.356
10.516
1.144
4.448
1.04
0.524
2.584
1.724
0.4
0.472
4.628
0.144
0.52
1.94
1.224
0.124
3.632
0.108
10.396
7.928
2.144
0.532
0.168
0.636
1.58
1.648
0.108
1.78
2.976
0.304
2.888
0.104
0.308
0.168
3.808
0.144
0.384
0.16
1.78
4.336
0.648
2.432
1.792
0.472
0.164
0.532
7.648
3.036
0.152
2.632
0.844
2.288
0.156
5.152
0.724
0.52
1.92
2.736
3.624
0.508
0.096
0.876
0.344
2.228
0.092
1.792
2.284
0.864
0.152
0.128
0.1
4.52
3.312
8.496
0.12
1.912
5.42
1.732
0.208
1.596
1.668
0.176
0.112
1.74
2.304
2.008
0.216
8.652
0.264
0.096
0.5
2.9
0.1
1.96
0.288
0.156
0.104
1.516
0.264
1.1
0.84
4.828
1.592
5.436
0.28
0.712
1.476
0.992
0.82
2.628
2.096
0.36
1.664
1.392
2.172
1.352
0.568
0.144
0.112
4.956
0.12
2.548
0.1
1.228
0.192
0.608
0.14
0.8
3.668
1.92
1.556
4.244
0.108
0.544
4.252
0.1
1.216
2.492
0.148
2.42
0.328
2.612
0.176
0.144
2.604
2.04
2.944
0.136
0.12
1.4
4.784
0.764
4.164
2.868
3.648
0.116
6.5
3.252
1.56
3.808
0.232
0.124
1.768
0.148
1.152
0.38
3.7
1.012
0.984
0.448
1.764
0.216
0.236
2.064
1.752
0.2
2.812
4.952
0.292
1.06
0.144
0.068
0.208
0.276
0.62
0.144
1.172
0.1
5.312
1.664
2.756
0.48
0.468
0.152
2.252
0.876
0.36
1.056
0.556
0.38
9.18
0.1
0.292
0.216
0.516
9.848
0.144
3.976
5.6
1.86
3.248
0.204
3.388
0.192
1.58
6.264
0.124
5.236
2.692
1.008
2.54
1.8
5.016
0.416
3.668
2.248
1.112
1.828
0.188
0.136
0.56
1.908
1.048
0.16
0.204
0.804
0.3
0.116
1.38
0.144
1.688
2.244
2.768
1.724
3.872
3.052
0.236
1.168
0.356
0.28
0.332
0.988
1.512
0.636
8.768
4.372
0.188
0.108
3.124
7.356
0.8
0.76
1.728
0.144
0.792
1.7
0.824
1.308
0.112
0.984
0.148
0.888
0.14
2.532
0.104
0.096
6.088
0.18
0.112
1.612
3.052
0.1
1.328
1.484
3.684
2.736
9.756
6.752
0.12
0.924
0.216
1.784
0.116
0.128
0.124
7.26
3.448
0.12
0.372
0.668
1.024
1.916
4.52
1.108
5.256
0.988
0.148
1.328
1.904
7.504
6.78
3.024
2.8
1.02
6.544
3.084
5.152
2.248
2.692
0.404
3.412
0.096
0.456
0.288
1.416
0.144
4.576
0.212
0.252
4.06
0.152
0.1
6.46
2.388
1.412
0.1
0.196
1.64
1.908
0.4
0.148
2.268
6.46
0.156
1.036
0.096
0.944
0.78
2.424
8.824
1.008
1.892
0.12
6.788
0.1
0.464
0.916
2.016
1.576
0.152
0.36
2.76
2.856
0.1
0.18
0.104
3.428
4.724
0.148
3.124
3.18
0.132
1.908
0.156
0.18
0.124
0.184
0.232
3.644
6.136
2.644
0.536
6.196
4.828
0.88
1.712
2.66
3.236
3.88
5.444
1.9
5.388
1.596
0.212
0.9
1.952
1.352
0.1
0.604
1.964
2.94
0.672
0.796
0.096
1.476
2.352
2.716
1.508
1.828
0.148
0.1
0.96
0.884
0.216
1.184
0.328
0.224
0.148
1.416
1.06
3.5
10.036
0.268
1.56
2.948
0.128
0.212
1.16
0.256
0.508
7.432
0.308
0.94
0.104
5.332
0.152
0.104
0.9
7.428
0.164
1.932
1.54
0.152
0.444
0.096
0.892
0.376
10.648
0.212
4.816
0.32
0.208
0.952
0.276
0.296
1.728
3.148
1.044
1.956
0.148
0.12
1.968
0.132
1.76
0.136
4.24
0.66
0.108
7.236
0.844
2.92
5.612
0.46
3.096
4.772
5.32
4.728
0.944
0.512
3.684
0.48
1.116
3.748
0.24
2.184
0.148
4.392
5.16
6.968
7.472
0.136
0.604
0.176
1.492
0.208
1.504
0.596
0.376
0.1
0.14
0.204
2.816
0.724
0.932
3.632
2.024
0.464
5.024
4.704
1.392
0.408
0.408
3.868
2.968
0.544
0.348
4.44
4.212
1.844
1.636
1.764
2.956
1.096
0.096
0.116
1.784
2.608
1.344
0.196
7.956
0.2
0.152
0.092
0.824
0.428
3.008
0.172
7.936
1.888
0.16
0.224
0.536
3.836
0.112
0.316
0.568
4.472
0.884
0.168
0.64
0.56
0.2
1.36
0.144
0.52
0.7
4.812
1.056
1.928
0.104
0.092
3.6
1.088
6.14
5.164
5.028
1.02
0.124
3.12
0.92
4.144
0.152
0.86
3.856
4.064
1.004
0.084
1.068
2.892
0.368
0.1
3.204
0.524
3.872
0.56
1.864
3.056
0.172
1.512
1.656
1.456
1.652
1.512
0.296
3.856
0.268
1.72
0.18
1.1
1.996
0.096
0.292
1.972
0.112
0.348
2.908
1.408
1.652
1.396
1.732
0.1
1.532
0.152
0.092
5.44
1.82
0.236
8.52
0.148
6.82
2.804
1.66
0.1
0.584
1.624
0.16
1.308
0.624
0.16
0.236
1.936
0.292
6.768
0.152
0.12
5.364
0.848
0.872
4.7
0.16
0.216
0.756
0.092
0.112
1.772
0.096
3.788
4.388
3.404
0.128
0.168
2.184
1.788
0.164
8.844
3.464
4.028
6.204
0.16
0.188
0.092
2.472
0.82
2.204
0.524
0.096
4.74
0.096
1.58
2.264
4.504
2.472
2.008
0.132
2.58
0.564
0.144
0.1
4.98
0.928
7.26
0.264
0.624
1.248
3.016
0.112
1.528
1.516
0.096
0.86
3.188
1.212
0.632
1.48
0.116
0.908
5.244
0.304
1.74
5.616
1.044
7.332
6.388
0.16
2.424
0.132
5.264
2.872
2.316
0.216
0.148
0.288
1.064
2.356
2.588
1.82
0.856
4.416
1.804
0.4
4.02
3.86
9.08
0.78
0.152
0.212
1.448
0.452
2.276
8.532
0.288
0.148
3.72
1.064
2.14
1.104
0.16
0.156
2.012
2.24
0.932
4.172
4.832
0.152
0.82
1.98
1.392
0.932
3.52
0.236
0.252
0.236
0.228
0.164
0.212
2.088
0.38
0.324
10.184
0.124
0.136
0.244
0.544
0.6
1.42
0.24
0.124
1.412
4.716
4.864
0.392
0.696
8.52
3.904
3.096
0.288
0.32
2.628
0.728
0.78
1.3
0.312
3.66
0.604
9.344
1.816
1.864
0.116
2.428
4.504
1.876
2.244
0.376
1.092
0.088
0.648
0.3
3.768
0.268
0.184
0.096
1.104
2.04
0.112
0.448
2.352
0.104
0.104
0.124
0.124
0.288
1.344
1.66
0.236
0.092
0.1
0.724
9.776
5.732
2.432
1.46
0.96
0.132
2.648
0.228
0.8
1.564
0.596
0.156
1.268
0.524
1.028
3.024
1.08
9.936
0.156
0.144
0.544
0.148
0.868
6.956
6.12
0.928
1.732
1.384
2.48
0.608
2.412
2.904
0.124
3.356
0.148
0.52
0.108
10.912
0.1
3.44
1.4
0.392
0.272
4.028
0.3
6.092
0.384
0.8
0.132
0.992
5.728
1.404
4.904
0.72
0.16
0.772
0.164
1.768
0.148
0.128
0.32
0.1
0.32
0.368
0.524
10.96
1.412
0.536
2.836
0.372
0.096
0.168
1.032
4.768
0.144
0.132
0.096
2.16
1.22
1.616
0.416
0.508
2.064
2.012
2.364
0.248
4.092
2.268
0.204
3.328
1.036
4.68
6.396
4.652
0.092
1.336
2.028
2.484
0.224
1.012
2.104
0.868
1.544
0.288
1.272
0.4
2.012
6.368
0.384
0.472
0.476
1.28
0.156
1.136
3.28
0.824
5.66
0.096
3.332
1.712
1.224
0.416
1.404
1.376
2.244
0.136
0.468
0.464
3.684
2.268
0.336
0.52
0.836
1.592
1.844
2.524
0.972
1.896
4.272
0.552
0.096
0.328
3.336
0.156
1.448
0.112
6.528
0.38
0.1
5.644
0.396
0.308
5.22
0.14
0.844
1.416
1.576
0.164
0.672
4.028
0.204
1.844
0.116
2.516
2.624
1.02
1.616
4.52
2.48
3.492
2.36
2.26
6.876
0.1
0.152
2.884
0.116
5.368
1.552
0.648
1.992
3.24
0.348
1.768
0.964
6.7
0.692
0.148
2.58
6.228
4.764
1.36
0.124
5.124
3.124
3.72
4.68
0.56
0.096
4.74
0.152
0.872
2.692
0.424
2.456
0.18
1.0
0.228
1.076
0.952
0.804
6.052
1.22
0.684
8.372
4.92
1.28
0.208
0.128
0.576
0.86
0.464
0.196
5.272
3.604
0.676
0.712
0.868
1.124
0.308
0.512
1.3
0.368
2.7
0.16
5.948
0.232
6.256
3.684
0.188
0.852
0.82
0.152
0.092
0.524
0.12
0.152
2.036
2.036
0.904
0.128
0.752
1.012
0.388
0.6
0.2
4.896
1.164
10.656
0.704
0.132
2.728
2.312
0.148
0.28
0.896
0.1
0.144
0.168
2.244
0.12
2.284
2.036
0.824
2.74
2.172
0.1
0.576
1.74
1.128
0.136
0.104
0.152
0.236
4.144
3.456
0.7
1.308
0.1
0.988
6.468
2.136
0.184
0.128
6.12
0.38
6.088
3.548
1.992
1.412
0.236
0.404
2.108
0.984
0.82
0.116
1.064
6.08
1.736
5.6
4.14
0.244
1.328
4.668
0.348
1.176
0.892
0.416
1.04
9.104
2.476
0.248
0.132
1.368
4.92
0.232
0.8
2.844
1.508
1.96
4.212
0.144
0.324
2.124
5.296
2.184
0.788
7.312
0.1
0.764
0.916
0.192
0.62
0.628
0.14
0.26
0.464
0.156
6.496
0.288
0.268
1.908
3.712
0.868
1.46
1.38
0.764
0.796
5.288
1.488
1.8
4.02
0.3
0.152
0.16
1.216
0.2
0.5
0.784
3.256
6.62
0.224
2.232
4.868
0.1
1.74
0.184
1.028
0.712
1.592
0.448
0.156
0.8
0.276
0.12
0.268
4.68
0.22
7.752
0.36
0.156
3.136
1.312
0.228
0.156
1.32
0.82
4.308
0.852
0.184
0.1
0.144
2.136
3.108
3.4
0.168
0.248
3.956
3.336
5.356
0.736
2.6
0.176
0.956
0.612
4.884
0.776
0.592
3.36
4.64
0.16
0.144
1.296
1.228
0.148
0.652
3.712
0.168
1.484
0.672
4.72
1.588
0.1
0.092
3.824
0.116
0.2
2.376
0.444
0.096
0.4
5.516
0.808
0.156
4.664
1.048
0.152
1.492
2.644
0.968
0.176
0.1
2.3
0.572
0.192
1.82
3.824
0.688
1.264
5.016
0.2
7.544
0.276
5.48
3.552
0.096
0.828
0.148
1.836
0.54
4.92
0.804
0.188
0.324
0.376
6.088
0.4
1.688
4.84
1.728
0.452
5.092
0.096
2.388
0.364
2.28
0.472
0.124
1.908
0.148
0.136
5.344
0.3
0.268
5.312
1.792
0.76
0.376
0.208
2.4
2.476
0.14
4.548
9.172
0.732
1.204
2.872
0.1
0.152
2.112
0.54
3.464
0.936
6.472
1.928
3.152
0.804
0.1
3.628
0.236
1.656
1.72
7.408
0.672
0.596
0.14
8.912
0.996
6.668
0.752
1.872
0.856
0.144
0.544
0.156
1.116
0.876
6.828
2.092
0.176
1.936
0.096
0.14
0.54
0.888
0.144
3.424
4.62
0.508
2.64
2.032
0.4
0.716
1.16
4.592
0.112
0.144
4.524
2.848
0.092
0.812
0.3
0.372
2.94
2.288
0.1
5.112
6.676
0.248
0.128
3.228
1.412
7.524
0.748
2.932
0.244
0.156
1.616
0.108
0.98
2.792
0.16
3.7
0.104
0.68
0.688
0.128
6.472
1.628
0.172
5.812
0.3
0.384
0.836
2.248
0.176
1.828
0.128
4.388
1.564
6.04
4.456
9.316
4.004
1.484
0.12
0.128
1.788
2.508
0.716
5.064
5.64
1.932
0.152
2.976
3.176
0.568
0.116
0.18
6.1
1.256
1.724
0.156
2.696
0.152
1.996
8.196
0.34
2.776
0.108
0.344
0.46
9.908
5.984
4.716
5.464
0.876
0.216
1.036
3.956
6.16
0.616
0.416
0.172
0.132
1.952
0.144
1.648
2.78
0.976
0.612
0.156
0.792
0.116
0.624
0.148
1.952
6.98
0.268
1.86
0.18
3.176
4.268
0.148
10.788
7.744
5.416
0.152
0.968
0.916
6.612
5.868
0.968
0.124
0.128
2.284
0.812
2.344
1.652
3.504
0.676
0.244
3.404
1.672
1.936
0.148
1.508
1.204
1.144
4.912
0.268
7.156
0.588
0.108
1.172
1.764
0.116
0.208
2.664
2.876
1.608
0.256
1.188
3.936
1.072
2.496
6.492
8.812
3.896
0.152
0.096
0.096
1.204
3.696
0.112
0.788
1.844
0.2
0.18
3.096
0.148
3.372
0.18
0.612
4.868
1.552
1.72
3.792
0.088
0.416
0.104
1.576
1.664
1.048
2.772
2.196
1.544
0.2
1.268
0.724
3.068
5.904
2.704
3.972
1.38
1.02
0.832
0.72
0.128
0.376
1.116
5.912
0.112
0.108
1.34
0.48
0.988
0.336
0.148
1.228
0.804
6.728
2.616
0.516
0.128
0.644
0.1
3.9
0.456
2.16
9.72
2.088
8.112
0.304
1.228
6.608
1.584
0.152
0.128
0.1
0.772
1.356
1.536
0.628
0.136
1.596
1.316
2.68
10.192
0.692
0.48
2.952
1.428
4.564
1.96
0.452
0.24
1.864
0.368
2.0
0.292
0.108
7.584
1.14
0.448
3.632
0.632
0.376
0.16
3.268
0.14
0.156
5.008
2.78
0.1
2.752
3.364
0.3
0.152
1.82
2.748
2.916
0.096
0.124
0.116
0.612
0.344
0.128
0.564
1.676
0.8
1.524
1.392
2.456
1.624
0.48
0.844
2.756
0.232
0.208
1.532
1.132
0.628
0.984
8.652
1.712
2.608
9.38
4.032
0.952
1.756
0.268
1.608
0.204
0.116
2.428
1.644
0.14
1.432
0.536
1.32
0.624
3.004
0.952
3.116
0.4
0.472
3.516
0.148
0.24
0.668
0.604
10.952
0.672
0.436
0.116
0.784
0.096
0.596
3.46
1.264
2.12
2.936
0.256
1.084
4.192
9.488
0.164
0.1
4.86
1.584
2.332
0.26
8.536
0.148
3.08
0.128
0.12
3.784
0.14
0.268
0.704
0.736
2.96
1.7
0.452
0.436
2.116
0.136
7.832
1.016
0.296
2.56
0.156
2.112
0.948
1.14
0.804
3.428
4.688
0.252
0.988
10.78
2.848
0.148
0.728
4.168
1.608
0.864
4.708
4.996
0.092
2.368
0.14
2.832
5.02
6.028
0.388
0.156
1.4
1.908
1.016
3.812
1.12
0.88
6.4
1.116
0.916
0.44
0.368
8.476
9.084
1.94
4.84
0.16
0.1
0.348
1.356
4.456
0.12
2.464
0.112
0.664
0.132
3.228
2.384
0.98
0.104
0.132
7.344
1.076
0.164
4.72
0.896
5.508
4.716
2.376
0.156
1.112
8.14
2.288
1.188
5.236
1.08
0.704
2.996
0.18
1.104
2.872
1.576
3.752
0.18
0.9
7.356
0.092
0.108
3.148
0.156
2.956
4.988
1.516
0.136
5.404
2.08
0.388
8.444
6.272
1.452
2.484
1.48
1.216
3.208
1.3
2.168
0.76
0.104
8.792
7.02
0.216
0.444
3.056
0.096
0.14
1.152
4.42
0.4
6.26
0.216
3.412
0.096
1.744
0.912
2.94
1.356
0.808
3.784
1.328
0.116
0.148
6.252
0.116
0.116
0.1
0.096
0.092
2.684
0.712
0.104
1.484
0.516
0.508
0.896
0.164
0.228
2.08
0.624
3.648
0.16
0.724
0.548
0.144
1.308
0.344
2.1
0.212
0.092
3.18
3.452
0.38
1.02
0.624
0.176
0.496
1.12
1.728
0.336
3.636
1.84
1.28
5.884
2.812
3.108
0.872
4.472
0.708
4.388
0.724
0.708
0.628
0.136
5.808
0.16
0.932
2.336
0.74
7.044
1.5
7.016
2.68
7.332
3.54
10.316
0.272
4.36
4.428
2.408
1.184
0.728
0.144
7.776
4.484
0.832
0.124
7.552
0.136
1.964
0.46
0.1
2.488
0.144
3.32
0.876
0.204
0.24
1.408
0.424
2.908
4.432
2.764
4.472
0.148
0.14
0.092
0.12
0.156
1.492
0.384
2.832
2.528
0.616
2.056
0.124
0.5
6.748
0.736
0.796
0.152
1.336
8.048
1.392
0.144
7.188
2.904
0.592
3.228
0.828
0.736
0.884
1.54
1.364
0.744
2.356
4.348
3.4
0.264
8.708
6.184
0.14
0.148
1.74
4.148
3.052
3.616
0.448
5.768
1.304
2.072
5.528
1.076
0.244
0.816
6.852
2.012
0.24
2.344
0.084
1.14
0.88
0.48
2.568
0.096
1.5
0.204
0.284
0.116
0.144
3.456
6.836
0.168
1.692
1.512
1.924
0.148
0.512
1.056
0.096
8.024
2.008
3.892
0.264
1.808
0.812
0.18
6.224
2.192
5.38
4.28
1.844
3.696
0.928
0.096
0.996
1.82
0.404
2.896
2.804
2.78
2.852
6.032
3.104
0.336
0.588
0.152
0.76
0.116
5.464
1.936
2.212
0.176
0.648
0.148
2.924
4.62
0.24
1.68
0.136
5.152
0.084
0.152
0.132
0.1
1.696
0.924
3.456
1.308
1.916
0.096
1.404
1.096
1.2
4.612
0.432
0.108
0.348
6.492
0.2
0.864
0.096
4.784
0.096
1.788
1.324
1.972
0.704
9.332
1.652
0.464
1.296
0.144
2.264
1.116
4.344
1.752
0.272
0.512
1.064
1.444
0.104
0.124
0.1
0.548
6.472
0.436
0.392
4.448
3.456
0.292
0.228
1.308
0.148
0.74
0.504
0.156
2.004
0.616
1.292
0.36
0.156
0.268
0.964
6.14
0.52
2.464
2.628
0.1
5.74
0.144
2.32
0.148
0.1
2.484
0.296
0.484
5.248
0.588
0.9
3.504
0.144
1.288
0.1
4.528
0.912
0.604
7.064
3.196
0.964
0.292
2.624
0.108
2.144
0.176
9.144
5.136
4.84
2.276
1.928
1.816
0.728
2.612
0.584
0.096
0.428
2.048
1.132
5.212
0.984
2.8
0.24
1.356
2.524
0.104
1.88
0.928
1.448
3.296
0.464
8.896
4.08
1.384
1.536
3.444
0.152
1.136
0.292
0.808
0.104
0.116
0.152
2.008
2.228
0.792
0.136
5.484
0.78
5.908
2.592
0.092
6.76
1.572
0.14
0.832
0.156
0.152
0.312
1.608
2.584
1.256
0.1
1.908
1.116
0.196
0.128
0.096
0.316
5.268
0.152
6.32
3.4
1.468
0.824
0.1
3.604
6.788
4.236
0.508
3.684
0.392
0.112
0.12
0.128
0.66
0.148
0.792
0.136
0.16
5.276
0.104
0.188
0.116
3.236
0.152
1.004
1.088
1.588
0.804
1.844
4.768
0.148
0.236
0.168
1.616
1.232
2.656
3.728
2.936
1.856
1.58
3.428
0.164
3.016
0.26
0.14
0.108
0.288
1.208
0.144
3.12
4.02
1.908
0.316
0.196
0.148
1.82
3.152
1.832
9.952
2.916
3.084
0.148
0.848
4.704
0.096
2.988
0.26
3.024
1.112
0.232
1.332
1.108
1.024
0.572
0.172
0.152
6.78
4.62
0.12
0.524
2.716
0.104
8.28
0.156
0.148
5.812
0.324
5.94
1.996
2.268
0.112
0.344
2.028
0.096
0.156
6.108
0.328
0.92
7.744
0.204
0.244
3.916
0.1
0.752
2.564
0.096
0.288
3.852
1.356
0.128
2.816
0.504
0.116
3.52
0.084
3.456
1.416
1.732
3.848
0.388
0.432
1.032
1.256
4.492
0.404
1.972
0.864
1.088
0.156
0.444
0.1
0.128
1.344
0.112
0.148
0.86
3.788
0.152
2.508
1.392
5.712
0.192
4.86
2.676
2.212
0.528
9.46
0.328
0.1
0.668
0.208
0.184
0.144
2.888
3.668
0.096
1.132
0.14
4.852
3.188
5.796
0.972
3.952
2.484
5.084
1.308
1.752
0.548
4.172
0.74
0.132
2.52
0.152
0.984
1.524
1.012
3.824
0.936
3.964
0.372
0.208
0.476
1.172
1.652
4.448
3.056
0.572
0.552
0.36
1.016
0.916
0.172
0.556
0.148
1.652
1.868
0.096
0.264
1.936
1.736
5.236
0.868
10.168
0.54
0.128
5.828
0.268
0.116
2.736
0.096
0.172
0.104
0.416
3.304
0.804
0.1
0.32
3.824
4.712
2.952
0.604
0.092
4.876
0.84
1.312
0.3
0.264
6.16
0.132
5.94
1.572
1.448
0.56
1.368
0.392
0.288
0.192
4.844
2.868
0.812
0.18
1.636
2.2
0.24
0.564
5.44
0.74
1.984
3.176
1.512
0.16
0.472
0.188
0.164
0.152
5.636
0.888
0.952
0.204
1.728
2.696
0.128
5.876
8.36
0.588
0.724
1.656
1.14
0.1
0.196
0.104
6.928
1.952
1.212
2.028
0.156
3.364
4.316
1.92
0.168
1.436
3.376
4.216
5.532
0.124
3.54
3.92
4.96
1.984
0.172
2.036
0.092
3.78
1.372
2.588
2.62
0.092
3.528
1.74
1.82
0.088
3.456
0.292
1.948
0.912
5.312
0.328
1.296
0.152
2.404
0.164
0.936
1.596
1.356
0.576
5.556
1.108
3.036
1.104
0.688
6.276
4.2
0.092
3.416
1.084
0.932
0.152
0.448
0.696
1.712
0.128
1.64
1.144
1.492
0.092
0.116
0.108
3.68
7.832
0.468
0.44
2.6
0.208
0.796
7.288
0.392
0.86
0.736
1.716
0.108
0.216
0.344
2.332
1.004
0.932
5.176
3.0
0.096
0.136
1.564
0.456
0.34
4.828
3.284
4.888
2.78
1.696
1.04
2.46
0.188
0.876
5.432
0.1
2.784
0.352
0.44
1.184
0.136
0.1
2.44
3.848
3.092
0.104
2.496
0.748
0.9
0.344
1.224
0.124
1.78
2.788
0.544
0.532
0.14
3.328
5.516
4.332
2.396
8.532
2.688
0.54
1.736
0.5
0.376
9.98
2.712
3.336
3.904
0.148
1.984
0.288
0.732
2.796
4.424
0.384
1.632
0.436
0.132
0.84
0.32
0.128
0.1
0.12
0.764
0.136
0.464
1.656
0.18
1.024
0.2
10.484
0.324
2.668
0.148
6.832
4.452
1.212
1.408
1.252
4.616
1.704
1.916
2.66
1.604
0.1
1.488
0.176
3.588
3.328
0.14
2.356
7.152
0.732
6.024
0.448
0.98
0.788
1.1
1.376
0.432
1.904
0.14
0.468
5.428
0.504
0.704
0.208
2.916
0.392
5.272
1.688
0.412
0.82
0.76
1.004
1.492
6.08
1.004
2.832
0.476
0.748
0.848
4.332
1.172
0.292
1.388
0.108
3.62
0.888
0.836
0.128
0.304
2.592
0.748
0.76
3.3
1.12
5.496
0.148
0.144
0.696
0.128
0.704
2.792
1.22
1.82
0.664
2.9
0.148
4.188
0.144
1.024
0.112
0.1
7.052
5.34
1.52
1.612
1.04
6.612
0.54
7.56
2.656
1.06
1.196
0.152
2.192
0.1
0.096
0.212
5.736
0.28
0.888
1.256
1.756
1.028
8.204
2.696
1.024
0.512
0.116
0.28
0.392
0.52
1.616
4.036
0.1
0.736
4.216
0.312
0.156
0.14
2.452
9.58
0.56
0.276
0.1
0.948
0.224
3.588
0.208
1.84
0.224
0.756
0.352
1.328
0.272
0.468
1.452
0.12
0.092
1.032
0.516
0.152
0.108
0.912
1.244
0.868
0.164
3.264
0.156
0.22
0.22
6.84
0.132
2.548
0.096
5.52
3.872
0.236
9.056
1.096
1.328
2.108
0.464
0.208
0.124
3.684
0.1
0.116
2.272
5.336
0.208
0.096
1.196
3.572
1.488
0.472
0.1
0.54
6.068
1.944
1.056
4.472
3.292
2.656
0.832
5.072
9.84
1.152
5.128
3.396
0.088
4.04
0.2
4.612
5.724
0.152
1.908
2.336
1.088
0.14
0.144
2.832
3.628
0.456
3.568
0.812
0.464
4.08
3.124
0.596
0.208
9.396
2.708
0.152
2.264
1.068
1.264
2.548
0.924
0.156
0.732
0.808
0.108
1.384
1.404
0.712
1.396
1.404
3.556
0.156
0.768
1.152
0.488
0.14
0.124
0.848
4.384
1.996
2.796
0.152
0.752
0.128
3.564
0.104
0.248
0.176
1.584
0.908
0.812
1.524
7.664
1.916
0.156
6.388
0.412
1.196
2.92
0.22
0.828
0.1
1.644
3.772
0.268
0.164
2.116
2.196
1.556
0.296
0.34
2.448
2.932
2.232
1.16
3.252
4.572
3.136
0.408
1.472
0.844
0.908
3.716
4.88
0.368
10.176
5.676
4.44
0.348
4.152
0.248
0.52
1.676
0.104
0.156
1.38
1.62
0.632
0.88
0.364
2.632
3.672
8.02
1.704
0.4
2.024
1.816
5.812
0.428
0.152
1.1
0.448
0.1
0.88
0.892
0.124
3.876
2.548
1.512
2.484
5.004
0.924
11.0
3.476
0.108
0.384
0.12
3.156
0.624
0.904
3.556
2.28
0.2
3.976
2.796
0.88
8.224
0.324
0.156
0.492
9.996
1.176
1.36
0.784
4.824
2.088
1.416
0.1
0.8
1.228
5.516
0.144
1.588
2.844
5.692
4.032
0.112
4.248
1.3
0.1
0.588
6.06
0.42
0.812
1.9
2.052
10.972
0.16
0.096
6.8
0.176
5.316
0.5
1.556
0.152
0.1
2.904
0.148
0.1
0.096
0.824
1.888
8.332
0.092
4.6
0.848
4.344
0.316
0.1
0.148
0.116
1.056
0.472
2.924
0.428
1.32
2.472
0.156
0.728
3.868
0.376
1.54
1.432
0.152
2.508
1.636
6.172
0.792
0.828
0.244
1.656
0.096
1.24
0.288
3.256
1.4
5.852
2.364
0.144
2.524
0.096
0.136
1.3
0.344
0.152
0.324
3.948
0.804
1.692
3.872
1.64
1.112
2.448
3.672
0.352
3.896
1.06
0.964
5.704
0.52
0.092
0.896
0.504
1.424
5.056
0.1
0.352
1.728
1.38
0.36
0.136
0.1
0.428
0.096
1.14
0.264
2.288
4.876
2.312
10.492
2.208
0.388
0.852
5.34
0.74
0.688
2.136
0.688
0.116
0.724
1.452
1.76
0.652
2.26
8.136
0.212
0.964
0.612
1.332
9.044
0.156
1.192
9.8
0.828
0.152
0.184
1.572
0.708
6.012
0.912
3.944
4.156
0.136
0.148
0.212
0.108
0.424
0.608
2.836
0.804
10.284
4.296
0.74
2.124
0.436
0.1
3.5
1.656
0.672
0.6
0.692
2.64
0.784
3.948
0.316
0.264
1.94
1.62
0.128
0.532
0.084
2.804
2.052
1.956
1.26
1.356
2.62
1.956
0.788
2.82
0.172
5.484
1.676
1.756
0.912
2.12
0.104
0.504
0.124
8.32
1.552
8.744
2.764
3.044
1.808
0.428
3.6
0.132
2.628
0.324
4.068
0.196
0.352
1.08
0.16
0.132
0.16
3.068
2.948
0.66
10.192
3.172
0.584
0.372
1.084
6.448
2.784
10.676
0.176
0.096
0.12
0.116
1.808
8.488
0.5
4.948
1.376
0.216
1.332
0.192
0.372
1.604
0.336
0.536
0.52
1.248
0.152
3.492
5.548
2.392
1.78
6.368
1.984
0.108
0.244
2.816
0.1
0.272
0.268
2.436
0.984
2.064
3.444
0.096
0.164
4.296
1.336
0.128
0.392
0.108
0.148
0.228
3.856
0.584
7.016
1.212
0.736
0.092
0.688
5.54
1.88
0.176
0.552
2.7
1.22
0.156
0.56
9.52
2.1
7.968
10.016
0.3
2.104
1.084
0.504
3.272
0.992
9.712
0.132
0.344
4.076
1.916
0.18
5.024
2.176
2.532
2.916
0.116
1.696
0.152
0.132
2.244
1.784
0.156
4.088
1.128
0.1
0.092
1.32
0.156
0.36
1.336
0.18
4.416
1.94
1.988
0.16
0.192
0.328
4.796
5.372
0.84
0.492
1.52
9.824
2.024
2.26
0.132
0.612
0.124
2.012
0.14
2.56
0.256
1.416
0.868
0.968
3.748
0.332
0.096
1.7
0.136
2.848
3.144
1.364
2.036
0.856
5.516
10.256
1.808
1.224
2.032
0.1
1.24
0.644
1.076
1.508
0.376
1.16
4.172
1.544
2.096
3.948
1.936
0.148
2.532
2.444
9.144
2.252
0.148
1.28
1.016
2.408
4.852
1.648
3.056
0.316
4.216
0.496
2.212
0.204
0.34
2.5
4.708
1.036
1.448
2.464
2.14
1.492
1.364
1.56
0.108
0.94
2.124
0.144
4.476
0.708
0.156
8.352
0.1
0.44
1.408
2.628
0.9
0.096
1.668
3.34
0.348
3.836
5.22
6.448
1.084
0.52
0.096
0.104
0.204
1.084
3.588
0.212
0.652
0.244
4.58
2.084
2.224
1.264
7.016
1.556
3.128
0.572
0.812
0.912
0.776
4.736
0.732
9.792
0.128
2.216
2.236
0.1
0.972
0.912
4.944
0.1
2.244
3.252
1.032
4.624
0.984
3.724
2.244
0.148
0.184
1.856
0.144
0.636
0.632
2.584
1.192
2.76
3.72
0.136
2.116
1.932
1.18
2.16
0.576
0.14
0.384
1.724
3.96
0.112
4.04
0.184
0.128
0.12
2.476
0.164
0.976
0.104
1.952
0.092
2.36
1.804
0.616
0.188
0.132
1.236
0.78
3.116
0.132
0.096
0.764
1.58
2.512
0.284
0.256
0.136
0.2
3.28
1.732
0.092
0.264
0.26
7.312
1.104
0.124
1.976
0.388
2.472
3.624
1.272
2.056
0.212
0.572
1.052
2.632
1.16
2.552
3.252
2.464
0.528
1.512
0.196
0.476
0.924
0.184
1.924
0.888
0.936
0.16
0.328
4.368
0.284
0.304
3.132
1.06
0.16
0.228
2.932
3.836
2.556
0.164
0.096
1.636
1.356
0.092
0.204
0.144
0.98
1.312
0.304
0.696
3.04
3.384
1.032
1.264
0.204
2.712
1.704
0.532
0.18
1.272
1.944
1.076
0.244
0.432
2.648
0.684
3.74
4.892
0.716
0.204
0.116
5.844
0.128
1.208
0.156
3.028
0.268
4.816
0.096
0.264
1.088
4.916
1.94
0.952
0.588
0.212
4.752
10.82
1.596
1.508
3.248
2.388
0.716
3.084
1.516
2.352
0.376
5.168
10.88
0.156
5.44
0.976
0.204
7.508
3.528
2.252
0.76
1.188
1.308
3.032
2.076
1.628
1.244
0.528
2.74
0.748
0.372
0.24
6.032
0.78
1.272
0.344
0.952
0.772
0.096
0.332
9.416
0.428
5.156
2.04
6.648
2.712
0.5
1.96
0.328
0.424
0.12
0.764
0.14
2.004
2.608
0.468
0.864
1.14
1.784
0.244
2.164
3.472
2.476
0.884
1.564
0.632
0.184
2.196
3.588
0.704
3.98
2.696
2.564
0.244
0.096
5.816
4.576
2.068
2.152
0.3
4.428
2.916
3.916
0.268
1.784
1.468
0.792
2.464
1.496
0.144
2.144
10.048
1.528
0.116
0.524
0.556
3.704
1.364
0.844
2.272
0.14
5.244
4.96
0.164
3.392
0.232
0.844
2.1
1.072
0.808
2.604
0.136
2.952
0.972
1.224
0.292
1.372
1.308
1.352
4.62
1.22
2.404
1.196
0.728
1.064
0.12
0.628
3.404
0.62
0.112
0.388
0.144
0.524
2.644
0.328
1.716
0.2
1.156
2.992
2.992
3.28
0.18
1.76
3.108
0.148
0.456
7.48
0.92
9.828
4.452
1.844
1.816
1.088
1.224
0.108
4.852
1.8
3.14
3.32
0.592
2.176
2.796
0.352
2.236
0.616
0.284
0.524
1.58
2.628
2.392
1.664
0.212
2.196
10.4
0.204
1.08
1.452
0.124
0.26
0.584
0.48
0.856
8.452
1.352
0.104
2.132
0.812
7.492
0.556
0.216
1.976
0.596
0.212
0.644
0.864
3.092
1.812
0.816
0.988
0.34
1.788
1.352
1.74
6.876
2.236
0.776
1.12
0.952
1.484
9.98
0.172
0.14
0.92
0.264
2.928
0.664
0.856
1.368
1.536
2.092
0.184
1.184
9.18
1.936
5.288
1.148
0.872
0.632
2.572
0.328
1.468
0.304
0.328
1.732
0.168
0.124
7.584
4.332
1.176
1.74
1.624
1.796
0.716
0.228
5.212
2.056
0.088
0.18
0.328
0.928
4.576
0.328
1.356
1.08
2.708
0.244
1.784
4.272
1.352
0.792
0.18
1.188
4.288
1.036
2.508
0.144
2.468
2.62
0.328
0.14
0.22
2.964
2.176
2.46
0.452
4.208
8.06
1.392
0.62
0.132
0.176
2.38
1.576
0.836
1.936
0.964
0.904
8.88
0.452
0.148
0.124
3.288
2.604
2.504
2.396
0.94
4.936
2.152
0.768
4.592
5.672
3.46
1.044
0.996
0.224
0.28
0.552
0.584
0.284
3.048
0.144
3.152
0.132
2.324
0.1
0.144
4.712
1.112
4.468
1.848
0.116
0.136
1.188
1.608
1.52
0.144
0.14
1.904
0.1
1.364
1.316
0.368
0.244
0.808
0.884
7.084
2.792
1.024
0.104
0.192
2.156
0.912
0.14
0.352
2.668
0.564
1.44
4.16
3.244
0.152
0.148
7.348
2.6
0.716
0.788
0.78
1.696
2.756
5.756
0.988
0.588
0.288
0.24
0.4
0.372
0.6
2.68
0.14
2.092
0.804
2.112
1.14
1.28
1.824
5.58
3.728
1.612
4.136
0.096
0.548
0.092
1.872
0.752
6.48
2.072
3.02
4.376
2.092
2.88
0.804
0.54
0.444
0.12
2.564
0.132
0.14
1.74
8.852
3.584
2.672
0.148
0.152
1.612
3.356
2.268
7.536
0.332
1.116
1.972
0.172
10.764
1.452
2.728
1.448
0.988
0.14
0.128
2.98
0.104
4.256
1.072
1.912
1.008
0.568
1.816
2.088
0.292
0.096
3.644
0.1
0.128
3.88
0.096
0.568
4.084
3.352
3.436
0.232
0.276
8.572
1.48
0.66
1.988
0.236
0.168
0.144
0.316
2.68
0.908
5.404
2.248
7.952
1.788
1.456
1.16
0.956
0.104
0.432
5.608
0.236
1.904
3.524
0.564
2.912
0.1
1.744
1.088
3.128
0.66
7.18
0.1
3.684
0.648
0.872
1.688
3.64
1.256
0.288
1.724
0.1
0.46
2.332
0.664
1.848
0.488
3.944
0.392
3.884
0.16
1.084
0.144
10.948
0.672
0.312
0.772
0.196
1.596
4.456
0.748
3.076
8.88
0.104
3.092
1.716
0.896
0.488
6.62
3.972
0.608
0.212
2.156
0.148
3.464
0.508
2.9
1.184
0.532
0.092
1.688
0.512
0.432
0.528
1.94
1.14
2.06
0.792
0.996
0.864
5.064
3.32
4.468
7.448
0.36
0.572
0.368
0.284
0.2
3.788
2.096
7.996
0.444
0.152
2.772
0.112
0.092
5.316
5.696
3.608
0.4
0.504
0.1
1.976
1.032
0.604
3.12
0.388
0.772
0.204
0.4
0.1
0.264
2.576
0.964
0.192
0.1
1.316
2.408
0.092
0.696
0.968
0.112
0.84
4.028
9.512
0.136
1.848
1.144
0.756
2.392
4.26
0.2
4.364
2.46
0.644
0.728
3.168
5.852
6.516
2.408
1.548
0.424
3.7
4.936
0.724
0.648
4.3
1.704
4.244
0.22
0.568
1.7
0.108
0.848
0.272
6.688
0.272
0.096
0.252
3.184
5.144
2.324
0.236
0.148
0.208
0.82
7.824
0.268
4.932
0.144
0.656
1.004
0.536
0.136
0.292
0.152
1.84
3.136
0.148
6.728
0.132
2.656
4.052
4.612
0.188
0.24
2.52
4.624
0.188
3.588
1.056
5.776
2.068
0.212
0.168
4.124
1.576
0.496
0.628
5.092
0.384
0.144
0.144
5.944
1.7
0.168
0.108
0.152
1.832
1.168
0.836
1.456
4.084
1.768
0.284
1.148
7.7
0.18
0.364
0.18
1.364
1.756
2.344
0.1
3.052
0.304
0.532
2.984
0.156
0.404
0.884
0.148
8.648
0.44
1.952
0.124
0.92
2.84
6.936
0.148
1.524
0.172
0.828
8.544
0.564
0.22
3.008
0.108
4.712
1.752
3.704
1.224
3.708
1.14
0.188
0.156
0.276
10.988
0.624
1.132
0.648
2.58
1.224
0.656
0.512
0.428
3.24
0.1
2.308
1.224
5.892
0.86
0.16
0.52
0.848
0.104
0.264
0.18
2.02
0.456
5.408
8.024
0.312
0.404
0.552
0.16
2.956
0.18
1.324
1.32
1.328
1.936
2.732
4.72
2.208
0.1
0.1
0.16
0.8
0.484
0.904
0.136
0.544
0.288
1.472
0.108
0.156
0.472
0.204
0.416
0.888
2.364
7.42
0.144
2.888
1.096
1.54
4.1
0.208
0.204
9.692
0.116
10.252
2.476
4.092
0.2
0.584
6.352
0.192
0.136
0.496
6.264
5.696
1.088
0.18
1.504
4.408
0.1
0.144
1.34
0.94
0.368
1.812
1.288
1.172
1.076
1.724
2.028
0.976
1.456
0.552
1.592
0.16
0.268
4.788
7.452
7.916
0.104
1.832
1.604
1.764
0.1
0.72
1.252
0.144
0.252
1.608
0.2
6.576
0.124
1.92
8.248
4.796
3.628
0.432
0.88
0.1
1.824
0.748
0.732
0.1
0.792
3.504
0.148
2.392
1.268
0.696
0.812
7.108
3.164
0.168
0.416
0.108
0.352
4.724
0.1
3.176
4.912
0.584
0.104
2.904
3.288
0.132
2.956
0.96
2.96
6.252
1.712
5.68
0.74
5.728
2.968
7.352
1.124
0.556
0.296
0.872
0.88
1.064
0.804
1.392
1.624
2.952
0.752
6.836
2.512
3.948
0.148
1.368
0.756
2.324
3.716
1.856
0.104
7.072
9.384
2.812
1.052
3.368
5.508
2.052
1.848
8.588
6.468
4.636
1.256
2.8
2.044
0.156
3.016
0.096
0.112
0.148
0.236
1.96
1.076
0.168
0.128
0.152
5.3
3.816
0.324
2.9
2.064
0.936
1.616
1.476
2.272
0.876
0.444
5.576
1.728
7.144
3.46
0.096
2.528
3.196
1.076
0.152
0.1
3.572
3.26
0.096
6.816
0.948
0.256
10.96
1.692
1.724
1.6
9.68
2.976
2.98
0.988
2.82
0.152
0.156
0.86
3.384
0.28
0.464
2.224
4.112
0.292
0.76
1.776
4.84
0.096
3.216
1.904
4.632
8.296
2.16
1.152
1.78
3.524
4.056
2.888
0.84
0.104
3.9
3.18
0.2
4.564
0.308
0.172
1.212
6.0
0.416
0.368
0.152
0.096
2.9
0.56
2.984
0.12
0.128
4.816
1.176
1.84
0.172
1.224
5.652
3.312
0.232
0.78
0.132
0.552
0.984
0.712
4.228
0.94
10.284
0.188
0.112
3.484
1.464
0.896
5.04
0.888
1.636
2.632
3.432
1.576
0.128
3.76
0.932
0.136
0.176
10.196
0.692
0.128
0.148
1.272
2.324
2.708
5.772
0.164
0.104
1.62
1.08
0.308
0.48
6.468
3.8
0.952
0.108
0.096
0.884
6.704
0.116
3.496
0.704
3.776
8.148
1.092
0.228
1.26
5.752
5.284
0.152
0.936
0.104
5.204
7.048
1.196
1.904
4.436
0.1
4.444
5.992
0.644
1.276
3.288
0.152
0.616
5.168
8.292
2.964
3.14
0.428
0.176
4.956
2.692
0.124
0.152
2.632
1.108
2.948
7.072
0.204
2.52
0.304
0.176
0.616
0.34
0.144
7.3
1.036
0.104
0.748
1.22
0.2
0.128
1.924
0.952
4.8
0.788
0.72
1.356
2.132
0.424
1.064
4.672
1.58
1.62
0.968
3.916
1.184
0.808
7.452
3.228
0.536
0.096
0.276
0.792
2.612
0.452
0.92
1.776
0.66
1.48
0.84
1.036
0.412
0.804
3.02
0.712
3.916
0.308
0.204
0.5
1.28
0.924
1.944
0.1
0.768
1.488
3.136
2.04
0.284
0.1
0.108
0.228
0.112
3.748
0.244
0.664
0.88
3.52
2.552
0.864
3.604
0.16
3.1
0.396
0.86
1.672
0.124
0.988
0.728
0.836
7.588
0.204
2.636
5.328
2.076
1.596
0.836
0.852
2.964
0.092
0.144
0.16
3.096
0.148
0.296
1.284
5.768
7.032
3.768
0.868
0.1
0.104
3.2
1.4
0.404
6.188
0.212
0.976
0.968
0.456
0.78
6.724
1.72
1.06
3.3
0.156
6.512
1.5
0.28
9.316
1.008
1.196
0.292
0.576
0.16
7.6
3.632
3.656
0.416
0.156
4.952
1.988
0.128
0.144
1.028
5.7
0.144
0.156
4.996
3.092
4.472
5.644
1.024
4.356
0.1
3.404
5.724
2.264
2.164
8.896
0.584
0.236
7.232
0.092
0.244
0.116
0.74
0.328
0.736
0.148
0.176
0.112
0.1
1.924
3.636
0.184
1.84
0.656
0.528
1.004
4.424
0.712
1.8
2.94
0.804
0.152
2.172
0.976
1.116
0.116
0.244
0.108
0.56
0.488
0.14
3.152
0.488
1.504
0.112
1.528
0.592
0.764
0.704
1.72
1.096
0.14
0.648
1.18
0.884
0.092
0.132
2.148
0.492
0.208
1.564
0.112
0.336
0.288
0.12
0.232
1.32
1.32
0.768
5.688
0.892
0.352
10.4
1.32
0.236
1.12
1.68
6.624
1.704
1.064
1.62
5.18
8.948
6.48
0.1
0.68
0.344
0.256
0.976
0.164
0.364
3.608
0.1
2.684
1.12
0.424
4.872
0.172
0.936
7.924
0.424
4.392
2.492
2.428
3.576
2.152
0.576
0.488
6.32
0.108
0.136
7.528
0.992
2.916
0.5
0.684
0.78
0.392
1.34
2.16
1.112
0.616
0.572
0.868
0.916
0.104
0.816
3.056
1.516
0.108
0.096
0.356
7.944
2.164
2.824
5.244
0.152
2.456
1.052
0.092
0.1
3.508
1.508
0.388
2.648
0.24
5.94
0.132
0.364
3.188
6.304
2.12
0.528
3.304
0.348
3.364
0.108
4.516
1.356
1.316
0.136
7.868
1.988
0.208
0.1
9.084
0.388
2.232
3.592
5.152
2.508
0.608
3.952
6.096
0.164
1.328
2.576
0.6
0.228
2.144
0.24
0.128
0.464
0.152
2.736
5.364
1.736
2.212
2.34
0.208
3.036
1.788
0.168
0.092
3.676
9.32
0.132
1.16
0.192
1.792
1.36
1.636
0.348
1.316
2.436
0.18
3.676
0.112
2.612
0.1
0.148
0.1
0.98
1.584
0.652
1.392
3.208
1.572
2.464
2.78
0.096
5.456
0.288
0.1
4.684
0.104
0.212
1.88
0.116
1.88
9.78
0.932
3.368
1.868
0.216
0.104
3.004
1.124
1.688
0.484
7.656
0.1
1.12
1.452
1.692
4.292
0.424
0.116
6.0
1.552
0.68
0.964
2.8
1.268
9.416
6.416
0.26
0.132
0.648
5.368
0.14
9.928
0.744
0.788
4.872
7.416
0.7
2.868
0.604
10.012
0.136
0.212
0.996
2.964
0.824
0.564
10.668
0.116
0.188
6.348
0.188
8.424
3.164
0.124
0.988
5.12
1.172
1.12
0.188
1.48
0.16
4.472
3.736
7.596
2.768
1.448
2.548
2.876
1.488
0.908
4.908
2.164
0.16
2.172
1.124
4.852
0.68
1.508
0.512
0.288
0.408
4.804
2.292
0.968
0.592
0.216
1.268
0.468
2.596
0.148
0.092
9.972
0.412
0.072
9.012
0.78
0.716
1.036
1.3
1.588
0.244
4.792
0.828
1.344
0.152
7.924
0.12
0.22
0.14
7.832
3.452
1.844
2.916
0.148
0.884
0.132
1.58
1.608
0.664
3.608
1.784
0.812
3.6
1.084
0.104
0.096
3.108
1.448
3.66
1.532
2.592
0.116
7.448
1.256
0.152
2.592
0.832
0.748
2.808
1.792
0.18
0.484
1.044
0.468
0.396
0.148
0.804
7.308
4.684
0.124
0.98
1.74
3.976
6.192
0.148
6.6
6.324
0.096
0.272
0.748
1.196
0.26
6.528
0.096
4.124
5.148
0.252
0.232
2.056
0.512
0.944
3.352
3.52
2.696
0.856
2.128
1.304
0.144
1.252
0.168
0.356
0.984
0.128
7.32
3.388
1.976
2.064
2.356
1.892
0.228
3.704
0.18
1.64
1.188
0.144
3.228
2.584
3.908
3.848
0.324
1.34
4.748
0.148
0.096
0.152
2.536
0.196
1.556
0.932
0.416
1.72
1.004
3.204
0.14
0.148
3.592
0.212
1.552
6.076
1.464
0.1
1.644
0.124
2.988
0.66
0.872
3.784
0.152
2.176
2.976
0.148
0.112
5.488
0.128
0.14
0.292
0.748
0.924
1.08
8.8
2.916
0.16
0.696
0.224
0.152
0.836
0.152
1.708
0.1
0.324
1.372
1.864
0.14
2.972
1.104
0.212
0.292
0.224
3.076
4.468
0.812
0.464
0.172
0.144
0.796
0.204
1.364
0.592
2.012
5.168
1.16
2.696
0.868
7.188
4.512
0.432
7.952
0.108
0.18
4.404
0.104
1.636
0.144
0.916
3.056
0.092
0.58
2.488
0.536
1.948
7.636
0.18
3.824
2.468
0.14
0.3
0.416
0.696
2.448
1.116
0.124
4.276
7.876
0.984
0.868
0.368
0.504
0.32
0.356
1.464
0.768
4.328
1.492
1.088
2.076
2.552
0.412
0.944
1.168
5.288
1.5
0.1
0.692
1.324
1.852
1.736
0.3
0.308
2.828
0.432
3.632
0.532
4.432
0.824
0.128
1.532
2.684
1.532
0.568
2.084
1.184
1.584
4.248
3.556
0.344
1.072
0.624
0.8
1.588
0.136
2.132
1.964
0.1
0.152
1.832
3.56
1.688
0.296
4.268
0.116
0.144
0.264
0.272
2.844
0.86
5.616
0.2
3.604
1.276
5.94
0.32
2.94
1.796
0.788
0.148
0.32
1.896
1.7
0.88
2.592
2.512
1.384
0.552
0.844
6.0
1.48
1.172
2.716
0.712
0.36
1.692
1.788
1.364
0.136
0.388
1.404
2.728
0.176
0.096
0.432
0.892
8.536
5.62
0.976
0.104
0.116
3.324
0.292
2.088
4.504
0.756
3.164
3.028
0.688
0.1
4.664
2.408
0.236
2.224
0.6
0.096
3.156
1.964
0.1
1.428
5.284
0.532
0.364
0.208
0.14
0.656
4.54
0.144
0.54
0.708
2.312
0.916
2.072
0.72
2.84
3.98
1.72
6.788
0.656
0.372
2.116
0.464
3.212
0.332
0.316
6.308
3.296
0.676
2.996
0.316
4.012
2.728
0.096
5.608
1.168
0.368
6.568
1.824
6.3
1.896
4.16
3.528
0.488
1.304
0.624
1.804
3.888
0.156
1.184
0.928
0.936
0.156
2.664
0.104
2.948
0.724
0.172
0.144
0.728
0.956
0.816
1.368
3.56
10.976
0.548
1.312
10.264
0.74
1.14
1.096
0.128
0.136
2.78
1.892
1.768
0.124
0.296
0.732
2.836
5.092
5.688
0.852
1.04
0.756
1.996
2.344
8.656
5.132
0.764
4.228
0.424
2.664
0.54
0.112
1.332
1.704
1.12
0.34
5.988
2.472
3.808
1.368
2.536
1.112
0.56
4.308
0.124
0.276
0.548
1.14
0.256
0.596
1.192
0.464
1.78
0.368
1.796
0.148
9.568
8.488
0.232
2.048
1.268
1.28
1.336
0.804
8.532
4.028
5.464
1.928
0.412
1.716
0.764
5.432
0.14
0.452
1.5
1.62
1.476
2.244
3.392
6.96
0.612
0.956
0.148
1.316
1.64
0.884
1.44
0.24
0.464
0.28
1.556
2.664
2.264
2.404
3.584
0.592
0.764
0.512
3.572
0.148
0.12
3.808
0.28
0.968
0.488
4.496
0.544
0.1
1.908
0.104
1.42
0.82
5.712
2.612
3.868
0.508
2.72
0.872
8.996
1.776
0.656
1.16
1.792
1.9
0.536
0.212
2.36
0.384
3.676
10.148
0.1
0.132
0.156
1.28
3.216
1.316
0.16
0.1
0.404
0.12
9.284
0.128
10.468
2.944
1.648
4.076
1.808
3.052
0.228
0.416
2.204
0.968
2.108
4.98
2.82
4.332
0.46
2.344
0.092
9.896
1.896
0.824
1.764
1.716
1.72
1.22
0.396
3.944
0.18
0.128
0.36
2.064
1.244
3.068
1.908
2.904
4.636
0.148
0.324
0.096
0.128
0.96
5.444
0.148
1.096
0.728
0.16
8.992
0.204
2.552
3.684
4.708
0.872
0.592
3.416
0.352
0.276
1.192
3.04
0.916
3.192
0.176
1.708
0.284
0.104
5.5
0.892
0.248
0.248
0.804
0.52
2.8
0.12
0.776
7.044
3.012
1.276
0.388
3.796
0.768
2.052
4.196
1.132
5.444
0.196
0.668
0.748
0.804
0.352
0.136
0.156
0.152
0.152
0.68
1.468
1.024
0.22
0.136
0.556
1.324
0.104
0.568
2.088
9.708
2.364
0.288
0.176
1.64
0.16
5.28
1.26
3.284
0.552
0.752
1.756
0.18
3.244
2.916
0.152
0.088
0.1
1.464
0.5
2.408
2.14
0.16
1.128
4.66
2.676
1.964
0.148
1.156
0.264
0.096
4.512
0.16
0.12
0.952
2.144
0.256
0.104
0.964
0.12
0.932
0.124
0.54
0.824
1.432
11.08
0.46
3.872
0.12
0.164
3.432
9.0
4.148
2.22
2.072
0.28
0.976
1.94
2.212
0.14
1.544
0.676
0.12
7.496
5.244
0.148
0.148
0.496
0.156
9.008
0.092
1.396
3.16
1.504
1.544
0.252
2.128
4.456
3.232
3.592
0.984
2.44
0.176
1.276
1.384
0.152
1.824
1.86
0.316
2.676
1.444
0.788
0.672
0.148
0.1
0.156
6.208
1.22
2.268
0.124
0.948
2.272
2.488
1.152
0.152
3.408
0.172
0.112
0.86
3.612
0.692
1.156
1.648
5.44
0.22
2.972
0.736
0.948
4.264
0.124
0.992
0.48
7.24
0.632
3.12
2.16
1.22
7.612
1.276
2.336
2.204
2.384
2.62
2.468
0.692
0.612
10.084
1.624
0.868
0.344
2.516
0.536
1.56
1.624
2.468
0.292
0.756
0.132
1.0
0.188
3.704
2.504
1.592
2.936
0.532
1.084
0.1
1.46
0.896
0.276
2.836
7.24
1.54
0.612
1.68
0.1
4.86
0.1
0.14
2.488
0.784
0.096
2.42
1.344
0.572
2.428
0.1
5.068
1.104
1.852
0.632
2.872
0.176
2.732
0.996
0.2
0.116
5.268
1.176
0.156
2.344
0.1
0.236
0.152
1.428
0.828
0.16
1.588
1.248
1.428
0.956
3.348
8.656
4.844
0.36
3.66
0.096
0.252
3.732
0.824
1.624
4.768
1.072
3.6
0.976
1.192
0.26
1.812
0.128
0.608
0.52
0.148
0.152
0.996
1.304
0.14
0.096
0.896
0.216
5.02
0.364
0.848
0.4
2.04
0.316
6.152
1.108
1.136
3.512
1.404
4.42
1.952
4.792
0.168
1.296
1.18
0.148
1.056
2.32
0.644
1.376
2.048
0.436
0.896
1.056
0.74
6.788
0.244
0.976
3.784
2.896
1.028
0.556
0.092
3.06
2.5
0.724
2.164
1.444
4.576
1.788
0.36
0.112
3.672
0.124
0.484
1.672
1.76
0.092
0.112
0.64
0.148
0.404
6.932
0.54
0.156
1.096
3.62
2.996
0.092
0.484
0.308
1.892
0.468
2.84
0.524
2.1
0.156
1.416
0.268
1.156
3.932
5.816
0.132
2.816
0.248
6.084
2.24
0.348
2.24
0.152
0.812
3.236
0.92
4.516
1.7
9.544
1.544
0.672
0.58
4.892
0.284
0.912
0.46
0.092
8.64
0.888
0.58
5.16
0.652
0.108
2.228
1.708
2.328
0.236
0.828
5.108
1.108
0.228
4.82
0.12
5.94
0.244
2.14
6.7
0.524
1.8
2.004
0.148
1.388
1.132
2.092
2.228
0.628
1.152
1.084
0.456
0.144
0.164
0.464
4.028
1.056
0.84
0.324
4.384
0.524
2.98
0.296
2.552
1.96
1.996
1.164
0.452
0.124
5.48
0.516
1.756
0.948
0.776
7.944
1.364
0.128
0.124
0.148
3.58
1.652
0.216
0.144
8.54
0.176
0.152
0.884
2.052
0.808
0.644
1.46
0.936
0.1
0.456
1.488
1.288
0.148
0.112
0.164
0.28
0.388
4.496
0.704
1.116
1.456
0.608
0.152
1.584
2.56
2.364
3.464
0.508
0.608
0.164
0.6
2.064
0.708
1.12
0.456
0.176
2.22
0.124
4.324
0.428
3.2
0.4
0.096
9.9
0.36
0.096
0.148
7.52
0.816
1.804
1.724
0.58
0.632
0.36
0.672
5.56
0.14
0.784
2.252
1.812
0.312
4.908
0.352
0.136
2.888
1.536
0.228
0.18
0.096
1.228
0.672
1.172
0.244
2.804
1.052
0.476
0.136
0.724
0.196
0.636
0.104
0.144
6.992
1.62
0.24
0.12
0.232
0.108
0.164
0.244
5.016
2.02
0.148
7.88
1.612
0.456
2.584
0.16
0.212
1.092
0.188
6.292
10.684
0.936
2.208
4.4
2.772
2.424
2.884
1.5
4.372
0.768
0.208
0.268
2.076
2.988
0.156
0.184
0.648
1.416
0.164
5.528
2.056
0.24
0.86
1.156
0.16
0.152
3.488
1.7
0.156
0.408
1.164
0.096
0.7
0.096
2.688
0.104
3.892
3.652
0.096
8.628
7.332
3.048
5.04
2.708
0.84
0.112
0.316
1.3
0.324
4.344
0.16
0.152
2.412
0.168
1.14
1.052
0.168
0.456
0.36
2.268
3.556
0.148
1.96
0.32
0.972
0.892
0.52
8.26
1.044
0.156
0.516
0.7
0.188
2.704
2.336
4.892
0.096
0.156
0.12
0.192
3.824
0.78
2.432
0.152
0.14
2.768
2.172
1.008
0.16
1.712
0.34
5.428
1.54
0.408
0.132
0.116
5.844
9.988
0.108
2.588
4.06
1.8
0.1
2.496
2.624
4.828
0.252
9.856
3.068
3.8
0.824
1.276
0.332
0.312
0.544
1.084
0.2
2.448
1.336
0.72
1.84
1.364
0.1
0.516
0.308
0.24
0.148
0.188
1.252
10.984
0.104
1.52
5.044
0.084
0.436
0.248
8.9
0.132
0.256
5.248
1.164
1.784
3.624
0.112
0.248
0.66
1.564
3.128
1.252
9.524
0.1
4.54
0.204
2.3
5.08
2.5
0.184
1.54
0.12
0.252
1.268
0.9
0.136
1.456
6.056
3.588
8.696
3.072
0.1
0.1
0.148
0.8
5.328
2.084
0.132
4.732
0.1
0.432
2.128
0.34
0.208
0.572
0.148
6.596
2.5
0.216
1.056
0.752
3.996
2.584
1.084
1.168
0.256
2.492
1.056
0.136
0.096
0.836
1.604
3.36
1.348
1.828
8.116
1.032
0.212
0.456
2.5
0.14
0.408
1.336
4.38
0.14
0.148
8.708
0.188
3.736
0.124
1.016
5.152
2.888
0.096
0.652
1.232
0.904
2.16
2.44
1.16
0.26
3.98
5.184
0.148
1.344
1.264
0.128
0.748
1.332
3.312
3.008
0.416
3.368
2.6
0.804
0.136
0.484
2.78
2.072
0.828
1.236
1.428
0.104
0.568
0.204
0.136
2.708
0.112
2.52
0.2
4.224
0.116
2.056
2.244
4.152
0.1
1.224
1.58
0.696
0.1
0.176
0.184
5.368
0.096
0.888
2.076
1.408
0.18
2.388
1.736
2.668
3.404
1.032
0.228
1.044
8.4
0.532
0.128
0.924
3.68
2.872
4.944
2.656
0.096
1.352
9.504
2.552
1.572
1.804
0.124
0.148
0.144
1.392
0.092
0.148
5.856
1.004
1.456
1.024
0.556
0.212
3.096
3.644
6.724
0.748
4.636
0.096
0.104
2.376
0.124
0.46
0.268
0.492
1.248
0.628
1.352
0.12
3.008
0.1
1.52
1.344
0.12
1.6
10.42
3.972
4.568
3.916
0.16
6.08
0.304
0.936
6.904
0.852
2.008
2.128
2.72
3.744
1.452
0.992
7.896
0.544
3.848
0.14
2.384
1.664
2.196
2.0
0.208
2.876
0.252
1.9
0.144
0.172
0.688
2.868
7.212
3.984
0.5
0.284
3.604
2.064
0.144
0.148
1.94
0.244
0.616
9.144
0.1
6.984
1.032
1.188
1.324
0.144
2.428
4.228
2.26
0.176
2.048
4.444
10.94
1.084
0.328
2.236
6.292
2.504
0.58
0.904
1.308
10.852
0.12
2.456
0.12
6.208
0.472
0.128
0.148
1.472
0.12
1.208
1.916
0.156
0.712
0.62
0.116
0.12
3.908
0.264
2.48
0.168
5.556
1.472
3.66
0.12
1.088
0.152
0.104
0.6
0.356
0.152
0.172
1.868
3.316
0.312
3.228
1.656
0.64
0.596
1.024
0.5
6.8
3.872
1.612
0.46
1.808
3.02
2.304
0.404
0.348
2.292
1.328
0.992
0.824
0.26
0.172
2.592
0.876
0.464
1.332
7.116
1.416
0.196
0.6
1.352
0.548
3.404
1.8
1.112
1.076
0.444
0.272
0.536
9.388
4.004
0.188
2.592
0.12
6.416
0.384
2.724
0.548
0.104
2.884
0.128
0.152
2.448
2.544
0.744
1.492
0.108
0.1
1.36
3.288
1.932
0.936
0.164
0.14
0.5
0.1
1.192
1.552
0.152
1.636
5.724
0.624
4.472
9.332
0.752
2.02
0.092
1.124
0.98
1.972
2.48
1.156
0.204
0.12
1.276
0.452
1.808
0.18
1.36
0.652
0.136
3.408
9.464
7.636
0.584
1.46
0.156
5.26
0.148
0.136
5.32
1.788
0.388
0.164
1.04
0.42
1.12
0.692
0.968
3.564
0.404
3.06
1.764
2.576
0.176
0.156
3.556
1.732
5.224
1.968
0.196
0.176
4.648
0.396
0.14
1.412
0.096
2.552
0.912
0.104
5.152
0.128
7.1
0.596
2.5
4.444
2.224
2.444
0.724
0.368
0.904
0.152
0.424
2.648
0.092
6.588
0.096
0.712
2.748
0.128
0.212
1.512
4.496
0.648
2.672
0.828
0.212
0.108
0.152
0.168
2.164
5.208
0.116
1.872
0.744
0.656
0.216
0.124
6.616
5.016
4.796
0.256
2.808
0.16
1.484
1.788
3.1
1.632
5.456
0.116
0.096
0.588
0.156
0.972
2.364
0.468
0.916
1.78
0.152
0.44
0.168
0.168
2.132
0.24
0.364
1.316
0.288
0.384
2.796
1.584
0.1
0.38
0.436
0.128
3.304
0.28
0.464
0.46
4.524
2.116
0.512
3.384
0.152
5.764
0.12
4.108
0.232
5.056
1.116
1.552
0.48
1.744
0.332
0.844
4.804
3.596
0.692
1.368
0.1
0.116
0.6
2.292
0.792
0.116
2.944
2.2
7.212
0.252
3.004
1.368
0.184
0.32
4.3
0.108
0.292
0.264
0.096
0.664
0.552
1.248
1.864
3.692
7.056
0.14
0.164
1.476
2.82
0.24
3.288
0.184
9.112
6.14
2.224
0.528
0.672
8.72
0.268
0.1
0.096
0.104
2.4
2.816
4.276
2.016
1.236
0.32
2.016
4.764
2.06
1.252
2.088
1.056
1.22
3.916
0.12
1.636
0.364
2.22
3.424
3.476
10.004
1.244
8.564
2.932
