1.212
1.364
1.816
1.496
1.884
0.572
8.196
0.232
0.236
0.092
3.304
1.096
2.416
5.568
4.28
3.716
3.816
0.372
0.104
9.168
8.964
0.832
0.16
6.84
3.284
2.188
2.78
0.792
0.716
8.532
1.28
1.604
5.196
1.384
6.08
3.984
0.54
9.972
0.2
3.02
8.332
11.068
10.216
11.132
2.624
0.948
1.52
1.36
9.124
3.052
5.42
0.588
5.164
7.856
3.012
1.668
3.848
6.284
3.36
2.764
4.712
2.06
0.78
3.528
2.044
10.908
1.64
1.448
4.004
1.636
2.224
0.704
2.104
7.14
9.18
0.752
2.372
6.176
0.752
1.704
3.132
0.168
3.936
0.396
2.064
6.54
0.156
2.568
8.692
3.912
6.812
1.552
3.056
4.504
5.616
5.112
1.628
0.98
1.444
1.944
2.544
3.812
3.188
7.416
8.948
2.056
4.004
2.072
5.092
0.784
0.392
1.248
1.236
2.284
1.852
1.672
8.144
4.168
9.368
1.416
1.956
1.056
0.304
0.94
4.968
2.084
0.644
3.328
4.26
2.96
6.304
7.636
2.896
1.088
2.884
6.632
2.844
2.18
0.616
2.784
1.288
0.68
4.388
10.528
1.488
1.136
3.672
3.112
0.204
3.016
1.196
1.02
7.596
3.84
1.296
2.064
0.972
10.436
2.22
1.148
0.36
1.296
8.328
6.564
1.068
5.884
10.244
0.1
1.284
1.108
2.584
0.312
2.72
8.044
3.308
3.644
0.924
2.216
2.544
1.016
6.124
4.724
3.808
0.512
2.704
0.26
9.1
1.096
9.704
2.948
3.028
1.332
2.968
4.364
2.264
1.116
6.144
0.564
0.084
10.212
7.764
0.704
6.22
8.852
8.576
0.452
0.276
4.62
9.164
2.416
1.7
0.78
1.588
3.02
8.36
0.548
1.252
1.504
0.928
0.404
0.088
7.768
10.792
4.028
4.752
2.396
6.348
6.804
2.724
2.124
6.488
10.012
0.524
5.712
3.12
4.176
0.804
8.452
1.304
0.556
0.76
9.26
0.772
0.78
5.532
6.384
0.176
7.728
1.172
0.34
1.696
0.252
2.144
2.204
3.012
9.428
2.576
1.324
4.892
1.36
2.204
9.168
9.72
2.788
2.756
2.412
3.732
2.744
2.184
1.564
0.38
3.996
6.092
4.868
6.668
2.124
0.128
4.084
0.304
6.3
1.856
3.12
2.184
1.344
4.672
0.304
1.388
1.184
3.16
9.628
2.976
1.488
1.424
0.236
5.008
6.648
2.624
2.512
7.34
0.292
0.756
1.388
1.232
0.428
6.268
4.1
10.248
1.528
10.944
9.016
1.8
2.664
0.188
6.936
0.492
0.38
2.504
5.92
3.724
4.352
10.184
0.992
0.916
8.58
0.64
7.052
0.164
2.032
1.376
0.74
2.228
1.388
10.844
2.344
0.148
4.144
1.856
5.6
3.824
0.204
7.04
1.784
1.052
2.372
7.124
1.556
0.752
10.412
1.164
2.036
4.72
1.84
1.068
3.568
0.84
0.156
1.064
6.692
2.924
7.884
1.32
0.324
0.892
1.196
10.164
1.3
9.968
1.472
4.296
5.568
8.968
3.092
9.416
1.244
0.64
0.612
10.504
3.872
0.756
7.28
5.86
5.308
3.488
2.652
7.108
0.836
1.5
4.136
0.856
0.44
4.764
0.156
2.532
0.472
6.036
2.388
9.784
2.672
4.88
4.588
7.828
2.236
10.408
1.416
8.144
5.032
1.152
10.212
2.284
9.34
5.232
2.42
8.012
0.748
11.052
7.172
1.144
6.416
4.152
0.456
2.788
2.168
4.92
2.62
4.064
0.276
0.316
2.904
0.336
0.524
10.616
7.628
4.716
0.44
2.976
4.864
5.856
5.128
0.184
4.364
4.624
2.336
0.892
1.32
0.208
0.428
8.72
5.38
5.616
1.0
0.2
9.728
2.828
1.488
2.472
1.02
1.808
4.76
1.052
9.84
1.0
4.74
1.4
0.196
5.408
10.448
9.36
0.152
3.188
4.068
4.16
3.32
2.688
4.98
10.684
0.536
2.572
0.632
0.316
0.712
3.284
0.788
0.616
7.588
0.512
6.64
4.928
4.292
4.064
7.1
7.452
1.924
3.696
2.864
3.412
1.408
1.476
4.796
2.272
0.54
1.148
5.236
0.544
5.444
2.788
4.448
1.044
0.256
2.076
10.548
4.636
1.752
5.552
2.92
9.784
3.288
3.316
0.3
0.156
0.144
0.544
0.812
3.688
10.88
7.632
1.28
1.428
2.132
3.476
2.996
7.88
1.14
10.016
3.94
2.932
1.312
3.704
6.772
4.88
1.448
10.684
0.856
0.916
2.732
1.52
6.424
4.908
0.808
3.272
5.728
0.368
1.776
1.096
2.0
2.716
0.724
6.636
1.012
1.172
3.344
3.724
1.7
1.752
0.876
0.944
0.604
7.82
2.184
1.6
1.16
1.264
1.296
2.948
1.388
0.416
0.9
7.612
0.892
3.212
3.692
10.788
0.82
4.576
1.48
5.008
1.292
1.148
0.156
3.12
7.636
2.768
1.384
2.696
9.52
8.884
9.6
2.272
1.688
6.788
9.324
1.832
1.456
2.408
2.004
1.324
2.804
10.824
2.384
5.176
3.036
7.376
3.224
0.424
5.504
3.592
6.104
9.636
1.264
10.008
5.288
0.38
8.088
4.1
0.988
0.104
2.324
1.088
0.524
0.116
0.312
10.292
1.96
4.244
0.192
0.668
0.596
1.668
2.228
0.672
4.912
1.984
3.228
1.668
1.892
0.46
2.472
0.272
0.684
0.372
1.32
5.884
2.908
1.012
1.608
0.46
6.332
3.636
0.62
2.616
0.404
1.472
10.836
1.112
0.796
8.748
3.708
1.58
6.296
3.696
0.94
6.044
0.336
2.92
5.852
0.948
2.58
3.464
1.528
3.316
0.752
5.62
4.544
3.58
3.536
7.984
4.196
4.852
1.38
4.876
2.948
0.688
1.696
0.44
3.044
8.992
0.856
0.32
3.052
1.024
5.96
3.72
9.288
8.676
6.216
0.916
10.568
0.352
6.244
4.284
0.092
0.644
1.004
4.944
0.196
5.812
2.908
0.636
10.784
10.092
4.972
10.036
1.692
2.328
2.648
1.404
5.86
6.672
4.596
2.068
1.404
3.908
7.152
4.332
3.812
1.712
0.528
8.452
0.48
3.588
7.188
3.304
0.164
2.44
0.208
1.46
2.132
0.876
0.828
3.688
0.232
7.12
0.152
0.164
1.3
3.036
0.212
2.048
0.924
0.6
10.896
0.32
0.908
5.284
7.972
7.652
8.912
6.952
2.612
0.828
1.2
1.512
1.284
1.544
5.984
4.712
5.872
1.372
8.728
5.336
0.828
0.128
2.72
4.86
3.18
2.064
7.068
4.056
5.788
0.344
7.048
2.372
1.42
9.088
1.484
6.836
9.52
10.148
0.66
4.48
0.696
1.284
1.544
2.72
3.316
2.524
0.768
2.408
9.132
4.452
1.348
6.64
2.896
2.556
0.196
6.956
1.264
2.804
0.86
6.984
5.828
0.552
8.416
3.512
1.964
1.96
0.384
2.204
0.772
4.64
2.292
10.136
2.5
2.708
1.24
6.192
5.04
1.28
1.056
5.736
3.268
0.536
2.088
6.588
0.176
5.344
10.244
0.432
5.82
8.248
0.2
8.848
4.692
1.524
0.34
6.272
3.112
3.588
3.488
4.092
5.336
4.564
1.124
9.224
5.336
10.664
0.392
4.148
3.992
5.636
2.488
4.012
1.704
4.364
8.332
1.076
3.528
1.42
6.256
0.924
3.264
3.808
3.168
5.172
0.636
0.596
1.556
0.384
5.96
0.62
2.256
1.568
0.428
1.208
6.812
10.692
10.04
5.6
0.48
4.564
10.904
1.856
1.3
2.964
7.392
0.248
2.56
1.116
0.136
0.724
0.408
7.188
1.74
3.364
2.892
0.588
5.156
5.188
1.96
0.42
2.448
0.4
2.712
1.468
4.544
2.364
0.336
3.928
0.716
3.136
1.12
2.828
0.164
0.952
5.072
0.424
1.34
0.328
4.336
2.86
0.476
4.196
0.772
4.896
1.52
2.18
5.848
6.124
1.728
1.308
0.408
2.236
3.156
0.4
7.352
9.612
2.308
2.92
0.724
9.256
0.464
6.496
1.092
1.94
9.008
6.932
3.968
0.42
1.936
3.3
0.472
7.24
6.26
1.02
1.756
0.312
3.108
1.028
0.812
5.528
1.28
0.72
2.98
0.136
2.74
1.988
6.348
4.372
3.064
8.792
2.784
3.984
3.416
3.296
1.008
0.612
0.844
0.816
2.956
9.116
0.988
0.648
0.404
9.392
1.92
5.912
0.356
0.128
10.732
2.056
6.708
10.54
2.26
5.976
0.204
2.96
2.672
1.068
8.252
8.652
2.432
0.512
7.268
3.508
11.064
1.188
0.116
0.48
2.02
0.664
1.092
3.104
10.816
4.056
3.92
0.624
2.032
0.42
0.4
0.964
5.284
2.46
4.124
5.788
1.86
2.288
9.804
3.96
9.592
1.004
2.996
0.716
11.028
2.532
3.252
4.16
0.132
4.92
1.136
1.98
0.248
1.924
6.248
3.768
0.736
0.596
5.236
0.34
0.612
0.464
0.232
9.44
1.924
0.94
0.308
1.868
7.232
2.692
2.668
2.832
9.608
0.712
0.176
0.716
3.408
11.12
0.436
0.4
2.716
0.892
6.64
7.256
7.428
6.204
1.124
0.54
0.932
5.724
9.508
10.46
0.836
0.916
0.968
2.996
0.62
0.316
2.332
3.268
0.672
2.992
0.204
2.292
0.392
0.976
1.26
7.888
3.008
10.224
8.728
1.444
7.172
0.212
0.408
6.336
1.304
0.104
6.204
5.44
5.48
8.272
0.844
6.056
1.848
2.408
5.96
0.736
1.312
1.004
1.656
0.372
0.28
0.924
3.62
0.76
6.928
1.7
2.012
10.268
2.16
2.548
0.284
1.08
1.316
7.244
2.812
9.076
1.608
8.06
0.76
7.824
0.308
2.14
0.232
0.816
3.196
7.252
3.728
2.828
2.872
8.536
4.068
0.332
2.232
6.824
0.292
3.08
2.768
8.204
0.384
10.36
4.612
1.092
0.908
3.264
1.588
3.64
5.416
0.748
10.196
7.676
7.756
10.308
8.14
1.008
0.092
0.944
0.208
0.592
0.148
0.912
1.476
0.768
7.04
2.26
7.232
1.74
0.604
1.64
10.976
2.272
2.324
0.232
0.204
6.576
7.344
9.952
1.308
0.704
9.424
9.332
6.72
0.508
3.504
0.72
0.892
1.912
0.584
6.356
3.176
3.428
5.352
6.524
1.464
0.4
2.536
5.392
10.028
8.1
1.216
2.28
7.952
0.568
3.612
7.416
3.536
2.68
2.24
10.788
2.852
1.548
4.012
2.108
0.556
1.192
7.576
4.188
4.344
5.092
2.648
0.78
2.764
2.836
6.876
2.044
8.656
0.924
10.028
0.804
1.976
1.848
0.584
6.856
5.144
0.2
9.936
0.34
0.112
0.2
3.368
9.352
3.888
2.084
0.14
6.752
3.024
1.452
10.28
2.628
8.216
1.736
7.904
0.172
2.544
5.82
3.248
7.896
3.232
0.936
4.788
0.18
1.916
1.092
1.956
1.748
5.752
1.644
0.356
0.38
1.448
1.48
7.588
0.304
0.392
6.22
1.856
0.58
1.272
9.0
1.624
3.228
0.184
2.184
5.26
1.532
0.268
0.652
8.576
0.1
4.788
4.376
0.956
1.536
8.532
1.468
4.884
4.86
0.944
7.848
4.932
5.224
4.684
0.3
3.0
1.312
1.384
8.88
1.172
9.056
4.124
1.184
3.668
1.884
2.976
6.464
0.396
1.696
4.328
0.372
3.8
0.776
2.9
5.388
7.824
0.708
5.192
5.308
3.232
0.716
7.752
0.752
0.584
9.7
7.656
3.832
0.804
7.148
10.636
3.996
0.408
9.692
0.828
7.748
4.832
2.652
3.256
0.596
5.204
1.408
3.296
3.768
0.536
5.86
3.252
7.66
1.548
1.104
10.784
0.496
4.964
6.364
2.136
1.888
0.664
0.924
9.24
8.36
2.464
2.156
8.732
8.164
4.564
0.636
7.256
4.084
7.844
3.088
4.08
0.644
5.62
7.776
4.464
1.012
8.004
1.736
3.612
0.948
7.516
1.816
0.86
7.808
0.46
1.164
1.532
0.34
7.648
2.596
6.736
6.6
0.496
1.928
0.292
0.356
1.664
3.248
7.676
1.432
1.74
1.908
3.084
0.332
9.64
1.776
1.6
1.912
0.184
0.604
2.568
2.768
7.644
0.608
3.328
3.704
3.092
1.388
1.236
0.264
0.452
1.832
4.252
2.444
0.628
3.316
5.68
7.024
10.6
6.668
4.496
2.948
8.876
1.1
3.984
0.192
0.296
2.128
1.916
1.5
2.416
0.812
3.548
4.052
0.348
1.024
6.352
3.9
1.3
1.056
1.964
0.652
2.244
0.108
1.792
1.028
2.468
1.304
6.772
2.244
1.68
8.66
0.708
8.72
5.28
9.9
2.34
1.192
3.96
1.724
0.48
0.476
1.996
3.728
0.18
2.32
10.084
0.568
1.644
0.384
1.54
2.956
2.268
10.472
0.644
3.544
1.576
3.856
1.188
2.42
7.212
0.312
3.896
2.956
8.732
5.92
0.62
0.816
0.536
6.728
0.148
2.884
3.812
9.2
0.1
2.116
1.092
2.476
3.52
11.0
2.04
3.412
0.2
9.128
0.788
2.328
3.024
3.516
0.516
3.9
2.376
0.208
4.596
9.732
4.6
0.976
0.708
1.04
3.84
2.28
1.296
5.3
2.364
3.38
7.596
2.984
1.12
0.504
0.628
1.896
0.404
2.172
10.624
0.684
1.556
4.448
4.772
1.848
7.252
2.052
4.424
0.984
2.592
8.468
4.496
1.064
2.6
8.396
0.948
2.784
3.796
1.296
2.936
2.896
4.668
1.252
9.08
6.24
3.504
2.076
10.056
4.036
4.876
2.3
5.672
8.904
1.992
9.224
2.496
9.888
1.476
11.1
2.436
0.236
4.696
5.208
1.296
4.572
1.036
1.896
8.072
3.576
0.904
2.208
1.952
6.688
3.516
0.776
6.968
0.344
1.116
0.184
2.74
0.728
0.2
1.832
1.872
7.952
10.176
9.956
0.908
2.892
0.584
1.064
10.004
10.644
5.212
1.748
9.864
2.668
4.132
3.444
1.168
0.976
2.072
7.332
0.652
3.956
0.488
2.58
2.988
1.164
0.904
5.396
1.044
0.592
0.484
1.104
1.136
8.896
11.032
1.436
0.856
3.408
1.496
6.464
2.788
1.184
0.704
7.78
1.084
0.996
2.056
0.928
0.632
2.684
0.92
0.388
0.716
8.248
8.252
2.456
0.356
6.156
2.656
1.652
6.124
10.692
8.864
4.808
0.092
3.476
2.088
2.376
10.896
0.876
0.208
2.104
1.04
1.68
4.984
8.264
6.632
2.396
0.376
6.488
0.16
5.252
0.672
2.848
0.844
2.368
6.124
2.072
0.988
9.08
4.564
5.524
3.784
1.364
0.792
4.18
1.972
4.996
0.172
0.396
8.68
7.856
1.872
3.832
4.352
1.44
0.36
0.196
7.096
0.156
4.26
2.88
10.308
1.44
0.34
1.564
0.708
0.524
4.552
3.948
0.252
3.624
3.976
1.568
5.112
10.472
1.0
4.96
0.932
0.116
0.768
0.3
2.316
4.32
10.452
1.576
2.52
11.112
2.432
0.4
1.552
1.044
1.66
0.292
1.64
1.676
4.24
2.076
0.344
1.232
5.388
1.104
4.98
1.516
4.184
2.944
5.704
9.676
0.208
3.492
2.956
2.556
6.712
0.132
0.988
0.812
6.076
0.584
3.964
4.68
2.672
0.924
1.452
1.6
0.568
0.652
4.732
0.276
1.576
1.34
0.58
6.132
2.068
4.484
5.476
1.244
5.192
0.576
0.412
0.528
2.78
0.536
4.756
0.616
3.08
3.696
1.948
9.472
0.34
1.996
0.384
2.152
1.432
4.776
1.208
0.608
1.9
6.872
1.612
5.68
1.32
3.096
3.404
1.988
10.088
6.24
1.208
0.376
6.04
2.704
4.236
0.908
4.48
2.332
2.384
6.184
1.528
7.116
7.504
3.448
2.044
5.836
5.1
4.804
3.808
1.376
1.352
2.924
2.64
5.244
2.828
2.852
7.136
0.584
0.732
4.256
0.868
6.084
0.232
5.692
2.312
1.996
0.204
1.768
0.844
0.816
0.512
1.548
2.792
1.28
1.188
3.484
2.916
0.904
0.264
4.952
6.756
8.676
0.488
2.86
3.112
1.096
4.788
7.336
4.972
0.388
8.5
3.516
1.028
2.716
2.98
0.444
7.972
5.5
1.476
0.184
6.516
4.112
9.424
4.308
0.272
0.364
2.424
4.816
9.432
2.864
0.112
0.608
1.508
1.588
1.028
0.824
1.132
4.264
0.764
1.428
7.376
6.212
3.224
2.144
9.152
0.156
8.864
8.732
6.616
2.548
0.388
1.892
4.68
1.384
0.492
2.404
0.1
0.376
0.796
0.268
1.712
7.96
0.384
0.504
3.696
2.352
0.176
1.716
4.764
3.468
2.376
0.276
1.384
8.788
2.2
7.376
0.84
0.552
2.592
1.076
10.8
0.772
10.756
3.42
0.892
4.62
10.996
0.668
3.148
0.192
0.872
4.644
1.052
2.784
4.484
4.532
7.928
0.804
3.52
0.424
0.888
1.428
2.276
4.228
3.84
1.136
0.564
0.624
8.66
2.196
2.488
3.144
1.188
1.388
6.172
1.22
3.2
2.436
0.472
4.716
1.228
0.18
6.352
0.92
3.824
0.164
0.576
0.496
1.0
0.792
3.424
1.008
0.308
4.216
0.992
8.984
2.26
0.26
3.272
2.34
1.332
0.38
1.752
7.42
4.272
7.044
8.396
2.636
5.66
0.888
0.088
0.968
3.64
1.644
5.432
1.196
8.744
2.54
3.668
0.9
0.204
0.432
5.96
0.1
1.684
5.38
3.296
0.284
0.172
4.632
8.168
0.856
5.196
2.884
3.044
1.844
2.856
2.84
4.98
1.756
0.304
6.972
1.744
5.472
0.824
0.844
2.284
1.532
4.592
0.672
2.524
1.58
0.928
0.904
5.028
6.396
0.252
3.512
4.284
1.888
0.928
1.144
2.22
1.6
2.012
1.812
9.908
1.532
1.572
0.26
0.548
1.612
1.468
0.948
10.068
8.416
11.064
1.512
0.504
6.936
1.772
0.948
9.388
4.432
1.752
1.948
1.544
1.428
8.872
1.548
2.092
6.688
2.912
7.968
0.872
9.02
2.78
5.248
8.148
7.372
1.228
1.34
8.62
5.596
2.084
1.428
6.24
0.152
0.54
0.728
1.78
2.632
8.812
0.232
8.58
4.692
1.104
0.428
10.66
0.62
0.928
1.764
3.976
2.396
1.732
1.708
3.944
2.304
0.876
8.628
2.552
6.768
10.444
0.544
1.012
8.164
5.752
9.668
4.664
2.708
0.12
1.052
7.792
6.848
0.652
0.584
3.976
6.76
2.66
0.312
1.916
0.836
8.604
7.404
6.548
0.684
0.552
1.592
7.412
3.184
9.444
0.764
1.364
8.912
3.044
0.824
8.552
3.148
7.76
0.528
0.444
3.952
1.296
2.736
2.364
1.216
2.184
4.852
0.108
4.82
9.28
3.468
4.092
9.192
2.248
1.184
1.704
1.392
7.56
0.604
7.34
4.024
0.576
1.572
7.396
0.188
0.324
3.252
1.192
0.604
5.852
10.156
1.904
4.92
0.192
0.964
4.72
1.328
0.524
1.176
6.244
5.024
1.868
3.66
0.416
0.248
2.672
3.84
10.944
9.128
5.304
7.536
4.468
2.596
5.1
5.768
8.884
1.548
0.232
0.764
4.404
1.224
4.428
1.12
3.236
1.628
10.46
0.548
4.896
0.6
1.052
3.072
1.18
0.484
1.188
2.596
8.788
0.476
0.972
0.472
2.924
8.224
10.236
3.668
8.876
5.388
7.72
0.796
6.484
2.092
7.212
0.448
0.292
0.484
9.232
3.78
5.82
10.292
6.6
0.272
4.16
2.668
10.312
0.644
2.016
6.144
2.016
0.796
2.4
2.228
9.74
4.224
4.616
0.768
1.828
6.652
5.844
2.34
7.268
6.784
2.836
2.592
1.324
4.044
4.58
0.252
2.12
7.996
3.132
7.54
2.928
1.176
5.408
2.44
0.22
6.288
2.1
0.328
3.576
0.516
1.532
0.776
6.356
0.84
1.104
5.16
5.028
1.092
2.568
2.188
8.292
1.848
0.216
0.568
7.544
10.852
4.412
1.564
0.472
2.508
11.108
1.092
5.788
7.196
6.552
1.472
1.248
4.688
0.26
2.316
1.084
0.468
0.34
4.432
3.692
1.588
1.752
7.876
4.704
5.58
4.08
0.748
3.504
5.388
2.32
8.608
2.912
0.788
0.608
2.832
2.068
5.528
0.604
1.14
1.868
0.556
7.568
1.124
4.404
1.372
1.252
1.884
0.96
1.152
8.924
10.22
1.54
5.972
5.08
7.552
5.968
5.296
0.42
2.328
1.456
2.04
6.5
2.956
1.124
0.248
3.304
2.488
1.132
1.404
5.404
3.168
7.42
1.944
1.364
10.42
0.168
1.196
0.28
10.656
0.348
5.972
0.452
2.244
2.72
0.116
4.824
5.404
2.4
1.96
3.196
6.036
3.372
9.464
0.816
1.656
0.376
10.576
10.396
2.124
0.56
0.136
2.644
3.484
1.304
8.96
0.344
0.64
2.484
0.26
1.408
1.376
1.02
3.54
0.976
4.484
0.724
1.012
1.66
3.136
2.032
7.196
5.256
1.404
2.672
4.564
3.332
7.184
2.132
6.636
3.064
0.516
0.12
3.924
1.42
6.524
0.812
8.28
0.78
2.116
1.04
0.144
3.44
0.816
1.564
5.428
1.42
3.268
6.62
11.032
0.46
1.128
0.644
7.804
3.496
0.656
0.76
4.452
1.66
3.768
8.696
0.46
0.264
3.524
2.116
10.096
1.276
3.548
1.556
8.94
0.908
5.084
3.184
1.672
0.616
2.2
1.532
0.988
1.672
2.38
0.584
9.564
0.66
6.004
0.6
2.48
4.756
4.644
2.668
5.336
10.416
1.24
1.116
3.512
8.26
0.452
4.28
8.94
4.86
0.508
0.404
1.876
4.144
3.424
0.26
1.816
1.928
6.108
0.512
1.768
6.44
4.072
10.996
1.128
0.568
0.324
0.212
0.972
2.752
3.9
3.504
1.388
4.256
0.808
2.14
5.296
0.828
8.872
1.588
1.336
3.504
0.484
3.292
0.432
0.376
0.296
0.888
4.924
2.836
5.564
0.988
0.3
2.972
2.4
1.596
0.708
1.224
4.052
0.18
5.448
3.484
3.592
7.116
5.632
2.824
0.728
4.208
3.724
8.348
4.14
4.732
3.332
1.804
0.78
7.532
4.992
0.836
0.896
2.768
1.696
2.992
2.676
7.392
8.22
1.908
9.964
0.216
9.448
4.516
5.948
0.688
8.852
5.76
3.864
0.552
3.556
2.464
3.224
0.524
3.572
2.588
0.488
2.236
6.744
9.5
0.416
6.452
0.74
6.416
3.272
0.908
0.216
3.104
2.836
4.22
1.616
4.108
1.012
3.336
1.212
7.456
3.124
2.784
0.696
4.404
1.4
0.096
1.048
2.472
3.368
0.616
0.46
1.432
0.42
2.728
0.756
4.948
1.484
0.224
0.7
9.18
10.716
3.648
3.512
7.0
4.944
0.584
1.456
9.32
8.32
0.388
5.316
10.82
2.952
2.516
6.368
3.796
2.564
7.816
1.352
2.296
2.248
0.176
11.116
2.324
1.28
1.128
5.864
9.508
1.428
0.832
5.712
1.648
8.444
10.92
9.868
2.44
5.5
1.348
0.384
2.556
0.64
11.088
0.104
3.412
3.736
3.768
3.888
2.312
4.112
3.02
2.488
0.212
0.208
2.38
1.396
0.332
10.212
1.728
0.252
4.94
1.08
0.732
0.388
2.7
5.428
6.208
0.432
1.196
0.808
0.168
0.4
1.244
0.34
2.288
1.624
2.284
4.2
1.616
4.76
1.776
4.888
0.26
5.348
2.372
0.76
2.064
5.412
0.828
1.62
4.656
3.58
1.272
2.812
4.448
0.296
1.624
2.776
0.536
4.388
1.452
4.392
1.316
10.532
9.08
2.624
2.144
2.252
4.356
0.536
2.484
9.396
0.356
0.312
1.396
6.74
9.336
0.172
2.368
5.688
10.2
1.072
1.276
0.476
1.64
1.492
5.2
1.708
0.552
6.844
8.992
8.496
5.22
1.04
0.976
0.412
10.24
2.776
5.212
3.7
2.672
0.436
1.748
7.376
1.068
0.128
0.356
0.88
9.34
0.868
0.472
0.196
3.196
4.548
3.592
3.404
2.852
9.432
4.716
4.44
0.54
2.224
1.748
3.016
3.796
2.288
0.404
6.032
2.052
0.104
6.516
9.016
0.164
0.244
6.208
2.948
1.712
3.404
2.676
0.42
5.084
0.268
4.916
1.576
4.408
1.612
0.164
0.164
1.452
5.024
0.248
0.696
1.82
5.376
0.204
0.696
0.86
1.58
3.144
1.232
1.892
1.628
10.416
1.828
10.112
5.924
9.732
2.08
0.184
4.46
5.86
2.904
9.248
2.672
1.972
1.296
2.376
2.176
1.62
0.088
2.212
2.32
6.628
1.048
5.952
4.004
4.532
4.796
2.332
1.284
5.384
2.096
0.196
10.116
0.188
4.044
2.448
10.008
7.18
6.228
8.812
5.2
5.268
0.996
1.732
2.788
0.188
8.392
1.808
1.688
9.332
6.756
0.852
10.46
3.552
1.068
5.276
0.224
0.5
9.188
2.384
3.564
0.424
0.812
1.396
3.26
1.064
2.22
3.26
2.736
5.24
9.004
7.604
1.1
0.28
0.972
3.456
5.972
7.908
2.924
0.668
0.596
7.464
0.4
1.808
2.992
0.624
0.34
2.912
9.448
1.428
0.832
0.996
11.076
5.472
0.836
1.764
1.184
1.66
1.776
9.452
3.304
1.048
1.356
4.208
5.968
0.924
8.632
5.544
0.412
0.68
2.496
4.232
6.74
3.624
8.096
8.58
2.268
2.024
4.536
2.016
8.72
2.124
0.208
5.456
0.152
0.604
3.688
0.392
0.424
1.1
10.004
6.584
0.612
3.884
0.1
5.348
2.548
1.872
7.744
0.952
0.624
3.356
9.82
0.308
0.504
0.644
1.908
1.848
10.328
8.732
1.24
0.48
0.092
0.904
3.988
0.9
0.66
4.588
1.704
2.564
5.352
1.624
1.084
3.156
8.476
7.612
9.416
2.452
1.604
10.6
1.02
3.928
1.216
2.104
0.424
1.104
0.132
2.836
3.088
0.68
1.996
0.26
1.48
0.392
0.8
0.608
3.512
0.96
0.86
8.104
0.456
1.076
8.216
3.376
4.688
0.384
0.1
7.992
0.172
1.576
1.116
9.904
9.356
0.16
7.148
10.392
9.728
4.636
0.308
0.776
1.86
1.904
0.684
3.86
0.752
0.284
2.236
1.836
0.452
8.476
1.168
2.152
2.412
2.584
2.912
1.776
7.372
0.788
1.708
10.156
1.432
0.22
4.236
8.84
1.072
1.712
2.792
0.932
3.504
8.3
2.972
4.672
4.952
0.556
0.976
1.636
3.392
1.444
5.876
5.672
1.072
4.84
1.252
9.208
3.348
1.896
2.028
0.176
2.432
8.26
1.064
1.42
3.916
9.812
3.672
2.348
1.184
0.932
0.496
2.796
3.492
2.032
8.34
2.456
9.864
1.116
2.428
0.732
1.904
5.18
4.856
6.776
1.308
2.924
3.504
3.596
4.384
0.544
0.22
7.092
1.988
0.288
0.92
2.356
1.66
6.504
8.092
7.168
2.708
0.524
1.196
4.16
10.78
9.616
1.42
1.652
1.944
3.58
0.8
8.056
2.232
0.404
1.336
0.816
1.22
8.296
9.908
2.372
2.292
1.876
11.012
1.092
0.932
7.94
4.032
2.784
0.16
3.416
6.94
7.8
1.124
0.66
4.524
5.316
4.348
0.492
4.148
1.428
2.524
2.168
9.44
3.136
0.192
2.056
1.244
4.064
0.7
0.78
4.436
0.636
0.736
2.236
9.324
0.48
4.876
0.732
9.008
8.384
1.264
0.568
0.168
2.3
4.096
0.18
9.024
5.948
1.72
3.364
9.948
6.312
2.728
0.232
10.016
8.384
0.932
0.568
1.964
0.592
0.68
0.708
3.264
3.516
2.98
5.2
0.476
4.596
5.816
2.856
3.9
7.496
0.368
4.052
2.8
4.752
3.268
4.244
0.268
3.648
1.496
2.28
1.476
5.46
0.28
1.488
7.772
1.684
0.272
9.492
3.66
0.752
0.74
4.408
0.512
2.696
7.288
1.492
1.84
0.904
0.512
8.512
0.684
1.624
3.896
8.928
0.944
3.784
3.644
0.9
2.516
0.588
0.428
4.584
1.348
3.032
9.328
1.676
5.656
2.94
0.476
8.936
0.28
1.392
8.948
0.9
10.856
6.004
0.148
1.416
3.076
1.092
2.632
1.828
5.664
2.616
0.648
8.524
2.44
10.92
4.08
10.816
7.208
4.248
5.236
2.348
0.472
10.804
0.272
4.232
1.456
1.176
3.576
2.376
9.788
2.244
10.424
2.216
5.764
3.752
9.688
6.184
0.168
0.204
1.136
7.784
7.9
1.052
3.628
0.38
1.3
7.968
0.308
1.072
10.432
4.216
1.144
8.428
3.792
0.168
3.3
11.068
2.76
3.056
0.268
0.252
7.612
0.94
4.336
10.196
8.588
1.136
10.484
1.168
0.568
2.984
2.22
3.508
2.208
4.456
6.228
1.924
6.236
0.552
3.04
1.364
6.896
1.608
6.916
4.072
2.244
4.664
10.012
4.236
4.82
4.004
7.508
4.756
6.356
0.824
1.568
5.0
6.052
1.508
6.312
0.52
7.056
1.172
2.82
2.824
0.568
0.992
8.812
9.408
1.86
5.432
0.476
7.0
1.96
2.02
8.076
5.056
1.196
3.78
0.9
1.752
10.156
5.448
0.432
0.276
3.58
4.468
0.488
1.248
7.216
5.236
0.548
3.68
7.272
0.636
0.3
7.512
0.924
0.724
6.82
1.292
1.832
9.452
6.032
0.492
5.472
1.38
1.78
2.72
4.692
1.472
4.64
3.988
0.756
2.672
2.248
3.532
1.492
0.124
1.396
10.056
11.056
0.344
3.012
6.992
2.404
1.128
1.38
0.564
2.976
1.268
8.9
3.24
5.404
11.164
6.484
7.216
0.208
1.34
2.772
5.468
2.864
6.004
4.116
9.236
2.892
10.34
0.272
4.424
10.38
0.364
3.2
4.18
1.78
0.756
6.436
2.532
0.632
4.2
1.284
2.78
2.0
0.64
3.336
1.756
1.428
0.54
5.168
4.66
10.756
1.616
2.244
4.784
1.904
0.268
0.9
0.632
4.38
0.1
1.592
1.184
0.592
0.208
0.272
0.356
3.472
0.336
2.232
5.188
1.532
0.312
1.056
6.332
0.42
1.284
0.416
1.896
6.856
1.588
3.988
6.3
6.512
0.732
7.604
4.292
5.06
8.652
1.124
1.708
0.548
3.468
0.348
1.204
1.412
0.272
0.356
4.6
2.38
2.756
2.72
0.328
1.452
2.124
1.396
0.192
0.5
2.612
1.436
3.208
3.248
8.672
4.304
10.368
6.636
8.564
0.8
0.3
10.604
0.588
1.748
2.832
2.48
1.044
0.332
5.556
0.1
1.512
0.12
3.996
2.628
3.164
0.752
0.616
0.78
0.2
4.928
5.744
3.404
5.316
3.832
3.396
4.04
3.428
5.352
1.056
3.812
2.68
1.832
10.536
3.448
10.156
0.412
0.76
2.248
1.396
7.256
11.128
4.044
0.316
5.024
1.636
2.356
0.1
3.072
3.524
1.228
1.032
0.604
3.912
5.492
1.616
8.288
3.732
8.32
2.676
1.94
9.404
1.46
1.048
3.244
1.024
0.572
5.052
0.748
0.212
9.488
1.432
10.028
0.592
2.292
2.58
0.904
8.42
5.076
1.564
4.904
1.536
1.424
2.612
10.952
4.072
8.728
5.028
1.412
2.92
3.96
0.924
0.868
1.468
0.964
2.66
3.684
4.22
0.596
0.588
0.648
2.828
8.784
1.704
1.652
1.564
1.06
6.228
1.588
2.84
0.244
2.652
3.788
6.796
2.516
4.728
3.172
4.392
4.12
1.552
8.708
4.008
4.008
0.904
2.156
4.868
2.12
4.576
0.82
0.292
0.896
0.824
0.36
7.42
2.212
0.112
1.848
3.484
0.94
2.412
0.104
0.688
0.468
4.132
6.096
0.876
1.152
0.508
5.88
0.736
2.62
1.012
1.712
9.036
2.428
0.224
2.188
0.288
0.592
1.408
0.588
4.16
7.048
5.968
6.924
5.036
7.352
1.936
2.112
1.136
9.584
7.48
7.42
5.588
7.244
1.54
0.368
7.168
1.168
10.98
5.64
3.616
6.78
0.976
1.06
9.812
3.124
4.692
2.188
2.116
0.768
3.436
1.8
1.704
10.024
1.412
0.136
1.272
3.616
4.016
1.936
0.104
4.276
1.012
3.772
4.016
3.476
1.236
7.6
1.056
1.96
7.56
6.08
0.408
6.52
3.852
5.208
0.424
5.168
5.488
5.008
4.792
0.344
1.1
0.272
0.14
2.74
6.256
0.376
4.44
9.616
0.196
8.776
0.576
8.012
1.136
10.648
5.292
6.948
0.812
4.156
3.768
0.784
3.48
0.936
2.308
2.46
5.804
5.84
5.508
3.316
3.492
7.616
1.556
10.532
9.16
0.552
1.248
1.196
5.56
1.476
4.084
9.42
1.876
1.756
8.404
3.204
1.564
2.204
5.272
2.324
1.24
6.044
0.468
7.252
7.224
3.584
9.656
2.356
2.096
2.5
1.744
0.192
0.88
10.58
2.564
4.728
0.26
1.816
1.116
8.58
0.476
3.284
1.388
10.564
5.9
2.752
1.072
2.252
3.364
5.14
6.84
3.804
0.192
0.492
3.0
0.676
6.684
0.924
0.708
4.784
2.548
2.104
2.684
7.14
5.34
0.724
0.424
2.328
5.816
2.468
1.932
0.604
1.62
0.448
1.36
4.14
0.824
4.576
0.88
3.504
0.644
4.484
0.792
0.86
0.74
1.232
3.648
10.852
1.392
0.816
1.388
0.464
0.452
3.196
6.976
1.716
7.62
0.192
1.964
6.892
4.228
2.596
5.484
5.624
0.232
1.388
0.616
6.032
8.828
9.236
1.832
7.1
5.644
1.244
2.984
2.056
0.192
7.14
6.744
2.876
0.252
9.132
1.18
0.388
9.372
11.612
3.6
2.148
2.92
2.768
1.028
0.492
1.344
9.34
0.428
1.076
2.256
10.264
0.524
0.652
8.888
5.992
1.244
0.132
1.152
3.428
8.436
0.168
4.196
0.492
2.108
0.72
3.576
2.252
0.088
0.728
3.228
1.772
0.476
4.428
3.476
0.632
7.264
0.1
1.312
6.552
1.564
0.348
0.296
1.92
5.484
9.14
0.216
1.928
3.632
3.004
3.976
4.248
3.904
0.496
9.336
9.672
7.448
0.112
8.8
9.28
0.808
0.376
8.2
6.344
3.356
6.804
1.604
1.508
2.644
4.032
8.204
3.428
1.428
4.184
2.7
0.26
5.116
1.264
4.344
4.312
2.484
2.548
0.432
0.584
0.404
1.356
3.532
0.28
1.94
10.144
0.892
1.456
2.084
5.316
1.76
1.636
0.42
2.764
6.344
2.212
6.22
7.196
1.248
1.888
2.712
9.932
1.532
9.26
0.156
0.852
5.6
7.568
10.52
0.804
0.788
10.468
9.784
3.512
0.16
0.704
7.652
1.292
0.644
5.912
0.396
0.696
0.612
7.248
5.648
0.416
1.86
8.14
4.088
1.816
2.66
3.32
0.148
0.108
0.212
0.144
2.772
3.936
1.836
10.404
0.456
2.656
0.956
6.08
5.836
9.724
3.66
8.664
10.024
5.044
3.74
8.06
0.208
2.42
1.772
3.84
1.72
3.724
0.304
1.4
0.456
7.292
2.184
2.112
9.456
0.212
1.172
5.636
5.828
10.032
7.56
2.48
9.784
0.112
2.964
2.244
1.736
2.072
1.452
0.156
9.324
2.82
5.032
0.568
9.132
0.752
0.884
0.36
8.976
5.896
0.224
0.6
5.992
7.824
0.308
1.504
2.048
2.052
0.624
6.656
5.56
2.752
2.772
1.824
2.2
8.152
0.212
2.292
0.776
8.388
6.796
7.972
4.652
3.432
11.016
2.352
1.38
8.804
9.564
0.172
4.38
4.744
3.08
3.876
4.004
1.14
2.076
2.444
1.488
1.532
3.304
0.344
3.412
0.432
1.552
4.932
5.724
8.688
6.408
0.372
0.676
0.444
0.72
10.3
4.852
0.14
5.26
6.788
10.208
10.708
1.48
2.796
0.912
3.26
1.284
1.612
1.948
0.084
0.768
0.148
3.164
2.944
0.964
1.868
1.3
1.108
3.928
4.76
1.636
0.92
5.444
2.48
3.124
8.032
0.856
6.648
0.152
0.284
0.692
0.408
0.324
0.964
1.116
0.808
3.092
0.684
2.028
2.292
6.624
4.576
7.796
0.616
0.212
4.92
3.44
2.26
6.576
9.18
7.284
4.668
2.316
1.984
2.76
4.504
1.856
7.62
0.884
1.696
1.452
0.76
6.868
2.28
10.72
8.036
2.308
1.584
0.464
5.408
0.976
0.18
1.248
8.616
1.392
1.696
0.74
2.572
1.46
8.796
1.924
3.952
10.288
3.432
3.736
1.188
9.412
4.584
2.716
0.796
3.268
0.236
2.108
1.084
6.108
3.652
0.208
3.732
7.544
0.304
0.836
1.876
9.948
6.572
9.788
5.536
9.644
4.456
0.74
2.32
4.008
2.388
1.056
4.444
1.42
1.936
4.384
2.276
6.188
10.94
0.924
1.868
0.704
0.36
0.676
4.0
1.792
10.376
1.296
2.784
0.132
0.488
7.04
3.204
9.064
5.068
3.984
2.372
10.992
0.628
5.424
2.604
4.444
1.7
0.364
3.524
7.348
0.64
5.356
0.976
7.448
0.524
3.956
1.7
0.1
0.504
3.864
0.564
1.944
1.26
9.088
0.536
3.876
3.896
0.92
1.132
7.004
3.216
2.228
1.804
0.2
0.228
3.864
2.324
2.032
0.5
2.696
0.252
0.364
3.476
2.072
2.008
0.176
2.32
1.52
3.208
0.388
4.504
0.148
2.032
9.78
2.224
10.1
2.896
0.756
1.008
4.012
1.976
1.14
0.832
1.56
0.64
1.848
1.344
5.512
11.08
10.968
6.204
0.208
1.8
8.144
8.504
9.728
2.244
10.476
0.292
1.068
2.5
0.292
5.608
7.336
0.156
2.26
5.244
4.296
4.776
0.66
0.404
0.5
4.252
1.368
3.616
6.432
1.748
1.72
6.044
3.916
0.268
3.4
8.196
6.848
3.636
1.516
9.68
11.32
0.14
1.096
0.736
4.692
1.388
0.66
6.524
3.22
3.976
6.524
1.848
0.16
2.636
2.328
2.94
4.692
2.368
6.188
2.516
9.036
4.144
3.212
10.268
0.284
2.328
1.404
5.588
9.772
8.48
1.428
0.276
2.5
3.884
0.92
2.176
1.012
2.856
2.928
1.224
0.544
8.208
2.54
4.148
1.736
0.844
0.4
1.78
0.216
2.2
1.228
2.292
8.472
6.76
1.98
7.38
1.204
11.228
4.12
3.096
1.328
0.356
0.944
5.904
10.084
0.78
0.512
2.092
3.668
2.628
3.28
3.164
1.716
5.06
5.232
0.984
1.904
3.328
5.004
0.988
1.992
0.664
4.196
0.772
3.368
4.548
6.96
5.66
3.78
1.628
1.452
2.948
0.36
0.548
7.852
2.376
2.856
6.196
1.42
8.516
4.684
0.624
9.92
0.192
2.076
1.844
0.372
6.42
2.584
2.992
4.512
0.696
2.144
4.6
7.052
6.416
3.804
1.02
0.48
1.436
9.404
0.132
0.672
7.368
2.148
2.82
2.108
3.764
1.412
7.3
5.096
3.908
1.336
8.116
3.372
0.248
0.512
0.5
1.308
2.368
6.524
1.024
0.492
10.392
1.792
2.756
6.724
0.124
0.276
1.908
6.328
2.172
10.816
3.344
11.052
6.096
0.616
2.992
4.456
5.74
3.64
0.196
4.544
3.24
1.576
2.02
1.152
2.656
0.54
0.88
1.548
1.48
0.712
3.668
0.132
2.892
6.344
1.496
0.272
0.896
0.572
1.792
0.848
0.5
9.1
1.208
3.6
4.604
7.136
3.492
5.112
6.9
2.956
2.86
2.86
5.984
1.88
2.104
0.96
2.216
1.316
3.088
2.54
11.032
10.456
7.608
8.572
6.372
5.92
3.572
6.5
4.332
1.976
10.136
0.804
3.004
1.1
0.708
1.24
2.424
1.564
0.764
8.508
2.032
0.82
9.8
3.092
4.24
1.844
1.972
0.184
7.144
0.868
6.104
2.744
0.308
9.796
7.34
1.228
6.088
1.168
1.236
1.06
1.828
10.804
0.28
3.972
2.556
8.676
5.848
1.232
0.808
9.208
3.156
7.848
1.016
0.46
0.916
1.432
7.432
5.616
6.128
2.976
8.416
2.924
2.596
6.236
0.936
2.0
0.916
2.168
0.232
0.984
5.512
1.38
0.092
3.34
0.616
4.132
2.644
5.78
8.26
5.208
3.128
0.856
1.696
0.224
2.332
0.676
2.156
6.648
0.42
3.26
2.896
2.376
1.98
0.788
3.98
1.772
4.564
1.176
2.06
3.584
1.096
1.216
1.976
3.28
5.14
7.756
1.636
4.904
6.116
0.364
1.996
1.336
9.024
0.232
0.444
9.972
1.268
11.068
3.852
0.276
1.952
0.244
10.312
2.172
0.132
1.34
3.124
1.732
2.844
1.792
11.104
2.256
2.38
8.664
3.248
0.092
2.94
0.904
5.076
4.732
0.584
11.124
0.464
4.104
0.724
1.996
2.184
1.692
7.088
5.8
5.904
2.08
0.384
1.944
1.472
0.888
9.168
2.344
0.584
7.392
10.372
3.368
0.092
0.7
11.34
7.904
5.968
2.584
9.92
4.304
7.876
4.132
3.232
0.2
2.92
0.952
4.668
0.208
0.32
3.976
1.932
0.384
4.756
1.936
6.652
0.204
2.472
0.88
8.724
3.26
1.532
7.56
0.764
0.7
0.492
1.5
4.256
0.976
5.0
0.144
4.92
0.716
7.292
1.592
2.632
1.844
10.44
4.96
9.036
2.108
0.292
4.16
5.72
2.568
3.204
1.072
7.572
5.868
3.148
3.096
5.772
4.608
3.912
0.484
2.66
9.28
1.652
2.588
2.652
10.812
4.02
3.172
7.512
0.096
4.092
0.824
1.48
2.992
9.712
4.82
7.144
1.424
2.652
1.476
0.94
3.772
7.628
7.46
4.556
2.452
0.388
6.32
5.004
0.624
1.572
4.948
3.552
0.86
5.316
4.436
0.168
1.268
2.852
0.756
5.448
3.072
0.28
2.516
1.632
3.068
7.044
1.412
0.748
1.668
3.008
0.224
1.644
0.188
7.716
0.096
7.82
1.84
5.644
7.624
0.508
0.344
9.104
5.052
4.764
0.696
9.044
8.876
10.512
5.828
5.184
0.772
2.568
2.392
4.76
0.476
6.58
0.148
1.564
2.032
0.148
0.864
9.616
6.176
5.648
4.336
4.032
2.844
4.116
1.608
3.284
2.916
0.868
0.408
10.72
1.656
8.952
0.596
4.356
3.932
0.224
0.248
1.664
1.4
4.932
3.076
4.56
3.476
2.092
1.728
8.292
0.672
5.812
2.78
5.752
4.704
1.56
3.316
1.304
3.304
2.236
8.964
7.32
5.296
4.088
0.684
1.972
3.612
5.352
0.104
0.964
10.308
0.208
0.116
4.188
10.692
3.944
5.336
5.024
3.216
5.036
8.18
5.484
1.8
3.484
0.724
6.292
0.784
1.624
2.72
9.992
9.364
2.72
5.892
1.832
3.968
3.468
0.876
7.904
9.652
5.028
3.552
1.396
2.82
1.04
1.836
3.352
10.38
0.94
9.536
1.428
1.356
9.656
0.132
1.236
4.496
10.832
10.368
1.016
2.788
1.624
0.368
0.896
3.844
4.292
0.824
4.04
6.076
4.62
5.168
3.2
8.928
7.324
0.72
0.804
2.036
4.548
9.964
1.472
3.856
2.2
4.528
1.748
0.156
3.888
0.68
9.192
2.32
3.668
0.288
0.64
1.856
0.452
3.028
1.48
8.448
7.544
5.2
10.952
4.988
1.196
1.22
1.4
8.888
4.372
7.392
6.14
0.168
2.64
1.092
8.976
4.892
0.324
3.78
0.388
4.616
6.348
0.772
7.92
0.5
5.772
3.972
1.968
2.732
0.484
1.872
0.628
0.8
0.492
1.992
0.268
1.956
0.704
2.456
1.152
3.7
5.58
1.08
2.472
2.956
0.268
0.864
1.388
0.096
5.616
2.272
2.82
3.724
1.64
0.868
1.788
0.244
6.212
0.492
2.112
1.316
0.34
9.46
0.308
1.448
1.208
8.016
7.572
1.524
1.136
2.48
2.012
7.432
2.052
9.384
3.0
0.12
2.008
7.436
1.352
1.456
2.52
2.208
5.448
0.396
3.152
1.108
1.148
4.004
2.608
1.428
1.548
1.672
1.632
3.268
1.972
3.768
0.816
1.368
4.276
0.568
0.556
2.752
6.548
10.436
4.956
4.124
2.168
0.428
6.24
1.312
0.98
9.656
4.944
0.344
0.564
5.676
0.74
1.788
5.532
0.288
6.288
5.836
3.148
0.216
0.152
1.74
7.52
2.332
0.364
1.076
3.524
0.64
5.8
0.208
5.392
2.948
3.004
0.256
1.548
5.648
0.468
5.128
2.104
1.72
0.664
0.616
6.508
1.344
10.4
0.444
1.128
1.516
0.252
3.668
7.176
3.36
0.696
0.264
3.828
5.068
4.916
3.276
5.504
0.164
2.26
3.844
3.96
1.356
2.856
2.468
0.636
2.0
1.388
9.96
6.092
3.98
2.604
7.576
6.628
1.776
3.332
0.544
4.024
0.7
1.404
0.496
0.38
8.28
9.208
3.9
0.12
2.224
0.968
3.984
2.38
1.796
1.908
2.112
8.416
2.72
4.184
1.416
2.64
2.468
2.724
2.964
0.156
0.268
1.996
0.268
2.324
0.828
3.576
2.96
10.532
1.908
3.432
7.176
4.46
1.636
4.184
4.52
8.536
1.796
0.212
1.156
1.936
0.552
7.712
3.712
0.16
1.164
0.392
3.876
2.028
3.992
0.728
1.224
2.984
0.468
0.108
1.188
1.572
3.96
10.932
8.9
0.716
5.292
4.504
0.544
3.972
4.24
9.524
0.72
1.16
0.284
0.432
0.66
7.256
5.532
0.152
4.46
2.388
11.14
1.008
1.588
5.012
0.648
2.616
11.124
8.704
3.916
8.552
1.292
3.66
4.984
2.26
2.276
3.684
6.38
0.604
1.396
0.212
4.5
6.604
0.644
0.476
10.112
10.872
2.252
7.356
3.78
3.576
2.164
2.112
6.652
3.38
3.2
1.108
4.98
3.26
7.288
0.58
1.184
0.128
1.624
8.244
2.532
0.576
3.68
5.692
3.472
1.016
1.024
0.652
4.624
2.216
6.132
1.112
11.452
3.624
0.748
0.664
1.164
10.54
0.496
1.056
1.452
8.188
1.512
1.584
6.148
0.268
0.364
1.712
0.612
9.36
8.032
3.564
3.076
0.484
3.488
4.14
1.26
0.892
1.632
3.356
1.332
2.192
9.248
0.312
8.796
1.792
0.316
6.476
2.296
1.528
0.336
6.136
1.088
2.3
2.88
6.432
2.688
0.736
8.076
0.116
1.376
1.404
0.62
8.476
3.116
2.104
3.716
3.712
1.368
2.02
1.432
1.112
0.952
6.976
4.304
1.348
5.468
7.236
0.252
0.608
0.66
3.512
7.38
2.328
1.212
1.064
1.6
9.668
0.744
1.128
0.412
2.2
2.552
1.352
0.424
3.552
9.14
2.044
1.18
0.816
5.608
2.96
1.704
0.696
4.052
2.132
8.756
0.96
5.752
1.484
2.296
2.384
4.76
1.608
10.52
1.776
3.024
0.192
5.608
5.152
4.464
1.436
4.544
9.868
0.308
4.884
0.252
6.504
4.14
2.304
5.104
2.964
0.772
3.488
0.348
2.648
2.24
0.976
5.272
5.856
8.196
2.164
1.988
10.6
3.752
3.0
0.488
2.16
3.912
2.02
1.24
3.908
2.068
1.416
1.036
1.772
0.804
0.276
10.888
4.904
5.196
4.952
1.1
1.32
1.728
1.572
1.12
0.172
5.356
8.844
4.852
2.448
0.144
2.684
1.676
0.192
3.392
2.04
8.268
0.168
3.532
0.22
5.172
0.664
6.416
9.684
1.088
3.836
4.004
4.644
7.916
9.408
4.196
0.44
2.248
1.916
10.404
1.196
2.668
0.656
7.54
0.696
0.464
8.704
3.396
0.776
1.692
8.476
9.14
4.74
1.332
4.42
1.148
1.72
3.744
1.652
6.02
4.896
7.024
8.296
0.556
0.224
1.508
3.996
5.832
10.768
1.536
3.788
8.44
2.7
8.444
5.616
0.416
3.104
0.412
8.288
0.64
0.608
6.984
2.82
0.536
0.324
0.976
1.972
7.288
0.544
5.636
0.152
6.064
3.98
9.028
2.884
1.06
6.856
1.944
3.64
5.948
0.804
2.512
9.592
3.344
0.328
3.468
3.688
6.484
1.132
0.464
7.084
2.4
7.7
0.204
6.228
0.952
5.412
3.592
0.096
3.144
6.292
4.424
1.512
0.996
0.168
10.432
4.916
1.636
2.204
4.412
2.524
0.796
0.672
2.676
1.916
0.996
0.336
9.268
2.456
0.304
2.78
1.788
2.836
9.736
7.46
2.232
0.368
5.476
0.34
3.616
0.112
0.088
0.352
3.004
1.912
7.864
2.704
0.66
6.132
7.852
4.044
3.8
0.244
0.32
1.056
2.988
2.692
3.548
1.044
0.948
3.996
2.768
11.04
2.824
3.524
8.224
0.972
8.62
2.624
0.284
0.748
4.952
2.036
1.176
6.768
2.436
0.388
0.14
3.516
1.948
4.216
1.176
5.112
2.36
1.664
10.092
2.26
5.952
1.08
1.672
9.644
5.372
5.168
0.876
0.94
10.344
0.112
0.488
1.788
5.688
2.92
2.404
1.0
0.488
7.44
1.34
2.932
2.836
0.996
2.164
2.78
1.296
0.388
6.108
4.256
9.924
1.5
0.712
1.78
0.852
0.3
10.372
1.74
0.748
0.732
10.412
2.424
9.248
5.888
4.756
0.468
1.484
11.0
6.948
1.136
0.424
3.236
0.82
0.248
6.912
3.032
2.052
5.2
1.508
6.552
1.648
1.108
1.504
2.7
0.864
1.628
1.02
0.36
3.152
1.996
1.868
0.74
1.208
9.356
3.548
0.212
1.216
2.484
7.484
0.68
0.784
2.2
2.464
4.356
2.176
2.36
10.1
0.552
0.872
10.264
2.828
0.112
1.808
0.816
0.68
1.932
2.432
2.096
6.212
0.372
0.988
4.188
1.028
3.568
9.9
1.604
2.108
1.024
6.22
0.92
3.924
4.996
3.432
0.396
2.916
3.14
9.392
1.408
5.9
2.68
4.948
3.484
1.608
2.48
5.088
5.692
7.34
0.412
9.148
10.716
4.752
0.672
0.252
0.468
0.12
1.088
0.336
5.456
0.54
6.328
0.916
5.052
2.892
9.168
1.928
0.14
1.516
4.572
5.484
2.608
10.752
9.468
9.488
4.564
0.568
3.94
10.176
2.36
5.944
0.352
0.236
3.692
2.748
4.408
0.688
9.068
0.98
0.892
10.712
5.276
9.84
7.64
3.08
1.692
3.692
0.628
1.372
4.772
0.12
1.084
6.496
0.236
1.54
3.792
0.72
11.144
0.92
3.928
0.304
4.66
8.972
5.36
1.448
0.092
0.232
6.636
3.664
4.012
4.18
2.296
0.232
6.876
3.388
8.58
7.848
0.284
0.404
3.872
0.164
0.848
10.256
0.34
3.692
0.82
2.772
0.772
0.104
0.452
1.056
0.368
8.388
5.644
6.004
2.996
5.44
0.176
0.268
4.544
1.26
0.572
6.756
2.5
7.928
10.776
0.692
0.416
8.984
0.42
2.12
3.892
2.188
1.756
0.276
0.308
1.376
2.236
0.264
2.652
1.732
1.332
9.672
0.852
3.344
2.86
1.08
1.336
0.764
4.444
5.384
10.0
1.412
0.636
0.096
2.304
0.484
0.576
2.356
0.748
5.048
1.328
7.804
0.38
4.46
2.804
0.108
5.108
1.072
2.244
3.396
0.9
2.356
4.44
3.992
0.244
2.132
0.204
2.972
3.008
4.484
1.148
11.552
6.236
5.26
8.256
3.368
2.68
2.56
2.772
0.432
2.78
1.352
0.792
3.368
1.328
8.768
0.668
0.564
7.448
7.312
6.06
0.52
0.496
2.56
1.196
2.484
4.616
0.092
10.54
1.716
0.836
0.304
3.416
1.3
2.42
4.856
4.448
1.028
5.804
3.34
1.508
5.348
1.184
7.0
2.128
0.352
2.212
0.12
2.392
2.12
4.252
2.84
10.42
3.984
2.072
9.708
1.596
1.396
3.984
10.096
0.72
6.828
4.576
4.764
1.612
0.828
3.976
0.704
1.648
1.388
0.572
5.128
3.028
1.9
0.62
1.572
2.892
1.504
2.856
0.216
1.784
0.208
0.176
0.132
4.808
0.644
1.944
0.668
5.488
0.94
5.8
3.092
0.132
0.372
0.852
2.704
1.996
3.684
0.356
1.088
1.66
1.524
3.428
1.984
0.204
0.332
1.184
0.972
2.18
0.104
1.744
6.7
10.092
7.82
1.184
6.228
0.724
1.804
1.056
2.556
2.584
9.452
4.864
0.1
5.512
0.248
1.78
2.968
5.792
6.304
4.036
10.556
1.924
3.028
10.64
1.596
10.388
6.632
5.052
8.796
5.088
0.336
4.592
2.456
11.612
3.412
10.408
10.712
10.2
6.576
1.668
9.224
3.688
4.28
7.236
1.332
0.728
0.108
2.416
1.912
0.412
4.792
1.5
3.544
0.3
4.884
3.868
2.828
2.904
3.232
2.3
3.044
5.764
4.92
2.564
1.616
0.716
8.752
2.972
3.868
9.344
2.084
3.996
8.74
0.164
4.584
3.796
1.924
5.028
5.288
0.468
1.144
0.532
2.024
6.28
9.036
1.02
1.504
10.14
0.864
1.488
1.452
2.548
4.584
7.9
4.5
0.992
9.592
1.992
0.908
0.764
4.604
8.06
5.932
2.404
0.508
5.188
2.516
0.944
2.112
1.824
3.88
1.596
3.488
0.9
7.496
3.06
2.072
2.6
5.612
0.16
1.276
5.484
8.972
0.208
0.424
4.124
0.416
0.368
1.412
11.0
0.088
6.288
3.98
0.644
5.708
2.272
1.628
10.976
4.336
0.584
1.152
0.424
4.016
0.492
0.312
0.348
1.828
9.224
0.452
0.984
1.812
0.976
5.156
2.248
0.984
6.764
0.308
0.28
6.692
8.912
7.532
1.228
3.144
3.912
0.484
8.356
0.836
1.236
0.448
10.732
2.628
6.148
2.688
3.168
3.848
0.452
8.264
0.796
3.056
0.232
3.28
0.264
5.172
1.896
4.596
3.624
4.416
9.412
4.54
5.02
0.164
7.4
4.144
1.816
1.172
0.184
9.652
1.468
0.876
3.36
1.056
0.116
0.988
1.424
0.988
0.872
0.776
3.168
0.644
4.068
0.688
1.7
0.172
0.448
1.688
2.072
0.412
8.572
3.424
2.52
9.988
1.784
5.108
2.06
4.68
0.708
0.48
0.544
5.672
2.344
0.372
0.44
3.34
3.46
3.192
10.936
0.308
1.32
3.224
3.476
9.576
3.332
1.192
3.508
8.692
1.052
5.748
9.476
3.792
3.672
4.512
0.504
0.168
1.728
0.624
0.48
1.02
1.288
1.464
2.132
1.992
10.544
3.92
4.276
3.848
0.736
0.552
2.648
8.176
1.4
4.776
1.932
1.912
1.9
2.684
3.508
4.324
3.792
2.312
10.796
7.356
4.716
2.712
1.332
1.016
5.336
2.156
4.28
10.716
7.836
1.012
0.38
4.492
0.424
9.608
4.656
9.424
6.652
2.088
0.576
10.424
0.596
0.536
3.892
7.128
8.2
0.744
0.284
0.556
5.664
0.744
0.868
2.496
10.544
2.56
8.704
0.516
9.192
2.076
0.168
2.636
5.54
1.828
0.412
2.724
2.056
4.924
4.02
0.1
7.192
0.756
1.48
8.5
1.924
0.596
9.284
2.04
9.208
2.332
0.3
1.62
2.248
3.552
6.748
1.36
3.22
9.036
1.704
1.744
3.128
5.244
2.204
2.304
2.78
2.928
3.668
0.092
1.688
2.356
10.464
8.428
3.208
2.46
1.3
2.572
10.988
2.932
1.872
1.572
0.224
6.932
7.064
5.8
1.356
0.504
0.964
3.528
10.252
1.28
6.736
1.308
0.572
1.86
3.144
2.852
1.404
2.668
2.436
0.364
2.412
0.944
2.136
3.104
0.908
3.408
0.356
9.996
5.736
1.348
6.308
0.76
7.956
9.948
2.0
4.716
6.248
5.124
6.68
6.48
0.456
7.096
0.86
0.424
5.32
9.7
5.824
1.436
2.92
3.34
0.376
9.036
3.988
0.8
3.668
2.224
3.504
0.576
0.388
4.64
3.088
0.416
10.692
1.564
9.076
1.804
3.308
2.224
2.592
0.336
1.9
0.188
1.86
0.608
0.232
0.568
1.236
5.38
10.428
3.76
1.868
10.096
4.644
1.488
5.172
0.112
3.524
0.544
3.108
1.636
4.844
0.28
1.476
3.28
0.248
3.656
2.86
2.332
0.364
7.76
0.548
1.116
0.176
4.704
1.664
0.74
6.972
8.584
1.804
6.364
0.344
0.14
9.66
5.876
4.12
1.036
9.084
1.872
2.276
2.3
10.612
1.3
4.932
2.508
0.212
2.864
3.428
0.292
1.616
2.316
0.144
0.36
0.968
1.64
2.212
4.32
0.204
2.148
3.864
5.4
7.936
4.196
11.332
1.288
0.892
0.712
1.048
1.948
10.424
7.3
6.26
4.624
0.116
5.26
2.672
3.892
3.12
6.688
3.36
0.388
0.772
1.584
0.536
2.164
10.552
1.872
0.5
8.588
1.5
1.288
2.072
2.028
10.74
2.868
7.088
0.144
0.832
2.308
0.128
6.168
3.816
0.276
2.552
3.876
4.712
2.544
1.208
3.964
2.284
1.492
3.64
1.32
0.216
0.284
0.32
8.588
2.944
1.42
11.488
1.316
2.428
6.232
6.796
0.396
1.436
0.632
1.924
0.736
8.904
3.768
0.736
1.2
1.08
0.224
0.352
9.868
6.22
0.52
8.876
2.404
4.264
7.308
1.844
10.996
3.924
5.052
4.104
1.72
4.54
5.928
0.472
1.132
0.276
1.108
1.796
2.732
6.496
4.792
10.68
3.864
0.732
2.536
2.32
0.636
0.124
7.776
1.464
1.812
2.248
9.236
1.516
3.384
1.812
0.504
1.928
0.948
0.756
0.416
2.572
3.896
3.188
2.368
3.304
1.704
0.52
0.568
1.06
5.164
8.292
6.14
0.128
0.212
5.64
6.824
6.228
0.452
1.364
2.344
5.18
0.916
0.544
6.132
4.672
0.116
9.78
0.368
0.26
1.076
3.92
0.508
4.956
3.192
0.564
2.62
4.076
1.048
5.972
5.496
2.98
6.292
0.536
1.376
3.984
5.156
6.952
1.724
4.876
4.924
9.856
3.416
4.844
3.844
8.656
1.112
2.316
10.052
4.108
7.06
0.432
0.324
3.44
8.34
1.62
5.636
9.416
10.86
7.6
5.732
7.856
0.832
0.916
3.992
0.7
3.124
1.408
5.552
3.66
3.484
1.288
1.26
5.708
4.268
0.688
8.108
3.524
0.592
2.552
7.36
2.532
2.484
2.084
4.472
6.9
0.556
5.536
1.912
3.328
2.9
3.328
4.78
1.196
5.656
1.444
2.428
5.248
0.9
1.816
0.88
0.088
8.76
1.736
11.048
7.868
1.44
3.68
7.528
0.276
6.72
7.952
0.708
5.816
0.528
8.136
1.272
2.952
5.372
1.716
9.964
7.536
1.488
1.508
4.756
1.2
8.08
2.164
6.592
8.044
3.664
0.896
0.104
7.656
1.448
9.348
7.82
1.424
0.888
0.648
5.328
5.604
7.168
6.228
3.272
1.768
1.02
0.196
4.588
0.836
2.112
1.132
0.6
2.644
1.224
10.68
1.036
2.968
10.152
0.508
0.196
2.116
2.416
0.992
1.148
2.044
9.572
2.964
3.608
4.476
0.572
8.68
5.228
4.692
0.352
8.192
6.788
1.34
3.488
1.66
0.26
7.28
3.252
2.332
4.056
7.256
0.452
3.744
2.004
1.5
0.976
4.588
10.068
3.116
0.956
2.728
10.208
0.836
1.232
0.596
5.252
6.076
0.56
6.764
1.236
10.296
1.768
4.612
8.24
0.116
1.26
7.68
3.952
10.612
1.068
1.672
0.936
2.132
7.004
3.768
5.192
7.256
1.44
0.584
0.216
2.46
5.72
4.94
0.344
3.064
0.524
2.952
1.544
2.388
1.88
0.224
6.628
0.716
3.684
3.88
3.396
0.1
1.544
4.34
9.296
10.532
0.188
9.3
9.9
3.888
1.392
1.912
0.68
0.396
3.512
10.292
7.952
0.216
0.744
5.164
6.568
7.044
0.696
1.096
3.596
0.636
0.588
2.572
5.744
4.388
6.86
7.04
1.672
1.32
1.38
0.456
0.1
9.052
0.804
0.244
4.8
0.356
1.332
9.2
11.496
0.82
0.632
3.384
2.788
1.548
1.672
0.816
5.52
2.264
1.364
1.756
0.356
1.668
2.208
7.648
9.208
3.476
5.516
2.756
1.188
3.084
2.348
0.504
4.26
1.132
4.292
2.02
1.676
3.648
1.9
2.084
3.2
7.912
2.504
1.492
3.544
1.228
2.188
0.144
0.644
2.24
9.904
2.34
0.672
6.416
0.208
2.936
0.892
0.232
2.332
0.608
0.696
3.316
0.644
0.392
3.228
4.268
11.396
4.532
4.896
8.24
1.464
3.4
10.748
2.208
8.632
1.46
0.52
0.26
0.456
3.88
8.996
6.248
3.124
2.204
1.284
1.648
5.132
5.42
1.636
0.588
1.564
10.58
2.656
0.956
0.7
4.956
0.624
1.664
5.836
11.236
2.76
10.728
0.268
2.18
0.464
2.412
2.392
5.604
3.056
6.82
1.932
4.308
5.216
1.396
6.452
1.848
0.232
0.108
2.164
2.24
10.916
3.78
2.364
8.612
5.136
8.256
5.64
0.924
0.8
1.932
0.24
0.284
10.304
3.292
10.328
9.744
0.6
2.748
0.256
5.824
0.852
5.696
0.152
4.708
2.74
6.88
0.256
7.192
0.448
0.348
1.028
4.088
4.76
0.152
2.364
9.892
4.728
2.488
2.088
4.632
4.376
0.252
1.976
0.28
0.964
4.852
6.268
2.816
3.096
1.268
1.708
1.704
9.688
0.844
8.944
8.332
1.676
7.996
1.04
0.692
1.72
5.56
5.26
2.676
8.996
3.38
9.7
3.516
10.02
1.052
5.344
8.916
11.044
11.068
3.552
0.372
1.0
2.82
3.44
1.332
7.844
5.184
5.96
3.132
3.368
6.58
3.292
6.46
0.184
0.312
2.388
0.64
0.22
1.692
4.464
3.44
10.708
0.684
8.204
2.636
8.36
2.404
0.636
9.572
1.328
2.364
5.244
0.62
0.476
3.32
3.012
0.12
1.492
4.544
0.132
3.028
1.892
2.584
1.16
9.988
3.604
2.636
5.432
3.096
0.864
1.836
2.724
1.916
1.44
0.648
9.516
7.808
8.068
3.06
1.176
5.72
1.704
5.804
2.548
8.888
0.448
0.404
0.744
5.892
0.332
6.904
10.628
1.828
1.548
8.268
1.884
3.288
0.956
8.164
2.96
4.716
3.988
10.64
2.128
4.404
3.744
5.316
0.296
5.856
0.504
4.952
1.828
0.424
9.112
3.324
2.016
0.9
3.524
0.488
4.352
3.12
3.696
2.644
0.84
