2.092
5.792
1.284
1.952
6.376
0.64
0.372
3.072
3.464
0.436
3.64
8.42
0.832
1.276
3.28
0.292
1.616
4.56
0.308
0.904
1.26
0.992
1.676
4.856
4.516
1.044
1.22
0.256
3.836
0.696
1.228
1.248
7.508
8.552
0.652
1.704
0.588
1.068
3.12
0.5
3.14
2.2
7.66
1.352
4.596
4.112
2.756
8.724
0.784
1.032
0.968
3.852
3.128
1.088
2.212
4.46
9.592
0.712
2.36
3.64
0.64
5.0
1.584
1.264
1.084
2.052
0.408
0.668
0.66
3.568
1.012
0.5
0.82
1.072
7.384
4.132
5.684
0.36
6.904
1.096
2.408
3.272
2.516
0.352
2.592
1.088
2.476
1.128
1.724
5.084
8.38
1.992
2.368
0.476
1.552
2.324
3.668
2.104
0.5
2.092
2.988
4.672
0.212
3.648
6.228
7.524
1.136
1.608
0.304
1.12
2.908
0.38
3.86
0.972
0.392
0.596
6.74
0.268
1.076
1.18
8.22
2.668
0.212
3.728
1.352
1.772
0.896
1.68
2.544
1.056
0.244
4.336
7.808
2.504
0.444
1.436
1.7
0.384
2.764
5.084
1.124
1.856
4.34
3.816
0.292
1.32
3.38
2.544
2.388
4.696
0.304
1.992
0.656
7.528
5.08
2.016
0.696
1.916
1.948
9.204
4.26
6.648
10.412
1.6
1.196
4.232
0.956
6.632
5.692
3.884
1.084
0.184
10.812
6.696
1.568
1.088
0.92
1.844
2.496
0.432
3.02
1.46
1.548
3.58
3.308
3.664
1.188
9.976
2.028
0.612
2.988
5.052
1.916
0.236
7.552
0.204
3.964
3.484
7.712
0.228
2.924
0.412
4.284
0.4
1.02
0.624
2.236
1.924
2.372
1.176
6.252
0.164
1.56
3.384
0.852
6.616
2.036
5.196
5.728
1.16
0.756
0.536
7.624
8.416
3.096
1.596
3.692
3.532
3.128
1.768
4.472
1.052
1.004
4.396
0.284
4.22
0.456
2.98
1.272
2.776
2.076
3.676
7.32
0.228
2.688
0.432
5.96
3.18
7.64
0.448
1.16
1.236
0.312
0.448
1.984
8.772
1.856
9.596
5.572
6.388
0.46
3.304
10.704
0.428
4.108
0.404
2.256
9.392
1.952
0.584
0.544
2.832
10.576
1.732
9.412
7.1
0.692
3.86
0.672
6.372
2.376
0.404
10.272
0.984
1.724
2.08
2.756
1.296
1.452
0.336
3.788
2.212
0.58
0.796
8.056
4.568
9.288
0.592
3.156
6.944
3.192
5.568
6.8
2.36
5.396
5.192
3.672
1.62
0.612
1.496
7.544
5.58
4.04
1.092
1.292
7.208
5.372
3.08
3.652
7.672
3.896
1.176
1.576
2.572
0.588
2.752
2.7
3.964
9.084
4.996
0.184
0.168
1.992
0.768
1.344
4.172
2.856
0.972
2.632
3.552
1.316
5.496
1.272
0.776
0.448
1.256
6.004
0.196
5.72
2.204
2.2
2.468
0.62
3.884
0.216
4.732
2.976
6.676
8.628
0.732
1.852
8.8
2.192
0.68
2.62
1.428
5.224
3.496
0.44
1.204
0.564
1.628
0.872
3.016
1.104
0.968
1.84
8.672
4.428
1.956
5.536
4.184
6.436
5.516
0.62
3.976
0.664
5.384
1.092
10.644
6.78
6.848
1.948
0.328
4.548
0.552
3.444
1.868
3.02
7.124
0.864
1.636
4.396
1.008
5.432
1.38
1.44
9.82
3.528
1.684
1.876
4.828
6.744
4.376
1.972
0.288
4.036
0.64
2.4
1.488
2.648
0.724
7.304
0.62
5.196
1.196
6.952
4.292
0.244
0.328
7.924
1.556
5.692
0.28
1.372
0.968
0.804
0.488
1.252
3.68
4.32
0.724
10.792
4.3
7.208
4.88
0.928
7.36
0.796
6.476
5.524
0.208
0.788
1.62
0.888
0.616
3.856
1.508
8.152
9.404
1.576
0.668
0.396
10.38
4.2
10.084
2.832
3.476
3.152
5.868
2.052
9.02
2.992
1.744
1.916
0.696
6.52
7.628
0.972
1.812
1.104
0.732
3.12
6.968
0.192
0.268
2.484
5.992
2.288
0.968
1.64
5.756
9.136
4.548
2.212
2.284
7.96
0.24
1.028
3.18
0.232
2.36
2.312
3.412
4.952
2.724
4.676
0.9
1.152
2.62
3.14
3.732
0.16
2.828
2.732
0.532
0.844
3.428
2.444
0.34
5.312
0.784
5.804
4.664
6.768
2.016
6.48
5.224
6.776
0.992
1.8
1.78
0.7
0.992
7.5
8.608
4.66
1.096
2.232
4.0
0.572
1.46
8.36
1.648
5.884
8.444
1.288
0.624
0.344
6.024
10.928
5.192
2.188
0.992
3.556
6.004
6.752
1.836
2.836
3.128
1.02
7.688
2.792
0.316
1.088
2.612
0.448
7.752
0.196
9.752
0.16
5.868
1.36
3.252
2.668
3.66
3.248
3.628
5.616
1.86
0.512
0.356
3.0
10.42
3.472
6.496
7.164
1.86
3.168
4.884
2.076
1.836
0.18
0.968
2.732
4.292
0.804
1.892
4.464
6.764
1.432
0.96
3.28
1.052
3.076
0.32
10.612
7.224
2.276
0.228
1.976
8.856
0.276
0.356
0.696
1.44
3.852
0.268
1.756
0.284
0.22
0.872
9.056
5.84
1.472
8.272
2.676
1.124
4.3
11.108
3.308
1.196
7.0
1.848
1.46
0.308
0.184
0.168
1.256
10.804
3.732
0.532
1.72
3.648
4.156
0.904
5.608
2.856
1.78
4.372
0.304
2.68
1.84
0.46
0.34
1.22
10.656
2.604
1.576
2.088
5.148
6.248
2.808
5.152
4.804
2.144
6.724
0.424
0.692
8.836
4.388
0.668
0.636
1.796
1.052
6.82
0.984
5.248
1.636
10.78
0.408
0.488
4.74
0.696
2.408
1.152
5.636
1.492
1.744
1.7
1.332
3.268
1.132
1.232
5.672
0.172
0.236
1.424
1.36
3.608
0.44
4.968
3.792
0.76
1.068
1.24
1.924
0.764
6.488
3.384
0.448
0.372
2.272
1.916
9.3
4.224
1.144
0.572
3.56
0.828
0.98
8.552
2.388
2.716
10.164
7.832
9.54
0.364
0.344
1.668
1.084
3.988
1.184
9.6
6.124
2.848
2.264
2.692
9.324
2.46
6.556
9.412
5.336
2.16
5.5
2.128
4.556
0.52
0.672
4.336
1.82
0.872
8.864
10.324
9.08
7.976
10.212
5.428
0.616
1.48
0.272
0.28
10.0
3.58
1.088
1.756
1.952
3.012
3.516
6.512
3.132
0.36
0.4
2.52
2.124
0.572
1.08
3.468
3.196
3.116
3.988
5.848
0.56
0.56
1.824
5.576
0.236
2.7
7.204
4.016
2.32
3.488
4.3
3.868
0.844
0.54
1.42
8.12
3.84
2.584
5.236
5.012
2.376
6.304
2.356
10.768
0.788
4.244
2.304
2.212
0.372
9.956
4.484
2.52
7.1
2.336
0.94
4.988
4.94
4.32
4.744
1.992
0.576
0.196
1.02
0.864
0.812
1.104
4.424
1.192
1.236
2.468
2.944
0.756
1.504
0.276
1.824
8.172
1.868
0.908
3.604
3.548
5.724
1.22
1.268
0.188
0.616
2.592
0.476
0.744
0.888
2.28
0.944
0.688
8.372
1.164
3.376
0.516
6.996
0.356
4.392
3.896
2.888
2.816
2.192
0.816
7.472
1.46
1.84
2.924
3.432
2.292
5.496
0.16
10.616
9.908
5.988
1.116
7.172
2.128
7.276
2.132
9.04
1.408
3.696
4.164
3.716
0.248
7.088
1.96
2.18
1.876
2.66
2.044
0.596
6.92
8.812
1.448
6.44
7.996
2.556
6.512
1.852
1.124
0.676
0.948
2.284
4.62
0.376
8.256
6.892
0.496
0.292
0.344
3.996
9.828
0.368
5.776
0.496
2.956
2.48
3.68
0.928
4.336
8.44
0.484
0.376
0.352
1.48
1.624
1.192
10.752
0.412
9.224
3.336
2.324
0.876
3.04
2.704
2.448
6.056
5.376
1.648
1.132
2.656
0.168
3.568
3.448
0.548
0.76
4.472
0.436
3.764
4.264
1.544
1.256
7.476
1.88
0.2
4.52
1.408
0.612
0.828
9.36
1.148
1.9
1.56
0.256
0.716
0.916
0.592
7.892
0.392
0.596
1.28
1.096
10.6
3.46
1.616
1.724
0.804
3.868
0.432
1.744
0.46
0.756
6.228
1.808
6.348
0.356
3.016
8.68
6.54
2.9
6.764
6.576
7.268
0.216
0.276
6.12
0.34
1.112
2.392
1.28
1.884
5.232
2.5
5.704
5.636
1.528
2.048
5.5
0.632
0.212
1.248
1.14
10.228
2.4
7.728
3.816
4.704
0.216
0.5
1.26
0.64
7.732
1.932
5.468
8.756
0.548
2.452
1.872
0.8
0.644
2.048
9.128
2.616
6.756
5.068
3.172
3.644
10.404
3.58
4.524
3.532
1.632
1.232
3.628
1.888
0.34
9.056
2.744
2.42
0.42
8.22
7.696
0.72
1.032
3.552
2.928
1.036
0.712
0.26
1.936
2.928
0.568
1.504
4.132
8.168
10.616
10.828
10.008
1.06
1.16
4.344
0.992
0.568
8.972
3.492
6.016
3.332
1.12
10.852
1.168
0.94
3.676
0.972
5.48
5.548
10.196
6.992
0.944
7.536
2.756
1.164
9.792
9.008
4.348
11.084
0.868
3.08
10.528
3.768
3.6
1.228
2.6
0.84
10.836
4.464
6.92
1.168
0.404
2.812
1.4
3.932
1.508
8.28
1.212
2.252
7.128
0.736
0.896
3.064
5.868
1.908
3.976
6.224
0.944
2.432
7.848
2.868
0.26
3.932
3.02
1.696
3.056
8.356
2.312
0.644
5.18
4.004
1.968
11.08
1.26
5.976
0.964
0.788
0.3
2.396
0.68
4.152
0.588
5.936
1.908
1.688
1.376
1.688
4.912
2.348
6.628
0.904
3.192
0.224
1.128
10.936
6.068
3.428
7.988
9.444
0.916
4.08
1.856
1.132
4.392
0.82
9.628
2.168
1.184
1.048
0.38
3.152
1.208
5.928
3.312
3.916
0.92
7.492
0.956
0.636
2.252
7.352
3.436
1.824
7.568
6.228
4.108
0.86
9.456
2.548
3.624
0.676
7.184
0.184
2.152
4.912
0.88
0.24
3.584
0.62
10.408
1.616
1.128
3.74
1.064
1.1
6.408
0.94
4.788
0.72
1.144
3.948
3.088
6.124
9.128
10.024
0.484
1.368
2.716
0.276
1.336
1.244
4.116
3.728
0.292
2.484
2.224
4.728
2.428
2.704
3.032
8.572
1.548
9.596
1.156
3.26
4.092
0.64
2.832
1.472
3.284
1.748
0.828
3.096
2.78
3.528
1.1
8.144
2.236
1.608
1.468
1.096
4.732
0.408
4.3
4.044
10.476
4.848
2.924
4.78
5.156
3.704
2.752
1.912
3.544
2.816
0.248
0.796
0.272
0.708
6.456
5.796
3.54
5.668
0.748
2.812
0.608
0.864
3.272
9.116
0.756
2.808
1.288
0.28
5.292
1.9
0.224
0.164
2.656
1.752
4.42
5.132
4.06
0.848
10.848
1.076
3.54
1.204
0.84
0.22
5.26
2.632
8.128
8.784
0.848
8.184
0.86
0.828
0.988
8.576
1.412
0.184
0.772
2.36
10.532
0.448
2.448
4.468
4.884
5.116
0.204
2.544
2.304
0.924
1.632
1.124
4.292
3.296
0.652
2.164
0.948
7.332
2.26
6.224
10.928
2.26
9.48
5.432
2.36
1.748
2.324
0.356
0.616
1.568
0.44
0.56
3.02
0.36
3.656
2.916
0.284
11.088
3.944
1.42
0.26
1.332
2.396
2.48
1.796
1.868
2.332
8.588
0.38
0.688
3.908
3.336
1.932
0.776
3.932
1.552
2.748
7.708
2.048
2.352
6.468
0.324
8.824
0.3
3.788
0.78
2.0
0.912
6.572
4.268
9.624
0.404
0.644
0.4
4.392
8.372
0.732
1.7
2.304
1.364
1.588
6.992
2.736
0.368
9.856
3.632
3.516
2.816
5.284
0.348
5.264
0.78
0.428
3.72
7.996
4.14
4.416
1.452
0.988
1.288
3.468
6.108
4.352
1.048
0.364
2.432
0.516
3.9
0.916
2.296
9.132
8.472
0.98
1.376
9.064
7.948
0.624
8.848
1.312
1.004
3.452
2.652
0.248
1.208
10.292
5.692
1.268
0.28
0.38
4.192
3.948
0.164
1.412
3.004
10.66
1.912
1.744
2.172
0.236
2.668
1.16
2.2
1.288
0.896
7.172
4.436
8.068
4.0
4.62
1.18
4.196
0.64
1.628
1.208
0.668
0.956
7.476
9.168
1.12
1.916
1.14
0.488
2.076
0.636
0.4
1.264
1.064
2.564
2.156
0.276
5.912
6.428
3.552
1.808
8.98
1.212
4.56
8.124
5.808
3.464
3.296
1.748
2.168
7.928
0.872
2.144
1.456
0.284
0.904
7.696
4.4
4.176
1.86
2.656
1.0
5.06
9.66
0.24
3.092
6.868
0.228
1.04
0.572
5.54
5.252
4.816
2.708
0.892
3.68
1.096
0.224
0.864
2.448
1.436
0.768
1.436
4.716
0.188
0.212
5.844
1.26
1.048
0.308
3.32
3.88
3.548
0.664
2.904
2.324
1.868
3.12
0.8
0.408
7.676
0.176
0.712
4.4
0.744
1.916
1.664
0.988
3.708
5.4
10.292
3.044
9.128
0.816
9.916
7.408
5.012
3.212
1.688
3.26
0.676
1.852
3.204
2.252
2.228
7.788
0.448
3.12
4.54
3.344
7.536
2.824
0.444
0.8
5.5
0.688
9.992
7.08
0.34
0.652
2.464
1.512
9.816
2.132
0.78
7.14
0.196
2.656
5.16
4.668
1.328
0.796
1.56
9.848
0.52
0.284
0.368
9.192
4.376
2.252
0.792
9.664
0.412
1.248
3.868
0.752
3.712
0.648
6.064
8.016
3.196
4.04
3.468
1.116
1.424
1.724
2.616
1.008
3.976
2.38
2.352
1.952
4.248
4.824
0.868
1.252
0.832
4.028
5.66
4.816
0.448
0.364
0.18
2.236
2.144
2.768
5.144
1.092
4.252
3.6
4.48
0.268
1.408
0.168
0.184
4.06
2.7
0.968
0.628
8.708
0.524
1.872
0.564
8.408
1.092
0.296
7.74
0.16
0.228
1.388
0.264
2.864
3.624
5.96
2.288
0.944
3.124
3.42
2.8
2.884
9.46
3.108
4.576
1.644
1.468
0.416
0.816
2.392
6.188
2.288
1.504
0.28
0.652
6.804
4.66
3.744
4.216
3.684
3.256
0.824
2.648
2.46
4.1
9.68
6.108
2.216
1.676
9.128
5.628
0.544
1.276
0.28
0.76
1.496
0.684
0.188
4.588
0.844
1.252
9.928
10.592
3.64
9.428
0.488
3.812
9.568
1.552
2.008
1.56
3.328
1.164
2.288
2.324
2.692
1.82
0.516
9.58
1.304
2.28
1.108
4.056
1.296
2.424
1.972
5.892
1.104
1.264
6.784
2.46
2.92
0.516
10.612
1.672
8.608
0.216
9.872
1.92
4.708
4.224
0.256
6.472
11.052
0.848
0.812
0.672
0.264
0.188
4.912
0.36
1.232
1.068
3.064
3.0
3.364
1.984
3.336
1.508
2.04
0.744
0.264
0.308
6.676
1.16
3.816
2.252
2.832
4.02
0.512
1.252
2.992
5.664
2.804
10.62
10.804
1.348
2.168
2.62
1.38
4.104
2.632
1.476
2.22
3.764
2.356
0.584
4.56
7.988
9.712
8.644
0.444
1.62
0.228
1.068
1.204
1.564
1.92
3.852
6.22
6.516
10.136
2.212
0.484
0.652
8.792
2.996
1.552
5.612
1.368
1.58
6.492
1.576
1.212
4.664
1.372
2.732
1.732
10.868
7.232
3.348
1.056
0.74
1.444
3.796
0.644
10.312
0.892
1.168
1.668
1.424
4.852
4.096
10.268
2.22
3.096
0.448
1.304
0.636
7.856
3.528
1.096
4.832
1.22
3.668
2.012
2.144
9.148
1.656
4.696
3.744
5.86
5.236
0.708
1.392
7.308
4.312
7.24
1.156
1.152
4.768
0.916
7.472
7.476
7.012
2.5
6.508
2.12
1.108
0.168
0.292
4.004
1.752
0.608
0.988
8.648
3.904
0.532
0.984
7.72
2.844
5.8
0.484
10.452
8.636
2.268
8.224
10.524
3.176
1.456
2.7
3.288
7.052
3.596
2.436
5.512
0.82
0.268
1.104
1.44
1.896
7.724
4.984
0.376
8.576
2.956
10.208
5.476
1.308
8.904
2.52
1.244
1.904
1.232
1.944
1.024
2.132
0.212
2.084
0.648
3.08
1.04
1.956
0.752
5.488
4.02
8.236
3.324
2.536
4.056
1.244
0.568
1.256
1.528
0.472
4.632
2.616
2.108
0.788
0.652
3.424
1.588
1.716
1.12
0.984
0.56
3.58
6.904
1.792
1.584
9.888
1.24
2.572
5.864
0.176
2.556
7.868
1.212
1.192
2.744
1.38
9.772
7.988
1.388
3.236
5.616
2.532
0.816
4.528
1.456
1.216
1.652
5.284
1.592
3.552
4.288
5.02
1.268
3.788
7.832
1.904
0.544
2.652
2.008
1.816
5.696
5.772
5.092
2.94
1.908
9.84
2.388
8.292
5.312
1.548
2.296
3.988
8.936
2.5
6.192
4.036
2.236
8.92
0.688
4.976
0.24
2.564
6.224
0.936
2.852
2.772
1.68
2.964
3.656
0.548
0.204
4.744
2.692
1.368
1.84
0.872
2.048
4.18
6.316
4.04
1.096
6.84
4.396
0.648
5.932
2.736
0.58
4.3
0.324
0.264
1.228
0.312
2.62
3.144
1.232
0.932
2.928
4.244
2.264
5.272
1.052
2.872
6.168
10.528
5.956
5.12
3.544
0.46
2.1
0.4
7.524
2.872
3.076
0.268
1.072
8.456
1.528
10.284
2.672
8.66
3.632
0.932
1.976
7.256
2.284
0.388
1.14
8.984
2.408
0.608
0.216
1.924
7.628
1.768
3.072
0.644
2.212
4.608
7.36
7.66
0.832
0.328
3.372
1.888
1.232
0.312
5.484
2.34
0.748
1.5
1.444
6.636
0.62
4.848
0.456
1.348
1.908
1.292
9.664
4.376
1.26
8.712
0.768
0.868
5.256
10.832
5.204
0.696
0.256
2.88
1.332
8.844
1.412
0.888
2.272
1.288
1.6
5.24
0.34
6.952
2.528
7.536
0.16
0.7
1.46
1.9
3.656
1.352
0.156
1.476
3.28
5.796
1.292
0.524
0.456
4.752
1.528
0.496
0.364
0.444
1.24
3.232
0.48
0.92
2.228
5.048
5.008
1.792
0.22
2.692
7.108
7.512
10.084
10.192
5.876
4.336
0.46
1.84
4.456
0.2
7.276
3.148
10.672
9.732
10.884
0.268
1.692
0.984
2.116
10.244
0.772
6.052
3.16
3.716
6.004
0.836
4.824
7.18
5.884
7.548
1.368
1.172
1.364
8.264
3.736
0.68
1.916
8.336
0.596
0.948
9.1
2.732
3.048
3.704
6.8
0.66
8.984
1.688
1.12
4.448
2.556
4.764
3.108
6.728
0.552
4.556
3.34
0.244
0.24
7.82
0.492
2.28
7.44
1.024
2.5
4.804
2.424
2.568
0.624
7.412
3.712
0.808
0.508
10.46
7.144
7.772
2.432
0.66
0.18
1.976
4.516
0.38
3.008
0.38
0.336
3.512
0.372
2.828
9.82
2.252
3.176
6.22
8.048
6.132
0.888
10.048
7.228
10.032
4.772
0.7
8.012
3.488
0.848
0.452
0.384
6.972
0.56
0.812
2.24
5.16
2.396
0.464
0.72
4.956
9.7
4.616
2.564
5.404
0.624
6.88
4.664
2.312
7.488
0.52
0.236
1.16
0.184
5.82
0.34
0.488
4.324
1.156
0.672
2.516
0.332
1.212
3.44
3.112
0.36
2.496
9.072
6.636
5.372
5.076
8.068
1.588
5.264
0.488
0.46
2.668
0.684
4.384
6.636
0.792
8.112
8.168
5.016
1.848
1.368
2.64
8.504
1.532
1.276
1.256
6.988
0.872
1.88
0.504
2.248
1.856
1.576
1.42
1.204
1.664
10.468
2.88
0.884
1.732
1.572
5.132
0.824
2.216
6.028
0.26
3.556
0.896
1.38
0.604
1.144
4.768
3.832
0.892
3.104
1.96
1.288
4.448
5.608
0.6
6.748
1.584
0.196
1.556
2.284
0.536
2.756
9.948
5.468
0.384
4.816
1.008
9.508
8.772
0.22
8.956
0.22
1.788
7.42
0.184
4.292
0.204
6.208
4.368
1.584
0.396
1.812
2.632
0.26
1.44
2.464
2.148
4.928
7.364
0.376
0.944
2.5
0.576
1.132
0.176
1.7
4.992
1.192
9.408
0.356
1.132
10.136
0.764
10.204
4.98
1.216
0.504
1.484
2.036
1.872
7.716
8.096
1.08
1.48
0.28
8.428
0.944
3.24
4.1
2.58
1.896
0.888
11.008
5.116
3.548
2.684
1.092
0.644
2.312
7.352
0.584
2.524
0.16
2.86
9.788
6.248
6.016
2.948
9.692
3.848
4.564
3.488
5.904
0.432
10.152
5.24
3.056
3.152
1.148
2.92
1.272
10.012
0.648
7.304
7.68
7.912
0.656
3.524
10.94
1.032
9.056
5.892
0.56
2.08
2.996
1.352
0.364
0.24
0.264
2.048
5.376
1.632
3.032
1.572
2.796
5.188
9.916
0.892
0.86
3.088
0.176
3.54
1.98
3.948
10.836
4.48
3.056
4.544
10.256
0.828
3.264
0.508
3.54
0.736
0.236
1.92
0.436
0.768
5.436
1.092
1.488
8.644
0.404
1.132
9.728
0.34
0.26
0.312
8.024
2.804
10.504
3.076
1.172
6.444
8.068
0.244
3.904
10.54
3.308
0.792
0.968
0.732
10.748
0.456
4.852
2.92
4.384
3.652
1.984
2.28
1.2
7.464
6.956
2.72
8.856
2.48
2.936
0.868
0.848
3.492
0.76
8.652
5.464
3.936
0.816
0.58
2.18
5.888
4.416
0.216
0.312
0.992
0.6
0.248
3.28
1.26
8.2
2.968
2.6
2.448
0.66
1.392
1.64
6.0
6.34
1.056
4.312
9.24
0.368
3.86
7.644
2.948
1.508
3.548
0.376
6.872
4.248
6.16
1.484
8.852
8.34
7.236
9.94
0.868
0.2
1.74
1.248
6.348
2.136
6.376
9.308
1.652
0.852
0.972
1.124
1.38
6.392
7.716
1.32
0.616
0.516
0.436
0.368
0.552
2.092
2.848
0.964
5.404
3.104
0.664
1.148
3.092
0.7
4.856
5.424
6.8
3.112
9.28
1.016
3.744
0.436
4.052
3.244
2.644
3.68
6.216
2.336
0.756
3.092
4.268
1.576
8.94
6.188
0.168
1.736
7.904
8.452
1.584
5.536
0.972
2.292
3.188
2.24
6.824
5.844
2.436
1.28
6.188
0.656
4.22
8.192
7.96
5.0
0.4
3.776
0.344
4.06
1.128
3.344
1.34
2.108
0.864
5.464
4.596
4.608
0.216
1.788
2.98
1.292
2.504
1.452
3.596
1.96
7.328
4.492
1.476
3.468
0.704
0.392
1.056
3.324
1.768
1.108
9.9
2.236
0.496
1.4
1.796
3.448
2.196
8.372
11.116
0.912
1.124
6.676
8.74
0.252
4.84
2.64
0.232
0.912
1.524
1.124
0.624
6.632
0.784
0.352
0.728
1.124
8.98
2.916
1.116
7.264
0.892
1.312
0.816
3.072
0.468
5.136
2.436
0.268
2.588
4.108
1.464
8.908
0.828
4.208
0.888
7.364
2.448
0.432
0.308
0.536
0.988
0.56
1.324
1.888
8.96
4.712
0.38
1.428
2.144
1.496
5.624
1.9
4.02
2.2
8.124
5.876
0.936
2.232
1.512
9.716
2.864
1.62
1.12
3.904
2.656
9.444
3.716
0.156
4.416
5.544
1.384
3.348
3.284
7.108
3.868
1.78
1.152
0.788
8.088
1.136
2.06
2.172
1.832
1.068
4.292
1.824
0.58
3.468
0.424
3.584
5.76
0.808
2.616
3.272
5.652
2.836
9.928
2.28
6.628
1.848
8.68
1.848
7.08
0.26
2.0
2.544
3.764
5.92
4.232
1.912
0.224
0.264
5.036
5.02
3.144
1.752
0.504
4.796
1.144
3.86
3.976
6.732
3.964
2.92
1.944
4.72
0.624
1.864
3.096
2.04
2.744
11.072
4.096
1.956
0.86
0.312
3.86
0.792
10.656
0.24
2.192
1.136
1.172
4.588
9.948
1.3
7.584
8.628
1.352
10.6
1.132
7.12
0.824
10.408
1.996
1.232
0.212
4.448
3.328
2.812
2.024
6.944
3.628
0.736
10.72
4.136
2.852
1.22
4.308
0.312
1.952
2.488
8.476
1.456
9.824
3.208
3.98
1.004
4.044
1.504
4.864
3.764
2.52
0.664
2.3
2.544
1.284
1.828
4.204
2.844
0.592
1.412
2.376
1.22
1.268
10.132
2.776
4.64
1.188
5.356
3.504
1.28
1.172
2.728
1.508
9.996
0.268
2.132
10.016
0.9
3.108
4.92
0.352
8.948
2.356
1.532
2.096
5.636
4.072
3.924
3.172
0.512
10.692
1.804
4.296
0.788
10.24
5.996
0.792
1.124
1.368
1.256
0.868
0.596
3.312
1.832
2.972
4.596
2.36
1.184
1.232
0.476
10.584
6.472
8.352
8.124
3.904
8.044
2.224
1.784
4.14
1.184
2.392
0.364
2.132
0.876
0.188
1.988
0.408
0.82
6.752
2.94
0.352
6.224
0.176
0.748
4.812
0.608
2.268
8.0
0.812
4.66
3.244
8.832
0.4
5.82
4.452
4.444
1.704
4.3
1.284
3.7
6.368
7.924
4.268
1.344
3.132
6.364
6.076
4.668
2.952
10.668
0.832
9.624
1.688
1.228
9.768
0.228
3.816
0.412
10.98
2.852
4.608
2.456
0.496
5.436
9.996
1.54
8.972
1.028
2.364
3.688
0.688
3.456
1.452
5.252
1.092
3.34
0.304
1.716
6.504
1.792
1.464
0.492
0.164
2.888
3.5
2.82
7.06
2.86
0.88
10.344
7.928
5.528
0.884
2.004
0.788
2.104
2.0
1.4
1.056
0.828
0.16
1.348
2.892
0.268
0.896
0.736
1.976
2.044
2.464
1.504
7.308
5.736
3.572
2.74
1.984
0.468
6.04
1.72
9.3
1.372
0.66
2.708
6.44
5.196
2.692
1.228
5.076
3.424
1.756
10.124
1.94
9.16
5.028
9.208
0.292
6.348
3.996
1.532
3.376
2.784
2.216
0.352
10.984
2.408
0.764
2.372
1.404
7.812
0.404
1.976
4.388
3.488
9.684
0.764
3.996
0.852
2.732
0.488
0.572
7.56
1.716
0.168
7.676
4.32
1.8
0.788
5.248
8.308
1.46
6.192
6.464
1.496
3.788
0.388
0.6
5.968
2.796
2.356
0.684
11.04
1.584
3.6
0.364
6.668
2.62
7.588
2.18
7.024
9.34
1.868
2.664
0.716
1.116
8.596
0.528
2.192
1.048
4.288
8.948
2.288
1.012
1.104
8.816
0.832
5.492
1.708
5.388
1.148
1.66
1.112
0.488
3.468
2.756
10.428
0.52
10.764
2.608
4.568
2.424
1.336
4.664
6.8
1.176
0.396
1.288
0.832
0.204
0.972
0.704
8.916
6.056
0.424
2.484
1.924
3.812
0.56
3.172
1.44
4.496
2.124
0.756
5.16
3.784
0.392
7.54
10.292
4.464
3.492
3.192
2.496
1.764
1.16
0.76
1.084
10.912
0.972
9.532
4.012
4.064
1.472
0.604
0.324
2.592
0.172
0.22
1.344
2.476
2.912
0.908
3.576
3.948
3.004
3.872
0.88
3.812
5.896
10.184
3.184
3.02
3.168
1.896
2.548
3.556
6.992
1.156
0.784
4.984
0.36
1.08
0.316
7.604
8.528
0.956
2.844
6.848
10.74
6.636
4.58
1.044
1.216
4.084
1.804
1.832
3.94
2.0
0.54
1.316
1.428
8.124
1.692
0.184
0.728
5.876
0.62
10.036
0.336
1.032
0.564
10.16
4.08
1.344
4.112
10.62
0.556
1.16
1.508
1.464
4.552
1.26
0.184
1.228
3.16
0.376
7.192
2.632
4.78
3.58
4.036
3.372
6.552
1.168
0.26
3.36
2.208
0.836
7.74
1.18
3.836
5.264
10.276
3.072
3.328
5.664
5.08
5.256
4.276
10.028
3.104
1.916
1.544
1.04
1.972
0.248
3.808
10.268
4.084
0.952
0.46
0.544
3.388
0.22
1.352
10.28
0.424
4.82
3.252
0.892
3.124
1.376
1.032
0.864
2.216
7.408
8.188
10.708
5.192
1.472
10.444
1.052
0.396
2.204
0.98
1.712
9.072
2.336
0.476
2.38
8.088
7.184
4.808
3.784
7.008
0.528
5.712
1.872
1.064
2.532
7.084
4.568
2.092
1.712
4.748
5.5
4.656
9.328
2.268
10.78
10.212
1.02
0.604
0.548
0.74
2.472
2.056
8.232
4.372
5.66
2.44
0.596
4.308
1.376
3.356
0.64
3.456
1.108
1.312
1.08
0.192
9.788
0.668
5.736
8.096
1.68
2.14
2.42
4.476
4.592
8.116
0.948
2.004
0.968
9.068
2.408
0.528
3.644
6.576
0.62
0.208
9.94
7.74
0.928
0.364
8.688
1.812
2.504
3.66
0.336
2.144
0.276
1.148
10.752
9.688
0.528
1.804
2.112
1.2
0.972
0.496
0.824
4.252
1.948
1.664
1.656
0.856
1.072
2.14
2.332
0.956
6.936
2.996
0.9
2.132
1.764
0.272
2.088
2.508
7.22
8.248
1.432
5.904
0.268
1.284
7.052
3.196
2.12
2.84
2.912
1.432
2.796
1.616
0.252
6.94
2.5
6.0
9.028
8.24
6.18
0.652
0.648
0.176
0.32
1.424
9.712
3.516
2.264
7.692
8.768
0.26
0.996
3.448
1.92
0.472
1.36
1.324
0.808
1.476
1.332
1.812
1.184
8.68
2.28
1.924
5.948
6.144
1.068
5.804
0.896
8.516
0.22
0.884
0.472
1.18
0.884
0.764
0.176
1.76
6.316
0.92
0.636
5.024
4.736
0.64
3.4
7.236
1.576
4.604
4.372
6.644
0.26
9.216
10.3
2.396
2.236
0.164
7.284
4.472
0.284
3.28
3.544
4.612
1.196
1.092
7.332
9.716
0.24
0.312
10.668
2.108
8.768
6.528
3.384
9.88
7.636
1.54
0.256
0.236
2.668
7.604
1.64
0.552
0.156
4.56
1.372
0.956
2.844
9.98
8.144
2.696
1.844
7.592
5.256
0.164
0.244
5.772
2.204
10.308
6.604
1.928
6.976
1.52
1.124
0.504
3.0
0.796
7.02
1.428
1.536
2.508
9.04
2.704
0.536
1.184
0.508
6.492
3.284
2.276
0.608
8.14
8.332
7.04
1.604
11.132
1.348
4.428
2.716
1.356
7.816
3.396
0.256
1.2
1.492
7.652
0.216
1.684
8.144
1.924
0.484
8.288
0.912
8.448
7.124
9.88
0.708
3.868
1.672
1.316
3.42
9.18
3.328
9.62
0.5
3.516
6.928
0.352
1.048
0.472
0.556
1.02
1.136
0.368
8.68
6.556
1.236
1.164
4.316
1.576
1.1
5.168
1.908
1.556
3.952
0.82
0.312
5.44
1.772
4.9
4.628
2.12
2.448
10.784
6.708
0.812
0.308
1.364
0.896
1.332
2.424
0.484
10.852
6.064
0.804
0.556
6.496
0.972
0.9
4.028
3.152
0.384
4.48
7.248
4.768
3.404
2.916
1.684
0.58
1.632
2.704
2.896
6.824
0.276
1.336
8.168
1.264
1.82
0.472
11.12
2.26
1.012
4.38
2.396
2.18
3.456
0.616
0.68
3.324
3.068
2.232
5.176
0.976
1.94
2.12
4.784
7.228
0.648
0.216
7.488
0.54
0.232
7.856
0.308
0.476
1.12
8.06
1.748
6.528
5.296
0.472
2.428
2.324
6.096
5.92
2.368
1.696
8.048
3.444
2.236
1.224
0.404
1.984
1.216
2.092
2.724
1.632
3.792
6.08
2.348
1.024
4.56
10.176
7.32
0.292
9.48
2.852
9.976
0.428
3.524
1.444
2.012
4.764
5.036
1.36
3.116
0.16
2.076
1.112
0.904
3.192
0.412
0.692
6.44
2.508
0.636
1.384
0.676
0.444
0.44
3.236
3.488
9.064
4.852
4.888
11.028
1.632
1.2
6.252
3.128
3.528
0.5
7.572
1.66
0.292
9.152
2.616
4.92
2.104
5.276
2.104
1.724
4.268
1.88
7.756
2.016
1.68
4.136
0.392
0.164
1.972
0.9
4.96
10.588
2.476
6.124
4.012
0.368
8.16
4.196
1.304
10.904
1.472
1.352
2.564
0.828
0.512
1.464
2.664
1.584
3.296
3.848
3.164
1.932
1.544
8.244
0.716
1.34
4.408
1.632
2.812
1.008
1.624
2.244
4.5
2.956
5.172
1.472
3.916
0.332
8.84
0.548
0.86
9.884
10.812
0.392
5.252
0.444
4.704
0.356
4.668
0.764
2.084
0.836
1.2
8.772
6.072
10.396
10.136
1.324
5.348
0.636
0.52
1.64
5.012
2.612
2.668
5.076
5.292
3.848
6.132
8.712
0.28
2.624
6.448
0.764
0.64
5.008
2.692
0.416
4.424
1.108
8.52
3.772
2.504
5.692
8.884
5.744
0.396
2.58
6.712
6.824
5.524
0.86
2.256
2.884
10.236
4.492
1.212
6.596
0.696
0.408
10.472
1.136
6.776
1.012
1.684
1.648
1.172
1.096
9.948
10.072
1.832
0.704
1.808
0.7
8.204
8.06
0.824
6.584
1.244
2.728
3.208
7.636
2.636
10.028
1.56
1.944
1.3
9.264
6.576
3.304
4.568
1.772
0.688
4.964
1.932
2.052
1.724
0.824
0.92
7.24
0.312
5.416
1.172
3.964
4.864
2.648
0.912
5.18
0.432
1.396
7.868
0.732
3.584
5.352
2.652
0.52
0.616
3.168
6.848
0.452
0.688
5.004
5.008
4.872
1.164
5.968
3.724
0.212
0.852
8.972
4.668
7.832
2.836
0.548
1.396
3.292
11.08
7.868
6.34
2.908
2.58
1.596
3.6
0.944
1.02
7.156
0.988
0.316
6.612
0.42
8.532
1.84
4.14
4.72
4.424
4.396
6.424
1.108
0.292
4.912
7.06
8.62
2.416
3.488
5.136
4.856
7.388
2.304
4.416
3.992
6.624
0.216
6.236
4.128
5.772
7.288
0.544
2.552
0.82
2.412
3.864
1.24
0.524
1.828
4.58
2.396
4.74
4.048
7.596
5.876
1.8
0.796
5.84
0.412
3.76
1.02
4.668
10.224
2.452
5.008
1.844
0.368
0.868
5.604
7.24
2.092
1.308
0.932
4.76
0.228
2.248
2.0
0.236
3.48
5.724
0.496
2.48
0.228
0.344
0.204
8.544
3.168
9.616
3.124
5.576
1.584
2.7
0.436
0.472
2.128
5.684
0.768
4.784
1.192
1.248
2.612
4.172
7.04
9.84
0.276
1.184
1.3
4.648
2.04
0.548
0.564
4.316
6.396
1.26
1.04
2.724
0.284
0.352
7.836
1.796
3.348
3.948
0.204
4.436
2.016
1.204
0.86
1.016
0.956
5.388
0.352
1.648
3.88
3.448
1.936
1.676
1.344
2.056
3.128
0.676
7.744
3.664
1.288
0.56
0.824
6.784
1.136
3.58
2.732
6.664
0.844
0.236
8.36
5.816
2.684
1.848
1.04
2.24
0.448
0.96
2.24
3.12
2.964
1.792
4.844
1.744
1.136
2.836
3.88
0.552
8.068
1.652
2.44
0.368
3.392
6.188
4.98
3.124
8.74
2.976
0.344
1.052
2.84
9.82
1.6
5.736
5.924
3.648
0.976
3.956
2.512
0.656
3.256
9.836
10.576
0.56
1.32
3.744
1.288
0.612
1.244
5.132
3.38
6.74
0.86
1.196
3.004
1.16
3.024
5.18
0.324
3.632
2.764
0.748
0.748
4.3
1.764
0.208
4.86
3.576
6.004
8.124
8.192
1.548
8.468
3.112
0.596
0.72
0.836
5.532
2.052
1.272
0.868
0.36
2.364
0.236
1.992
10.888
5.952
0.416
4.86
3.896
10.568
1.32
5.976
1.708
0.26
0.872
0.952
6.376
0.776
1.368
8.736
0.408
5.356
6.94
6.724
3.404
0.44
2.56
2.728
3.188
4.84
5.696
8.0
0.332
5.992
1.328
1.736
1.352
1.488
2.76
0.276
6.924
6.672
2.128
5.404
0.66
1.22
3.608
1.364
3.812
1.056
3.956
0.756
1.888
6.512
3.296
3.86
1.08
0.384
1.192
0.16
0.344
0.416
2.356
0.624
0.196
4.592
2.812
3.056
1.0
3.172
7.916
3.544
1.444
2.016
1.832
8.068
7.936
0.904
0.608
2.468
10.256
4.492
1.444
8.34
2.248
1.108
2.056
2.0
1.1
3.864
0.944
1.304
0.304
9.852
2.188
0.176
8.512
0.388
0.412
1.396
2.24
0.172
7.532
10.152
2.824
10.8
1.624
8.648
5.372
1.316
3.66
3.752
5.828
1.716
7.18
1.396
5.056
4.404
2.548
1.408
0.912
0.292
0.188
0.18
1.952
1.74
1.784
1.412
0.292
0.212
3.552
0.904
3.884
0.752
1.376
0.808
8.148
2.276
0.968
2.02
5.092
1.672
2.604
2.54
1.272
1.34
0.416
1.904
1.412
5.344
4.88
1.176
1.156
1.608
0.752
1.16
3.812
6.84
1.28
0.496
2.16
1.012
3.588
10.692
11.028
1.26
9.676
4.304
1.216
1.468
0.932
2.82
1.584
4.304
1.028
2.572
2.2
2.336
9.396
1.24
1.128
7.96
0.68
1.16
1.528
0.552
2.028
6.452
8.78
1.208
4.356
0.636
5.752
6.664
2.024
8.092
4.772
7.116
0.556
0.432
1.456
8.428
9.072
2.776
0.876
2.08
0.456
7.064
10.36
10.56
10.188
1.8
2.984
1.028
0.796
4.932
1.308
3.884
1.904
0.716
1.708
11.096
1.132
0.3
5.168
4.448
4.828
3.008
3.224
9.38
7.288
0.196
7.82
1.864
0.208
3.2
1.264
3.432
9.832
2.764
0.784
2.076
10.904
0.312
7.696
6.024
6.624
4.008
5.46
1.052
0.2
3.592
8.228
0.216
1.4
1.98
4.876
4.316
2.768
9.544
3.448
8.628
0.176
7.924
1.964
0.196
0.484
1.568
7.632
2.156
7.42
4.22
10.716
2.928
8.916
8.516
3.46
6.456
1.424
2.588
1.812
1.332
0.172
1.304
3.948
1.44
2.464
0.404
2.02
2.272
4.488
4.78
1.296
3.648
6.704
0.84
0.628
1.728
3.912
1.072
3.428
0.376
1.956
0.424
1.268
5.596
0.44
2.056
8.212
1.712
0.528
5.944
0.264
