1.912
2.044
2.816
0.4
0.464
1.568
0.32
1.668
3.108
0.876
1.124
1.844
0.344
1.86
2.132
1.02
0.664
0.644
0.632
2.284
0.6
1.124
8.352
0.268
4.468
0.196
0.66
1.808
10.64
3.584
0.504
2.188
5.696
2.82
2.348
6.832
8.172
4.52
4.092
0.28
2.832
0.264
2.052
0.152
1.188
1.472
6.376
0.7
3.58
5.316
0.336
2.984
0.16
3.46
5.016
5.136
3.244
0.388
2.096
2.04
3.44
1.984
0.428
1.944
5.06
1.792
4.92
1.436
4.872
1.484
2.4
2.736
1.188
2.972
3.24
0.196
4.392
0.672
10.86
1.988
0.564
0.636
2.26
1.336
0.868
0.44
8.656
0.368
0.704
1.22
0.476
10.576
3.48
2.132
2.34
2.88
1.608
0.788
0.328
3.164
3.352
0.964
0.256
0.872
1.884
2.036
5.068
1.644
6.256
8.46
1.816
0.26
0.248
3.244
0.364
0.812
1.708
4.96
0.196
1.492
0.22
0.304
3.616
1.316
2.748
1.592
0.276
1.68
1.784
0.672
2.456
5.832
10.012
0.664
5.156
2.824
3.024
5.888
0.244
3.588
0.912
3.164
2.544
4.528
1.532
0.952
1.28
0.696
10.444
1.02
0.408
5.864
0.948
1.824
5.284
4.808
3.02
4.976
1.144
1.024
0.476
0.428
1.404
4.3
2.132
1.2
1.088
4.816
1.332
1.832
0.496
1.148
5.1
1.16
3.34
1.188
1.404
0.768
2.564
7.152
1.272
0.832
0.352
0.832
1.36
5.256
2.548
0.532
2.44
8.212
0.632
4.368
0.48
5.016
0.652
0.16
0.896
0.744
1.26
0.332
5.824
1.904
1.084
0.476
3.38
0.172
0.304
2.144
1.64
10.032
2.824
2.38
1.86
8.364
1.216
3.536
1.864
0.408
0.712
2.128
1.728
2.952
4.4
0.152
3.232
1.188
2.428
4.656
0.172
0.808
0.568
1.032
0.844
6.576
1.688
1.068
6.328
0.4
8.932
4.288
8.16
1.956
2.308
7.656
9.284
0.176
0.46
0.352
9.364
3.504
1.028
1.964
4.364
1.012
1.22
8.924
4.94
1.028
6.46
2.5
1.88
3.264
0.456
0.364
4.452
1.72
0.288
0.212
0.772
1.592
1.352
0.952
6.068
9.752
2.044
0.88
0.892
3.668
2.216
1.404
1.708
0.716
0.68
3.6
10.668
5.632
3.828
0.42
0.456
3.164
0.248
0.712
2.628
0.34
0.6
5.636
1.12
0.852
6.316
2.4
8.632
3.756
8.412
2.076
3.088
0.668
0.784
10.156
0.492
3.52
0.3
6.648
2.78
0.224
1.652
2.172
0.356
0.5
5.284
1.152
0.948
7.008
9.992
9.636
2.364
1.74
0.96
1.724
0.76
8.96
4.648
1.128
5.164
1.52
3.276
1.716
2.032
0.556
1.1
3.988
3.164
0.172
3.748
2.784
0.192
4.192
0.956
4.58
6.088
2.74
2.248
0.668
1.048
3.708
9.348
3.368
1.328
6.176
5.388
9.484
1.292
1.388
1.204
4.168
10.408
1.732
1.356
0.412
1.236
0.936
0.88
5.408
8.956
1.628
0.828
4.608
1.208
4.464
3.048
6.48
2.088
1.556
0.888
0.816
0.164
0.364
8.052
1.72
0.532
0.516
0.332
10.932
0.312
3.144
4.044
4.568
0.688
0.632
1.668
1.508
2.016
1.468
6.272
0.852
1.752
2.844
7.26
1.172
10.56
5.144
2.732
6.036
0.296
1.512
4.636
2.732
2.652
0.796
5.62
1.348
1.148
0.308
2.048
4.384
0.224
5.392
0.728
1.064
5.744
4.74
1.324
0.952
2.84
7.98
0.24
2.084
0.72
2.684
0.332
0.26
3.58
3.516
2.456
1.02
1.82
0.9
9.512
1.828
2.584
9.044
0.54
9.084
0.148
3.944
2.136
10.98
0.42
0.612
0.696
0.36
1.032
7.204
5.22
0.588
2.784
3.096
0.904
1.02
1.184
3.196
4.916
2.016
2.928
1.588
0.492
1.508
9.9
5.588
5.304
0.152
3.752
0.984
5.56
1.776
1.028
0.804
1.832
10.668
3.724
1.72
0.4
0.252
2.792
1.896
3.784
1.568
0.316
3.028
0.156
0.456
3.684
6.284
5.436
1.768
2.684
0.188
1.696
5.416
3.524
5.496
1.036
4.344
6.524
1.316
4.26
5.68
0.504
0.324
0.78
0.328
1.516
1.68
1.268
1.936
0.932
1.54
0.788
7.32
0.28
1.8
1.672
3.1
2.736
0.18
1.052
2.084
0.88
0.344
0.424
10.508
1.896
0.78
2.716
0.52
0.68
6.248
9.776
1.936
1.788
8.66
0.976
2.144
1.336
5.988
1.924
0.704
4.476
0.428
0.768
0.556
1.276
3.984
4.188
1.724
2.776
1.56
5.904
0.42
1.692
10.12
5.5
1.536
1.076
0.988
9.536
0.576
4.224
7.176
5.76
3.908
2.912
0.948
6.52
5.28
2.46
2.272
2.92
0.768
0.74
1.064
10.684
2.092
1.356
3.12
2.004
0.944
5.536
1.384
0.204
0.436
3.58
7.712
2.848
6.508
0.444
2.94
10.232
2.256
1.824
1.04
10.844
0.936
1.72
3.964
0.548
0.236
0.816
2.956
3.968
0.52
10.172
10.292
1.072
3.452
0.164
2.496
10.388
1.988
1.236
1.472
8.008
5.604
6.9
0.724
0.6
2.184
5.428
2.38
3.004
0.732
2.532
5.02
0.824
4.94
3.432
0.688
2.712
1.612
0.632
4.7
2.132
3.456
4.604
3.888
1.192
0.496
1.324
7.48
2.104
4.988
1.112
1.864
2.508
4.1
0.548
0.412
1.532
1.508
2.896
10.796
0.296
0.768
0.672
8.936
0.272
1.452
1.644
0.612
0.624
0.476
0.808
8.964
1.736
1.724
0.312
1.776
5.884
2.7
0.196
0.584
1.012
6.08
3.464
2.224
3.484
2.476
0.756
3.932
3.544
9.82
1.848
5.36
7.54
1.684
1.008
1.904
1.828
2.384
9.124
2.236
4.608
8.976
0.196
1.24
0.256
1.172
0.716
2.304
4.352
3.916
4.924
0.504
1.02
1.788
1.168
0.52
0.272
6.808
9.324
10.952
1.084
0.732
1.308
0.716
0.996
1.22
3.948
3.22
2.984
0.532
2.564
0.724
6.116
1.628
0.344
0.244
0.34
4.428
2.64
4.068
0.656
3.156
2.292
0.216
7.168
2.068
4.308
0.28
0.152
2.84
0.348
1.856
0.148
2.176
9.096
0.536
0.816
0.352
0.632
0.548
0.876
8.108
3.568
1.988
0.176
3.152
1.452
0.888
0.516
3.312
1.02
2.312
4.272
0.744
1.592
0.472
2.74
2.924
1.06
1.528
2.46
3.656
0.152
0.412
1.244
0.812
4.544
4.576
9.108
1.844
4.392
6.292
0.244
0.276
2.092
10.328
4.436
2.484
9.62
1.1
0.228
1.316
3.092
0.624
1.516
0.608
0.848
0.772
3.496
10.684
0.62
0.372
6.232
1.192
1.552
2.2
2.604
8.052
2.948
7.156
8.868
1.656
4.34
4.336
0.272
5.856
2.42
7.768
0.556
3.668
1.472
1.076
0.608
6.624
7.036
1.172
1.304
4.824
0.196
0.352
0.384
0.92
1.524
6.576
0.448
3.0
3.364
1.568
2.22
0.588
1.496
8.272
4.708
3.08
1.052
2.492
1.34
1.428
1.448
2.348
1.348
1.152
1.756
3.968
0.86
2.04
1.688
5.096
0.972
1.904
10.044
4.296
0.284
3.68
3.056
1.604
1.4
4.276
4.308
0.928
1.188
0.66
5.452
5.28
2.796
0.308
0.732
2.992
3.34
0.508
2.312
3.212
3.276
1.172
0.716
4.104
0.644
0.168
4.404
8.596
1.296
0.872
0.568
2.304
3.928
1.66
1.004
1.02
3.148
0.664
2.468
2.372
0.264
0.596
0.332
1.288
5.548
10.68
4.872
3.136
0.42
4.424
0.356
0.564
0.56
9.428
8.852
0.18
3.964
1.596
1.416
0.204
7.704
1.152
3.564
5.116
0.772
0.972
1.132
0.588
2.1
7.456
2.272
0.256
7.476
0.244
0.38
0.696
0.292
3.064
1.864
4.384
3.236
0.16
0.936
2.872
1.252
0.564
7.3
3.948
3.272
0.22
0.34
0.844
2.324
3.54
1.14
1.008
0.928
0.7
3.104
0.732
0.552
2.128
0.644
4.52
0.884
4.616
0.172
0.436
2.38
5.488
0.732
0.18
3.94
1.956
0.916
4.352
0.472
0.34
0.332
0.672
0.2
0.824
9.156
1.612
2.408
0.828
0.424
1.404
0.412
2.668
8.116
1.728
0.952
0.708
1.288
3.352
0.652
0.972
7.6
0.492
0.656
1.92
3.672
0.4
1.476
0.648
1.0
2.244
0.156
8.396
1.948
5.704
3.692
0.184
0.152
0.556
2.064
1.22
0.24
0.836
2.844
1.28
0.612
0.368
10.692
1.032
3.676
3.612
1.984
2.836
5.508
1.216
1.804
0.636
1.608
0.46
0.976
2.792
6.596
6.456
0.516
1.188
2.828
1.912
2.9
2.124
0.748
0.924
0.592
8.536
4.38
1.496
0.864
0.172
2.048
1.532
6.884
9.932
0.432
0.196
7.836
0.376
0.964
5.544
0.588
1.328
7.732
10.492
3.184
1.264
3.52
5.032
0.936
0.668
0.9
3.712
1.88
0.352
0.304
0.424
1.116
0.86
7.032
1.108
2.28
4.904
2.368
1.636
1.892
8.652
2.468
2.364
7.368
0.872
4.0
10.9
1.596
1.884
2.704
0.844
3.916
0.72
0.312
0.376
2.228
1.936
5.756
0.764
10.288
0.648
1.58
1.9
2.476
3.952
2.892
2.82
2.936
3.8
0.388
2.392
5.316
1.896
2.128
10.976
3.876
2.568
4.22
7.224
2.652
2.672
2.984
0.764
0.484
3.968
5.356
8.228
1.464
4.544
2.564
3.568
0.576
2.644
2.188
0.792
0.5
0.56
2.9
0.66
0.52
5.692
1.912
2.86
1.72
1.168
2.4
2.976
4.484
2.396
1.392
1.9
6.724
0.448
1.096
1.2
0.16
0.408
3.572
5.66
7.756
0.712
0.78
0.928
2.336
7.168
2.112
0.636
0.508
5.188
1.564
7.084
9.424
7.956
0.868
0.652
4.896
3.98
1.916
0.564
1.812
2.9
6.776
4.588
2.476
10.036
0.844
0.332
1.292
5.612
3.36
10.188
3.404
4.608
11.06
0.808
1.612
4.42
8.82
6.712
1.496
0.28
2.076
4.344
10.668
3.54
2.544
0.24
1.544
2.608
3.856
1.188
0.62
1.712
4.676
0.644
0.548
2.064
5.036
4.676
5.96
10.708
0.764
0.436
1.024
1.196
9.756
3.888
0.992
0.836
0.504
7.14
2.836
3.772
0.86
1.168
6.848
1.468
0.46
1.476
1.808
10.864
0.392
6.016
0.288
0.332
4.992
4.256
4.404
5.108
3.832
7.252
0.224
2.712
2.804
4.652
1.392
1.844
1.512
1.32
7.412
0.224
0.388
0.596
11.016
1.036
1.14
2.844
5.0
4.044
0.656
0.788
1.984
1.692
1.076
2.004
2.556
6.948
1.028
2.208
1.624
0.58
2.056
2.956
1.296
2.584
2.436
1.928
0.48
1.468
0.852
0.46
11.056
4.068
2.396
0.888
0.236
0.532
7.152
5.9
0.248
6.212
7.924
6.396
3.696
3.628
7.024
1.276
0.572
3.108
9.996
1.412
0.284
3.88
5.2
5.876
4.148
8.86
0.876
1.404
3.384
0.972
1.832
0.164
0.948
3.988
3.284
0.74
3.276
0.216
0.764
3.54
0.224
2.404
7.436
0.56
7.596
0.996
1.264
5.02
2.556
0.38
3.104
0.62
5.88
3.28
5.152
1.596
1.748
4.516
5.172
9.712
2.732
1.024
0.78
4.844
3.456
0.184
0.44
2.832
1.94
0.348
2.264
3.988
2.296
0.972
1.88
0.44
0.908
0.596
2.84
0.472
5.512
2.416
1.46
1.236
8.94
2.8
1.964
0.244
3.316
0.252
1.268
1.804
2.952
0.524
2.816
1.48
0.176
1.928
2.62
0.392
0.296
0.704
0.532
2.848
8.444
1.208
1.824
1.164
9.304
2.06
1.46
1.332
0.252
1.852
7.844
3.488
2.636
1.192
0.224
2.476
0.556
1.464
1.356
1.616
1.416
0.316
2.884
5.272
5.048
0.628
0.24
9.168
0.26
2.576
2.464
1.768
8.804
3.212
5.036
1.004
0.404
4.188
3.408
7.048
0.164
1.148
8.968
3.152
1.664
5.308
0.948
4.884
7.64
8.9
3.816
0.86
1.652
0.5
1.936
3.452
6.676
0.944
6.972
0.684
1.496
0.268
2.0
0.828
1.296
3.448
9.456
1.376
0.68
4.268
2.436
1.872
0.224
0.728
0.292
2.992
2.288
0.744
0.756
1.34
0.952
0.8
0.228
0.884
2.392
2.492
1.9
1.612
1.9
7.112
3.492
1.912
0.36
0.2
0.924
1.076
1.44
4.228
6.768
3.72
0.668
2.528
0.704
6.2
1.352
0.524
0.928
5.028
2.164
2.012
4.476
1.52
2.92
1.98
1.484
9.552
10.516
0.464
0.528
2.312
3.864
1.156
0.972
0.344
2.536
5.74
3.712
2.052
1.72
2.852
7.484
7.74
7.552
2.504
0.664
0.912
7.88
1.876
4.8
2.24
0.9
2.44
7.548
6.836
0.816
0.488
3.108
5.516
0.692
0.324
0.588
8.532
3.992
0.544
0.212
0.156
1.244
1.18
0.392
5.404
0.784
0.46
0.176
7.484
1.06
1.832
1.924
4.236
2.164
2.64
2.76
0.416
8.244
2.908
6.648
7.896
1.368
4.46
1.92
0.156
3.82
0.7
3.692
0.664
0.176
0.828
3.188
1.336
3.664
5.492
0.348
6.256
0.24
0.472
3.936
0.464
3.956
1.828
0.172
1.32
0.236
0.196
1.512
2.944
7.012
1.84
1.076
1.564
10.46
3.096
6.84
9.536
1.164
1.8
2.188
3.476
2.416
4.8
1.752
1.456
2.956
0.824
3.892
1.824
11.08
9.768
0.36
1.492
1.404
0.84
0.304
0.16
10.044
0.976
2.416
2.788
4.1
0.504
0.464
0.912
3.38
3.788
1.604
0.196
0.98
0.928
4.288
1.032
3.008
2.896
0.824
5.356
3.008
0.452
2.944
1.104
1.044
1.184
1.88
0.484
1.452
3.38
7.932
0.216
0.488
2.36
10.8
1.504
1.972
7.32
0.812
7.716
3.384
0.888
0.644
4.792
5.28
0.488
2.064
10.804
0.636
3.592
0.832
1.652
2.14
4.268
4.612
2.58
0.156
5.912
2.236
2.244
4.836
0.628
4.78
1.12
7.308
2.568
4.876
4.8
0.312
2.628
1.632
3.8
0.9
0.176
0.584
3.288
0.996
0.924
10.144
1.308
5.128
3.28
1.588
1.968
3.712
3.18
0.596
0.744
1.5
2.16
4.968
4.0
0.148
0.66
2.984
0.32
2.46
3.648
1.824
1.58
0.696
2.708
0.884
1.288
1.092
0.628
0.424
1.704
1.636
0.46
2.132
2.656
0.332
0.276
3.804
1.072
1.688
0.668
0.412
1.712
3.836
1.412
3.084
0.832
1.216
3.324
0.288
4.28
0.256
3.276
1.296
0.596
0.66
0.928
4.156
6.992
6.444
0.648
4.412
1.036
0.548
8.208
3.164
0.588
0.44
7.316
3.284
2.104
7.588
2.924
7.272
5.9
3.02
9.604
0.804
1.268
3.26
0.704
3.172
1.948
1.492
2.416
5.516
10.784
0.764
0.82
0.532
4.34
0.408
5.828
6.964
2.212
2.52
1.292
1.052
3.692
1.788
3.684
5.856
4.316
0.928
5.552
0.596
7.024
1.1
0.28
0.428
10.464
0.388
2.388
0.148
1.804
0.716
3.632
3.232
10.764
0.7
2.156
2.116
7.636
2.268
1.84
2.252
10.352
0.756
2.688
3.24
2.292
1.408
0.792
9.216
3.8
0.224
0.72
10.648
0.628
2.272
3.528
0.276
0.916
0.652
3.832
0.664
0.244
3.504
7.584
0.444
0.808
0.536
1.792
2.956
3.596
2.168
5.568
10.86
1.912
0.716
2.1
5.024
7.968
3.716
1.116
0.664
1.296
0.84
0.752
3.936
1.068
1.48
5.592
0.788
0.432
9.608
4.424
10.968
0.32
0.328
1.056
4.052
2.356
6.532
0.852
0.568
0.188
1.044
2.052
0.584
0.472
6.856
2.504
2.356
0.94
2.584
8.34
0.344
1.472
3.596
4.224
4.812
8.796
4.74
2.764
2.024
4.484
5.236
0.68
3.564
5.456
8.876
3.552
1.0
0.416
3.888
0.796
3.428
3.12
7.952
1.676
8.136
2.272
1.132
0.648
3.836
1.044
9.204
2.388
0.548
2.744
1.224
5.672
2.176
2.764
0.42
1.992
2.556
0.496
0.808
0.18
4.9
1.996
6.504
9.968
4.224
0.648
0.336
9.676
0.552
2.212
1.292
0.344
1.128
4.732
0.188
4.508
4.172
4.72
4.896
2.376
1.528
3.412
1.02
0.924
0.328
4.284
10.672
7.464
1.236
6.22
5.256
4.528
0.572
5.66
1.296
0.948
3.144
1.992
5.128
8.06
4.092
7.376
1.992
3.444
0.812
0.916
8.472
3.008
0.8
7.28
1.092
8.892
3.912
2.996
7.308
1.64
6.368
2.896
5.48
7.04
3.548
0.916
0.424
0.408
9.996
1.052
8.164
1.524
1.136
1.312
2.068
4.156
2.148
2.416
0.172
1.02
8.464
2.532
0.452
5.9
2.036
5.12
9.844
1.892
2.88
0.352
7.036
1.172
0.488
1.576
6.94
0.248
1.04
8.9
5.456
2.652
7.668
1.016
2.108
1.068
3.152
7.572
0.18
0.656
3.572
3.144
2.364
2.072
1.68
8.716
0.456
1.44
4.4
4.48
0.296
0.584
4.96
3.2
2.184
0.872
2.956
9.872
3.768
1.024
0.252
5.804
2.816
0.232
0.468
0.148
0.432
6.56
6.644
0.56
0.948
1.42
8.752
6.452
1.14
0.392
4.492
0.18
2.228
0.46
3.624
1.148
0.148
0.944
6.856
0.828
10.948
2.096
0.436
3.724
10.512
0.48
1.04
4.44
0.196
0.5
4.512
1.692
0.312
0.356
5.884
3.896
1.44
10.02
0.908
1.372
8.78
0.536
0.736
1.256
2.56
1.588
0.592
2.744
0.184
0.208
0.62
2.14
7.128
5.432
0.372
2.336
1.112
7.396
4.988
9.704
1.184
5.02
1.804
1.42
4.592
8.668
1.664
0.628
0.972
5.94
0.604
0.552
8.12
0.236
1.936
1.72
2.688
1.356
0.396
10.236
5.92
1.792
4.26
1.064
0.36
0.64
1.232
0.712
2.504
2.76
0.936
1.768
5.876
1.548
0.86
2.904
2.736
1.272
1.236
3.14
9.424
2.008
0.616
7.392
4.112
2.38
1.084
1.796
1.984
1.196
2.736
4.656
0.564
1.024
0.936
3.176
3.812
2.7
5.192
8.824
7.916
0.392
0.612
5.564
1.068
0.228
7.212
2.544
0.712
1.892
4.264
3.104
0.892
2.38
3.084
6.236
8.016
0.6
1.568
0.216
1.336
4.728
1.956
0.296
1.168
6.392
3.232
1.448
1.372
1.068
0.412
3.176
1.108
1.444
0.316
9.932
10.5
1.132
4.212
8.216
0.576
4.736
0.86
1.9
2.004
2.348
1.036
6.444
1.092
0.232
1.384
1.02
0.968
4.288
0.272
10.68
1.06
2.52
0.932
2.572
1.476
0.328
3.024
0.348
0.512
8.944
0.264
1.524
7.044
1.668
3.488
0.616
7.184
0.664
2.604
0.676
0.196
0.724
0.836
3.272
2.004
5.78
1.188
2.432
7.28
7.24
0.2
7.392
7.116
1.248
7.02
8.78
0.596
1.936
10.2
1.056
5.508
0.736
7.936
1.676
5.544
2.656
1.98
0.568
6.948
4.456
1.224
6.052
0.992
0.532
6.536
0.764
6.112
1.02
3.604
0.364
0.756
6.968
0.68
0.168
6.604
1.288
1.196
2.052
2.368
1.544
0.52
4.82
0.192
1.24
0.216
7.976
10.1
0.188
0.712
0.768
0.444
0.156
5.896
2.444
0.328
1.764
0.204
2.0
0.172
1.268
2.028
1.8
7.296
0.54
4.496
10.8
0.904
2.296
3.7
0.356
1.804
2.648
0.352
3.532
1.048
1.576
1.552
0.172
6.008
3.632
1.284
4.736
0.308
0.464
2.048
2.336
0.296
10.408
2.692
2.048
5.624
1.436
1.672
0.42
4.096
1.692
2.82
0.248
1.768
0.868
7.344
0.72
2.256
1.384
0.216
0.284
0.732
0.376
1.212
4.516
10.404
0.152
3.984
1.648
2.268
0.532
0.564
2.244
0.784
5.38
1.708
4.892
1.992
1.224
9.528
6.292
0.596
4.196
6.3
1.352
1.02
7.692
1.968
9.848
2.108
0.536
1.256
4.364
0.164
1.104
4.512
1.42
2.32
3.116
5.004
0.908
1.028
0.628
0.352
4.056
0.56
4.32
0.712
3.58
3.22
0.296
0.276
0.32
11.004
3.64
1.096
5.62
3.22
0.76
2.992
3.22
3.62
3.0
1.172
2.244
4.336
0.44
2.364
4.448
6.428
2.572
1.336
2.192
0.344
2.712
0.344
2.388
2.192
9.028
1.492
2.768
6.332
8.432
1.64
4.348
0.416
0.512
1.38
0.604
2.316
1.096
6.544
0.316
0.876
11.076
0.86
3.86
0.62
7.044
8.264
2.344
0.748
0.344
0.356
0.408
0.428
2.016
0.812
0.508
1.452
0.788
0.432
2.388
9.5
0.36
2.916
0.468
4.148
3.516
5.224
0.156
1.6
4.372
3.38
1.372
5.236
2.436
5.172
5.888
3.384
1.124
0.532
5.18
0.98
0.196
2.684
1.648
1.704
6.004
1.38
9.38
3.74
9.76
1.056
10.244
0.388
5.048
2.372
4.168
1.716
1.8
2.46
9.192
0.416
2.76
0.872
1.04
2.376
1.56
6.716
3.848
0.948
0.44
0.62
0.588
2.212
0.26
1.64
2.736
3.572
0.352
4.644
9.248
1.428
6.2
4.184
2.508
1.736
0.428
0.768
1.98
0.792
3.756
0.192
0.392
2.6
3.58
0.788
0.672
3.244
0.284
0.46
10.744
10.328
10.268
5.112
6.34
1.972
0.972
2.384
0.888
9.864
1.468
2.096
0.424
0.312
8.132
1.044
2.164
1.936
5.932
1.576
0.38
0.976
4.696
3.488
0.468
0.612
8.092
1.992
1.208
10.108
1.952
1.076
0.984
3.856
7.264
2.356
6.528
0.904
1.5
4.012
5.36
0.356
4.228
7.104
0.26
0.164
3.996
1.608
1.828
0.2
0.284
2.508
1.608
5.076
0.692
0.764
0.956
2.016
5.116
0.224
0.196
4.408
1.22
0.152
1.84
0.84
0.16
2.244
9.208
8.224
1.528
5.58
0.824
3.068
6.292
5.804
3.384
1.572
2.684
4.84
6.148
3.356
0.984
1.564
0.696
0.328
0.224
3.152
2.216
0.476
0.368
1.04
0.484
5.504
3.04
7.96
9.284
0.472
6.88
0.416
2.524
2.516
5.532
3.004
0.204
2.532
4.272
0.944
5.204
0.464
4.552
1.528
1.396
1.24
0.668
1.176
9.184
2.844
0.808
8.204
8.34
3.468
4.456
3.888
6.86
0.412
4.756
7.72
2.896
4.144
6.976
2.98
1.092
1.168
2.94
0.24
1.34
2.1
0.968
1.056
0.26
0.768
0.708
1.496
2.04
5.868
1.96
10.932
2.292
1.876
0.7
0.796
1.76
2.228
0.344
4.948
0.804
10.812
8.648
0.448
0.432
0.184
3.148
0.98
0.76
1.38
0.528
6.28
1.056
1.072
1.352
7.364
1.376
0.908
2.116
1.58
7.764
6.356
0.156
0.208
1.96
1.288
1.768
1.148
3.176
10.016
1.232
3.712
0.488
0.428
1.656
1.488
1.348
1.008
0.376
5.68
1.308
4.168
0.168
1.256
1.828
1.108
7.384
4.668
0.596
0.688
1.024
0.456
0.676
1.976
3.876
9.772
1.424
0.292
2.028
0.928
10.364
0.812
4.432
0.824
3.416
2.64
4.5
4.824
5.544
9.312
3.8
0.464
0.836
1.348
0.264
1.168
4.752
0.9
3.7
2.38
1.028
11.1
1.852
2.26
0.412
0.244
2.408
1.132
0.72
8.604
1.776
2.152
2.74
1.016
4.164
0.176
0.452
0.68
4.42
1.648
2.212
0.372
7.5
1.224
3.472
2.676
3.064
6.448
0.512
2.568
3.064
2.532
3.052
3.78
4.116
0.46
0.48
0.956
1.072
2.5
7.608
1.02
0.588
6.824
3.5
0.192
0.228
0.436
1.416
3.7
10.848
1.4
0.996
9.66
6.016
0.192
2.596
0.332
2.772
8.476
5.184
1.812
0.348
2.536
6.22
2.54
4.804
10.6
2.704
0.912
1.584
10.18
3.216
8.22
5.044
0.76
0.208
1.5
5.44
3.252
4.204
4.724
2.048
3.272
4.024
1.444
0.316
0.432
3.452
5.124
2.788
3.204
1.768
0.196
1.204
7.036
3.212
3.196
3.448
0.492
2.216
1.776
0.224
4.908
0.972
4.9
1.448
2.112
1.924
3.816
3.148
5.172
0.948
3.284
6.86
0.384
1.336
3.316
1.224
1.1
0.88
10.376
4.452
2.484
1.956
3.228
2.164
1.252
0.156
0.528
2.584
0.572
8.404
1.764
0.464
7.732
0.764
4.772
0.156
2.14
2.944
2.74
2.604
5.372
3.472
1.508
4.196
1.104
3.908
1.364
0.616
3.332
3.02
5.64
5.988
4.268
0.84
9.852
3.676
1.672
0.492
0.292
5.652
7.34
4.404
5.452
0.204
3.584
10.508
2.696
0.596
9.136
5.3
0.316
1.824
2.396
3.428
1.32
4.176
0.54
2.528
0.52
0.92
3.18
0.212
2.472
3.564
2.572
0.304
3.948
2.52
0.656
5.252
8.576
0.16
6.528
0.76
2.556
1.856
5.348
2.896
0.848
4.068
0.688
1.824
2.636
3.252
2.276
3.856
0.232
1.372
3.34
0.484
6.824
3.168
0.724
9.768
5.852
2.288
1.42
2.996
0.448
2.508
0.776
1.1
0.864
0.484
4.616
0.856
4.724
3.892
2.46
0.856
0.192
2.42
2.224
0.176
1.176
2.944
1.964
1.48
4.588
7.608
10.14
1.496
1.988
0.268
2.06
9.024
2.584
1.46
0.8
1.408
6.228
8.744
5.736
7.812
0.3
1.512
2.52
0.604
0.86
0.592
3.304
0.944
1.504
3.388
0.192
2.928
7.14
0.68
3.892
6.88
5.772
8.372
0.796
1.86
0.572
1.728
3.564
2.852
4.42
1.788
0.948
1.44
0.932
5.204
2.364
2.86
8.996
4.208
1.48
0.684
10.34
2.796
0.416
1.256
0.4
3.268
0.34
2.744
2.24
0.256
2.608
1.692
0.88
0.34
0.416
3.164
1.06
1.976
0.412
7.348
1.668
1.932
2.12
2.524
1.184
3.956
9.068
5.676
4.24
0.572
0.564
1.552
3.396
1.504
10.216
0.164
1.96
1.844
0.464
4.092
6.268
0.264
0.58
0.784
0.676
1.512
3.664
2.044
0.316
1.084
2.12
2.212
7.112
3.88
9.748
3.608
4.848
1.648
1.532
1.664
0.248
1.148
1.032
1.204
3.624
2.316
9.96
1.256
2.792
0.156
7.456
0.352
0.916
2.568
0.78
0.828
1.572
6.048
7.228
6.76
0.264
0.168
3.444
1.676
1.732
0.744
1.376
1.852
10.872
1.204
0.264
2.372
1.288
3.396
0.996
0.78
2.196
0.396
0.296
1.276
8.048
2.316
6.692
0.952
1.732
0.26
6.364
0.608
0.364
7.556
1.56
8.744
6.4
3.468
0.508
0.2
3.996
5.028
4.672
2.04
5.744
1.236
7.0
3.044
1.852
4.152
1.304
2.456
1.268
5.46
3.724
0.596
4.188
2.968
0.52
0.916
1.508
0.688
6.92
1.684
1.796
8.188
0.876
1.832
1.24
1.716
0.908
0.64
2.72
3.056
1.5
4.596
1.404
0.24
0.576
2.864
2.772
0.948
0.628
0.216
6.7
3.736
0.848
0.672
1.86
0.82
0.74
0.228
0.88
9.248
0.816
6.944
1.9
2.028
3.076
0.62
4.168
1.172
0.336
5.596
0.644
1.488
0.18
0.756
2.392
6.936
1.428
2.836
1.284
0.22
0.528
8.572
1.4
3.152
3.176
7.668
0.92
3.068
10.904
4.244
1.396
0.2
1.716
1.452
10.904
2.38
1.812
0.232
5.008
3.816
0.296
3.172
5.688
1.98
0.504
1.34
0.764
3.644
4.956
0.212
4.524
5.168
0.62
5.94
1.712
2.316
0.804
0.772
3.072
5.148
0.972
1.88
0.832
2.496
3.64
0.86
5.248
2.968
1.668
0.54
0.876
1.052
10.896
0.796
3.268
0.596
0.908
0.628
2.092
3.416
0.972
0.444
0.456
1.144
3.32
0.328
1.364
10.212
1.876
0.484
0.692
0.528
1.816
0.396
1.2
1.0
1.608
0.176
4.268
8.616
0.56
0.748
4.108
4.196
0.248
1.356
2.408
0.736
0.728
6.348
4.028
0.448
0.592
6.72
0.856
0.804
2.316
5.252
1.26
0.284
4.108
5.888
10.9
2.644
3.56
1.94
1.156
7.456
0.288
10.38
3.76
1.44
0.824
2.064
2.892
2.192
2.08
1.156
0.416
3.16
5.036
1.012
4.728
2.564
3.956
5.196
8.908
1.712
9.016
1.512
3.732
9.556
9.492
1.524
5.056
2.048
0.912
9.508
1.488
5.112
0.312
2.516
4.184
2.976
7.424
0.172
9.12
1.16
0.212
2.184
2.156
0.252
0.604
10.468
8.564
0.472
1.32
0.424
0.996
1.464
2.028
7.412
5.716
1.48
2.856
3.64
2.284
7.86
2.124
5.488
9.848
7.812
2.016
1.396
11.064
3.568
1.788
1.12
0.208
9.036
2.58
0.588
1.68
0.58
1.12
9.948
0.812
1.712
2.972
0.732
1.808
2.36
0.164
0.26
4.984
0.62
2.064
2.172
0.96
5.016
0.516
1.66
4.34
3.984
7.468
8.072
1.236
0.492
2.584
6.616
1.984
2.104
5.608
0.324
2.2
1.112
2.728
1.928
3.064
1.032
1.936
6.248
0.92
1.588
1.148
3.54
8.212
1.264
0.808
10.84
0.7
2.288
5.46
1.416
9.28
2.544
2.16
1.264
7.012
0.3
3.564
1.128
5.128
4.616
6.7
3.888
0.884
6.532
0.768
2.436
0.272
2.948
1.476
0.776
4.544
6.304
4.632
3.328
1.228
0.424
4.028
0.896
5.024
1.484
1.188
0.16
0.396
2.192
1.684
0.468
5.012
1.216
11.056
0.364
1.968
0.8
5.288
1.148
2.032
3.508
2.348
2.692
2.936
1.244
2.68
3.396
2.8
0.924
0.748
1.552
1.536
0.984
1.6
10.268
6.124
5.148
5.848
1.416
1.032
1.152
4.528
11.044
1.6
9.668
5.004
3.688
10.92
1.248
1.136
3.096
1.976
1.292
10.46
3.068
6.616
0.976
1.456
8.516
4.9
2.112
1.54
0.94
1.196
6.476
1.016
3.872
5.148
0.372
0.524
2.608
6.188
5.244
0.18
0.66
0.264
1.732
0.356
6.736
4.492
0.608
0.48
1.34
0.828
0.92
0.236
4.42
1.424
0.444
0.216
0.804
3.848
3.788
3.004
0.388
2.376
0.44
1.232
10.128
0.348
1.252
2.44
1.184
0.56
3.156
6.644
9.344
0.632
2.5
1.988
0.372
0.352
0.316
2.072
0.188
2.28
0.56
9.492
0.152
0.76
7.096
2.016
1.544
0.568
0.528
1.472
2.268
0.312
1.624
1.936
2.132
1.312
2.3
1.16
0.596
5.484
0.476
0.192
6.816
0.424
0.228
10.464
3.94
1.26
4.172
2.46
8.792
0.192
1.44
2.772
4.448
5.836
3.884
0.476
8.256
4.052
0.192
0.94
6.612
3.26
3.272
6.38
0.392
5.232
3.056
6.324
2.748
0.392
7.876
0.888
1.692
0.588
6.8
3.828
1.94
3.744
3.592
7.012
0.68
0.248
0.692
1.896
2.616
2.66
0.344
10.184
1.54
0.16
0.42
3.656
1.568
1.528
0.88
6.136
3.16
0.456
0.528
1.396
2.196
1.772
0.64
4.012
2.436
2.34
9.492
4.288
1.14
0.932
2.324
3.616
2.456
0.4
3.708
3.896
0.308
0.348
6.968
1.016
4.0
10.904
6.752
1.56
0.56
4.908
1.808
0.192
2.772
3.04
3.372
2.776
10.872
4.46
1.44
4.572
8.98
3.696
0.428
1.728
0.424
0.868
0.408
6.736
5.536
1.396
0.896
8.212
1.004
3.564
0.416
2.28
0.436
1.94
3.248
4.028
6.04
0.344
6.78
6.408
6.636
3.3
9.672
0.176
3.788
2.172
7.852
0.272
1.712
3.408
2.928
0.484
1.072
10.9
2.76
3.804
8.124
4.312
6.516
0.204
6.352
10.668
0.564
3.348
1.452
0.384
1.44
0.412
1.06
0.716
2.816
2.856
1.516
0.16
0.98
0.696
0.18
3.516
1.512
10.76
0.396
1.332
7.076
0.328
0.268
3.064
2.392
2.0
1.3
1.976
2.072
9.704
0.456
2.808
0.48
5.584
1.676
6.828
0.524
1.096
0.532
0.676
9.64
3.356
5.56
3.148
8.644
2.276
0.816
0.536
10.88
0.256
1.668
0.66
2.064
1.096
1.516
0.62
9.844
5.68
2.768
3.252
0.556
3.824
1.844
1.46
1.228
0.316
3.14
0.984
0.248
4.232
1.528
3.02
9.02
10.208
0.94
2.388
0.196
5.544
0.28
1.696
0.32
6.144
1.06
1.26
1.24
1.452
7.524
3.136
0.544
0.888
0.488
1.472
5.996
0.872
1.452
1.664
0.98
2.708
0.868
0.9
0.36
6.684
0.3
2.452
4.88
3.392
0.76
0.816
1.716
0.792
5.892
1.148
0.864
0.936
3.588
2.616
0.44
2.408
4.772
10.128
0.848
2.316
1.508
1.496
1.696
0.16
2.456
0.716
5.984
6.688
0.54
5.912
1.98
1.392
2.316
3.848
1.856
2.628
1.796
1.592
4.912
3.028
0.272
0.796
2.68
0.156
0.644
6.096
0.944
1.912
2.496
2.284
8.408
0.432
2.188
7.488
1.672
1.292
0.368
0.632
0.248
0.7
4.376
0.516
0.264
2.028
1.544
2.616
3.016
9.272
2.044
0.788
0.684
1.208
9.036
0.36
2.104
0.228
9.884
3.424
2.636
5.404
0.152
4.236
0.268
1.036
1.372
1.164
3.716
8.276
6.876
0.416
10.084
2.272
8.916
9.768
2.564
1.224
9.264
0.312
0.576
1.18
4.936
0.436
4.108
3.22
0.768
7.98
0.832
5.024
5.392
0.624
6.172
2.752
0.428
3.596
1.232
3.608
5.276
1.832
8.492
10.532
7.008
0.968
1.576
4.376
0.232
0.808
7.584
8.52
2.18
3.284
3.556
1.488
0.268
2.396
1.372
1.728
1.7
3.1
0.188
1.364
1.464
2.332
1.924
2.316
1.152
3.516
0.312
2.8
1.384
0.588
1.672
9.472
1.024
0.192
7.392
1.412
0.48
1.808
3.556
7.616
6.652
5.524
3.268
2.252
0.148
1.676
10.368
0.644
6.332
5.436
0.72
0.448
2.804
1.46
1.3
0.836
1.808
5.964
1.292
4.604
1.312
0.62
4.196
2.252
3.636
1.06
2.688
0.652
0.696
3.392
1.624
4.932
0.512
0.412
1.068
5.168
4.44
1.06
7.34
9.852
0.468
6.792
1.58
1.86
1.276
0.192
3.716
3.864
2.396
0.604
3.568
1.424
0.804
0.3
4.844
0.352
2.428
0.176
2.268
0.568
4.928
7.788
2.744
1.412
5.456
0.56
0.316
2.2
0.408
3.872
0.928
5.748
10.2
2.26
1.964
0.544
0.608
0.88
1.392
0.696
2.016
1.308
10.84
5.184
2.22
1.984
3.524
0.144
6.42
0.78
0.62
0.468
1.212
1.164
1.16
1.688
0.196
4.608
3.188
0.148
0.272
1.044
1.524
3.968
1.608
3.024
6.052
0.36
0.536
1.24
2.072
9.208
2.072
0.26
2.004
8.188
3.64
4.236
0.26
5.084
3.516
0.292
2.804
2.156
4.152
1.504
2.46
0.972
3.016
0.64
0.976
1.136
8.288
0.212
0.252
4.896
0.788
1.288
0.404
5.188
1.16
2.188
0.336
9.668
3.924
4.076
0.208
0.78
1.46
1.624
0.592
0.576
5.732
2.548
5.972
3.104
1.612
0.896
0.336
8.932
2.656
1.164
0.488
6.296
0.936
0.424
3.44
2.948
0.172
3.4
2.692
1.66
1.244
0.492
4.144
0.388
3.048
3.724
1.424
4.008
0.232
0.304
0.564
5.36
0.268
1.4
9.224
3.08
6.824
5.92
3.264
1.372
4.98
2.688
2.124
0.256
1.82
2.98
4.216
5.268
10.932
1.152
1.876
1.616
2.808
0.916
0.464
0.828
0.904
0.436
4.72
1.152
2.508
1.044
0.208
6.072
1.78
7.384
3.276
0.544
3.876
2.928
3.216
0.996
2.244
0.624
0.452
7.1
2.304
8.96
3.32
3.664
0.56
3.12
1.004
0.86
1.912
0.356
4.776
0.396
4.704
1.528
2.64
7.016
8.56
3.964
0.728
8.268
0.384
0.3
6.788
7.78
3.152
1.88
5.284
7.552
0.956
2.276
6.536
2.0
3.464
0.86
3.052
3.176
7.604
0.564
6.584
1.808
0.696
0.468
2.604
2.284
0.7
4.272
0.744
10.684
0.264
0.24
2.992
8.544
0.424
1.948
0.492
1.744
4.132
5.672
2.264
2.476
0.328
2.476
1.02
1.604
1.08
4.804
0.248
3.176
2.092
0.224
2.22
1.896
0.384
10.036
1.264
1.44
2.584
1.244
1.72
2.568
1.928
6.944
4.856
8.808
9.544
0.184
0.408
0.66
2.004
5.956
3.256
9.312
6.292
1.308
1.832
3.572
0.564
5.604
3.472
8.64
1.752
0.352
2.356
0.296
0.948
2.504
6.704
5.792
0.324
0.38
1.8
7.036
1.36
3.396
0.888
0.632
7.824
2.276
0.508
4.932
0.452
3.204
0.62
1.412
1.52
0.444
2.508
5.296
0.728
0.364
3.832
5.056
1.82
0.26
2.868
0.668
0.392
3.044
2.148
1.944
4.876
1.936
1.36
6.684
1.096
1.924
1.052
1.248
1.196
1.352
4.376
0.548
2.752
0.572
0.808
3.384
0.272
1.22
0.596
11.052
7.036
1.748
1.924
1.744
6.076
4.12
4.056
6.092
4.428
2.74
1.796
0.308
0.564
6.204
9.448
0.576
4.7
5.608
1.932
7.824
0.152
2.14
0.496
2.696
0.972
2.556
5.928
0.224
4.48
0.696
3.568
9.352
0.868
2.832
10.492
0.408
0.968
5.812
0.176
1.132
0.24
0.368
0.276
7.772
1.896
2.488
0.164
1.204
1.772
3.836
4.296
4.9
0.324
4.048
2.828
1.316
8.324
5.644
0.624
2.484
5.004
0.316
1.668
1.896
2.64
1.324
0.536
4.368
0.772
1.168
2.268
1.356
2.712
0.884
5.1
1.552
1.44
1.416
0.92
4.952
4.04
4.06
0.332
1.248
3.128
6.784
1.228
0.68
4.62
0.604
0.956
0.472
2.932
3.932
0.296
4.304
3.804
1.372
0.868
0.488
1.256
0.292
1.24
6.584
0.32
1.448
10.644
1.784
0.248
3.936
4.28
0.46
1.28
3.192
4.28
0.44
0.608
2.176
2.584
1.896
1.62
5.532
2.384
1.068
1.324
7.868
1.136
0.628
1.028
4.244
2.772
3.044
9.336
0.268
9.844
0.58
0.476
3.072
1.188
2.82
1.372
0.284
1.0
9.288
0.292
2.376
1.664
2.484
0.808
4.9
0.992
0.248
4.376
1.604
0.232
0.392
2.512
7.652
3.06
8.308
2.516
6.36
3.144
1.552
2.944
8.872
0.368
1.228
0.88
4.088
3.556
1.972
10.824
0.988
1.632
0.432
1.976
6.9
5.876
2.352
1.752
1.004
3.88
3.268
3.78
5.332
1.76
0.892
10.692
0.716
0.504
0.62
4.436
4.22
0.328
1.2
0.728
2.672
2.044
0.78
1.284
2.192
2.152
1.396
0.336
2.78
3.204
0.648
1.124
3.08
5.532
3.928
1.332
5.548
10.416
1.116
1.46
8.592
0.68
4.456
0.584
8.004
1.68
0.572
2.72
1.528
3.0
0.208
0.268
0.592
9.552
0.9
1.184
7.816
5.66
1.28
1.08
0.436
1.044
3.016
0.896
0.86
0.364
3.58
0.188
0.148
0.768
2.912
2.408
2.148
0.8
0.684
9.704
2.308
5.996
3.436
0.16
0.64
1.916
1.228
0.752
0.444
6.944
1.552
2.284
0.684
2.868
1.172
0.92
2.008
0.62
0.928
1.228
2.936
0.476
0.984
0.724
5.188
3.264
0.9
0.54
4.548
0.596
0.34
0.292
0.36
9.672
9.636
1.48
5.968
0.412
2.26
0.2
3.432
6.992
1.604
2.732
1.248
1.956
0.808
0.252
6.572
0.492
2.112
1.664
0.384
10.48
0.6
6.056
0.204
0.972
1.872
2.156
4.36
3.448
0.512
9.844
1.452
4.664
1.48
0.588
4.444
2.08
2.508
1.432
3.832
1.924
0.62
0.296
3.616
0.932
2.492
3.208
4.024
2.376
0.516
1.192
3.232
0.244
0.24
4.324
2.108
1.38
3.652
0.416
0.732
0.94
0.672
5.096
0.688
0.188
3.056
0.208
1.5
0.708
2.664
5.596
5.316
0.912
3.852
1.092
6.9
3.544
0.808
0.732
0.488
1.896
2.872
0.444
5.924
0.856
1.144
1.676
7.688
5.96
5.06
0.692
3.56
4.612
3.092
1.72
1.82
3.832
0.46
0.304
6.168
2.716
2.876
2.496
8.184
0.432
0.192
1.512
3.94
0.164
2.144
7.732
5.244
3.872
0.872
7.08
2.148
3.208
0.588
0.48
5.756
2.888
8.724
7.812
0.184
0.952
1.812
0.596
0.284
10.576
2.28
1.084
1.304
0.392
5.004
1.26
2.58
1.568
2.448
1.972
6.384
3.896
2.464
8.632
1.812
7.08
1.3
3.416
3.672
0.536
4.724
0.876
2.072
3.68
0.344
0.352
2.1
0.268
2.496
1.732
3.924
0.536
5.088
1.092
0.892
0.968
1.3
1.46
3.72
2.56
0.9
0.272
1.556
6.036
9.972
6.016
0.872
0.244
4.728
2.836
4.044
0.74
2.896
1.808
3.78
3.924
1.096
0.548
4.368
2.132
8.756
1.252
1.204
0.532
2.624
5.468
1.58
0.456
0.224
1.58
2.34
1.724
6.844
0.26
1.992
1.856
2.416
6.436
4.232
0.532
3.792
4.28
1.048
3.08
1.136
0.696
3.8
1.1
3.648
0.984
0.94
4.668
4.748
3.624
0.48
1.34
2.636
3.276
2.004
0.612
1.616
3.384
3.476
0.96
1.696
6.696
8.828
1.688
0.348
1.752
1.68
2.824
1.524
0.716
2.296
0.196
0.32
2.4
2.748
2.432
6.256
8.492
1.14
4.836
0.912
5.664
5.38
0.48
3.908
5.604
2.048
1.144
3.808
2.644
1.844
2.356
10.812
0.588
0.436
3.272
0.54
2.772
2.684
0.512
7.572
0.9
1.56
1.352
0.488
0.204
5.22
0.276
6.5
4.988
8.784
1.772
1.928
2.664
8.692
8.08
2.548
0.876
2.604
3.9
9.92
0.552
1.296
1.588
1.58
6.232
7.152
1.472
0.244
0.212
1.744
0.948
2.404
1.132
0.188
7.276
0.896
7.936
0.64
0.772
0.288
3.996
0.168
1.824
5.452
5.168
5.284
0.864
3.152
0.276
5.652
7.508
0.744
1.36
1.076
1.124
4.836
2.488
0.36
2.008
3.648
5.976
2.008
7.452
0.216
1.016
0.636
1.144
1.8
6.172
10.664
1.22
0.72
1.4
5.344
9.952
0.984
5.864
0.28
2.952
0.384
0.236
1.552
6.696
0.692
3.768
4.216
0.98
0.46
1.136
1.144
2.268
0.712
1.376
1.184
0.396
0.98
1.292
1.404
0.156
1.792
2.724
1.188
1.332
7.592
0.16
1.088
0.524
1.156
0.388
0.316
3.684
10.464
0.588
2.72
8.988
9.652
1.84
3.48
2.08
1.124
2.216
0.552
2.136
2.832
3.164
2.092
0.448
8.892
6.612
8.076
1.144
3.916
4.6
7.696
1.344
1.244
2.096
0.588
3.752
5.964
5.04
2.728
0.672
0.2
0.92
1.624
0.208
0.3
2.64
0.636
6.644
1.464
3.104
4.18
5.512
5.748
1.768
4.928
2.68
0.316
0.168
1.852
0.476
0.648
2.932
3.964
0.924
1.468
7.744
2.324
0.316
1.184
3.812
0.62
0.272
0.16
4.332
1.516
6.088
6.46
0.892
0.996
1.772
0.38
1.764
5.392
5.352
7.436
0.62
0.508
1.856
0.88
4.808
2.224
9.384
0.336
0.532
0.992
10.428
0.372
2.96
2.488
4.364
2.708
0.184
2.948
6.956
2.04
3.764
1.96
1.176
7.86
1.772
0.616
2.776
10.116
1.408
0.992
1.744
9.164
1.312
0.404
3.728
7.912
0.74
2.816
0.536
3.304
1.648
0.492
0.2
1.056
3.548
0.372
0.888
0.16
6.872
3.352
0.512
0.644
0.928
7.88
2.352
5.076
0.724
1.164
4.924
5.372
0.8
1.38
2.424
3.024
3.888
2.568
1.736
1.392
1.752
3.58
4.492
0.208
1.156
4.212
1.6
0.308
0.144
0.464
3.34
5.216
1.068
0.672
0.544
1.196
2.488
2.012
2.456
1.576
1.168
1.044
0.94
1.48
1.228
2.616
1.368
2.732
0.916
0.22
0.88
1.796
4.968
5.124
1.072
5.832
0.176
3.896
0.328
0.296
0.176
8.488
2.508
0.3
7.564
2.088
1.928
8.56
3.512
4.232
3.172
0.532
0.768
6.288
0.504
2.712
5.584
0.752
1.276
0.348
5.716
1.764
0.412
2.356
0.76
3.084
1.444
2.04
0.476
2.708
1.908
3.328
0.956
0.148
2.7
0.22
0.928
0.836
0.164
6.832
0.368
8.736
3.108
0.188
2.668
1.016
0.972
0.38
2.452
6.456
0.432
0.588
1.348
2.004
4.324
0.628
0.292
6.02
0.844
0.66
1.484
2.956
4.372
3.66
1.636
1.944
10.892
3.952
8.82
2.008
0.768
10.924
1.28
1.568
0.936
2.62
1.076
4.172
0.228
5.86
1.836
0.172
1.256
4.36
0.828
5.2
6.612
1.296
1.712
8.668
1.712
0.196
2.008
1.152
0.28
3.972
0.34
7.552
1.2
0.496
6.816
10.892
6.3
1.12
2.612
0.74
0.628
0.808
1.336
1.312
3.22
3.508
3.216
7.944
3.588
0.236
5.296
1.98
0.736
0.424
0.972
0.728
0.16
0.928
9.952
0.328
6.676
0.24
1.78
0.176
2.468
1.904
0.404
4.2
8.784
4.512
2.276
5.392
5.104
0.252
2.552
0.9
0.788
1.996
6.372
2.172
1.188
8.64
1.308
3.928
1.712
1.384
1.024
0.488
3.776
1.108
1.036
2.904
2.18
2.628
0.712
0.272
3.24
0.36
9.248
3.796
1.94
2.356
0.84
2.66
4.98
4.36
4.456
3.852
1.088
5.488
2.12
7.28
2.412
0.204
2.268
1.68
4.12
0.588
2.556
9.524
0.616
2.276
1.036
0.184
4.9
0.316
2.028
1.316
0.564
5.944
0.392
0.236
2.108
1.116
2.376
10.336
4.368
0.728
1.188
3.052
1.296
1.46
4.16
7.484
9.924
2.208
5.76
4.512
4.312
0.824
0.312
1.136
10.848
1.36
3.568
1.976
2.308
3.736
0.2
0.96
10.356
0.704
1.204
0.32
5.82
3.844
2.032
1.404
10.24
5.852
0.684
1.216
0.296
0.68
8.36
2.5
1.332
0.876
2.344
0.916
7.472
0.796
1.788
0.808
1.576
1.02
0.736
1.788
8.088
1.488
10.72
2.776
0.848
0.648
1.464
8.628
4.16
0.372
0.284
1.476
4.344
2.116
2.468
2.364
1.108
0.668
1.376
0.216
1.944
1.2
9.508
1.272
3.128
4.328
0.252
1.928
2.2
2.28
2.352
1.636
0.224
0.612
6.38
4.376
1.14
1.828
1.572
1.172
3.424
0.376
1.16
2.064
0.424
2.552
0.78
2.6
3.244
1.228
1.064
1.436
1.076
1.0
1.396
5.144
0.828
1.656
4.688
6.448
0.672
1.264
0.188
0.592
1.952
0.852
1.016
0.56
0.504
11.048
0.9
1.268
3.9
4.484
0.452
4.092
3.18
2.768
0.2
0.656
8.628
1.56
9.824
1.252
0.892
1.296
2.096
4.36
5.796
1.16
0.712
7.224
1.828
3.408
3.024
3.956
2.548
2.956
0.74
9.872
2.356
1.136
0.384
0.292
2.404
1.844
1.848
1.2
4.392
0.232
3.512
2.064
0.268
1.92
1.48
0.268
5.316
1.732
1.22
0.832
0.5
1.02
0.452
0.88
1.792
2.656
0.316
5.732
0.38
1.312
0.276
1.556
0.56
2.82
4.348
3.252
3.268
1.348
0.484
3.632
1.104
0.644
0.736
8.276
4.86
5.032
2.356
0.164
1.38
1.216
0.432
1.512
0.212
4.684
2.268
3.22
1.552
0.876
0.156
1.508
3.688
0.36
2.372
2.7
1.204
11.068
8.836
1.868
1.456
5.22
0.6
2.64
0.556
8.368
2.556
2.476
4.104
1.472
8.06
0.276
5.732
0.356
1.736
0.456
1.048
2.692
0.388
1.528
0.888
0.46
1.908
3.732
10.06
2.172
0.268
3.452
1.724
8.928
7.124
3.452
1.56
4.348
2.096
0.148
0.548
2.048
5.388
1.492
0.464
1.712
1.624
0.392
9.436
0.208
9.272
0.612
5.16
7.568
1.84
0.848
0.504
0.696
3.104
0.836
2.484
1.112
3.824
0.632
1.944
0.156
4.132
0.776
1.088
6.904
4.276
1.32
1.016
8.272
1.36
2.204
0.448
5.448
0.328
2.708
1.156
0.692
2.328
8.884
0.732
1.612
5.808
2.704
2.396
3.556
1.824
0.16
1.32
2.664
0.216
6.756
1.168
0.204
1.396
4.468
3.512
0.188
0.856
10.64
3.288
2.552
3.396
3.668
2.024
2.28
0.38
2.496
0.732
4.36
0.648
0.572
1.772
0.576
1.176
3.252
0.484
1.312
0.744
3.132
1.444
4.572
0.22
2.384
5.876
0.708
3.104
1.248
0.184
0.46
10.072
0.6
3.02
1.168
4.904
0.5
9.716
1.58
1.4
4.204
10.348
0.704
3.34
0.556
1.368
3.532
0.208
0.972
8.956
2.304
0.512
1.696
1.988
8.6
3.372
7.368
0.552
0.856
1.064
10.524
3.568
1.684
1.48
0.308
1.052
4.36
3.892
1.316
1.408
5.504
6.628
9.176
2.192
0.692
0.228
0.448
6.064
0.7
3.304
0.552
5.564
0.272
2.32
10.176
2.98
4.716
7.756
2.104
2.7
1.956
0.68
1.012
1.948
0.244
1.12
4.976
5.2
3.784
10.732
1.12
1.368
4.36
4.46
0.652
0.196
1.808
0.232
11.06
2.772
1.912
0.832
0.668
0.744
0.192
0.768
6.168
0.392
0.616
1.896
1.496
5.416
0.74
1.172
0.42
5.172
3.476
3.772
0.54
3.368
3.86
3.444
5.148
2.7
2.432
1.176
4.376
2.396
3.356
2.496
0.704
0.88
2.172
6.536
2.328
0.52
2.684
2.076
3.176
2.476
2.696
9.616
2.872
0.756
1.272
0.328
4.828
4.068
2.14
2.172
1.144
3.192
0.164
7.936
0.932
0.352
0.672
2.368
4.472
1.008
2.072
1.24
9.016
0.564
2.316
4.816
5.116
6.644
2.512
1.464
0.468
1.752
4.584
0.196
0.82
0.364
1.66
0.188
0.16
3.508
0.644
3.544
1.124
1.192
1.028
2.168
0.24
0.432
1.556
0.924
3.708
2.184
2.024
2.104
3.04
0.284
0.312
1.06
1.564
2.516
3.3
0.916
1.108
1.336
0.548
4.0
1.088
2.528
5.228
0.828
7.304
1.828
2.66
0.236
2.836
1.56
1.504
1.108
0.16
7.464
1.28
5.272
7.292
0.268
8.668
2.288
0.54
1.696
0.176
3.008
9.676
4.812
2.768
0.564
3.3
0.952
1.236
0.596
3.148
3.572
3.704
0.436
1.096
0.804
3.724
0.816
0.688
1.008
2.512
2.992
0.288
1.216
10.804
0.32
3.82
4.512
0.84
5.86
3.168
2.54
1.504
1.72
0.188
1.36
2.084
1.412
0.32
2.58
1.944
5.068
1.304
1.54
1.264
5.784
0.24
2.496
0.204
2.676
0.188
2.728
2.736
1.144
1.044
0.768
4.352
3.916
1.2
4.78
1.396
5.268
8.012
1.512
0.848
0.42
2.528
0.364
0.26
4.02
1.572
4.32
1.684
7.58
1.74
6.484
1.704
1.56
2.56
0.308
0.572
1.144
10.408
3.856
0.5
1.64
4.364
0.524
1.304
0.88
6.148
0.2
4.228
0.74
1.196
0.284
1.2
5.344
0.344
4.252
1.064
10.34
0.844
6.232
1.24
4.264
7.48
5.144
1.596
4.544
1.812
9.116
1.232
0.308
0.752
3.708
4.428
7.14
0.692
2.668
1.016
0.292
1.308
1.664
0.768
2.708
5.632
0.528
1.8
0.728
1.852
4.448
0.348
4.596
0.288
1.412
8.88
3.392
0.284
1.236
3.58
1.248
4.712
0.344
1.288
2.896
1.292
1.124
4.632
4.316
8.356
6.732
5.412
0.332
2.592
0.332
1.18
1.728
0.248
2.32
10.716
4.048
6.568
3.732
0.184
6.436
2.884
0.308
0.432
7.58
0.624
1.02
0.276
5.904
1.468
3.984
6.528
2.068
2.08
10.816
5.948
0.528
3.088
2.324
0.24
0.256
5.392
0.368
1.056
9.636
2.212
4.488
0.252
10.392
1.58
8.352
6.316
6.428
9.928
3.872
5.572
1.7
8.924
3.52
0.256
2.02
0.536
0.364
1.388
3.508
2.968
0.944
0.336
4.96
0.576
6.472
5.888
0.74
5.696
0.576
0.976
1.756
0.696
2.416
1.608
0.944
5.6
3.8
1.96
0.364
2.716
0.816
1.916
0.252
2.808
0.288
4.9
2.236
0.424
0.484
6.144
1.224
0.808
4.012
0.196
5.544
1.784
2.688
3.616
6.992
0.384
2.88
1.772
0.592
2.34
1.308
0.636
1.756
1.24
7.712
5.876
3.104
1.068
1.376
2.632
0.5
8.696
1.496
0.3
1.356
1.516
2.096
5.36
6.084
10.332
3.056
4.332
4.648
1.952
0.536
1.312
1.936
5.604
0.628
1.344
8.74
4.736
3.016
10.34
0.92
2.608
5.716
1.344
0.932
0.476
6.82
1.756
9.78
3.272
0.588
0.412
0.536
0.836
0.944
3.68
0.204
2.916
5.296
0.488
1.68
1.392
6.88
0.488
0.348
1.06
0.66
3.356
3.62
6.584
2.488
5.116
3.82
1.664
0.148
7.9
3.232
1.988
0.852
3.268
1.928
2.616
1.564
0.604
5.876
4.188
1.656
1.68
4.728
2.588
3.572
8.724
4.44
3.692
2.488
2.9
1.872
0.364
4.668
0.732
1.036
1.088
2.772
1.42
0.592
0.976
6.416
0.844
8.312
3.64
2.416
0.788
4.108
0.936
6.036
0.516
0.496
2.78
6.308
1.608
2.628
2.76
0.332
8.008
0.964
3.868
1.184
4.096
0.588
0.76
2.588
4.032
1.84
0.888
1.12
1.124
0.2
4.104
0.388
0.2
2.984
6.336
1.828
3.268
1.684
3.388
0.836
1.568
3.468
2.02
4.4
6.34
1.388
2.16
4.044
1.3
4.164
1.24
0.932
3.16
0.816
1.424
4.212
2.632
0.804
1.656
6.832
10.416
6.34
0.54
1.484
2.156
1.056
3.388
2.496
6.956
1.2
4.14
0.716
3.484
0.516
0.708
0.664
0.984
0.772
0.652
1.34
0.78
4.852
5.08
0.252
2.132
1.944
0.376
9.472
0.332
2.592
0.948
7.12
2.928
0.312
6.536
0.544
0.384
5.772
0.772
5.032
2.42
8.396
1.36
10.032
8.144
0.34
0.656
5.7
1.392
3.408
1.524
1.096
0.512
2.5
10.484
1.676
0.344
0.216
3.524
2.384
1.404
5.584
0.484
1.348
4.852
2.416
0.532
5.088
0.852
0.52
3.812
7.848
0.82
4.128
1.148
0.38
9.728
1.096
1.156
0.488
4.332
3.524
1.972
0.376
6.848
0.888
1.796
2.256
0.224
1.06
0.476
0.472
8.784
0.792
1.348
2.064
0.34
0.508
4.028
0.596
1.592
2.564
7.004
2.808
9.476
0.34
3.668
3.68
2.308
0.496
5.18
0.868
1.508
1.684
0.228
10.76
1.972
1.156
1.16
0.24
1.956
5.336
0.38
1.252
4.316
1.408
1.02
1.896
1.888
0.588
2.964
5.728
8.36
1.532
1.736
2.16
0.648
3.232
1.144
3.716
0.784
10.224
1.468
6.692
1.428
4.192
0.184
2.948
1.16
3.28
10.976
3.888
0.832
0.436
1.684
0.944
4.14
0.8
0.936
0.604
1.412
0.748
0.892
6.048
0.292
1.288
0.792
0.604
4.148
2.208
2.04
0.488
1.78
1.516
5.54
0.712
2.356
1.468
1.548
1.592
1.02
8.636
0.28
0.988
2.084
0.2
5.008
3.724
4.304
2.672
4.816
3.632
1.368
1.696
4.664
2.728
0.704
2.332
3.168
2.052
5.528
3.288
10.164
1.236
1.82
1.796
0.808
2.56
1.324
4.552
3.524
7.58
0.18
2.756
0.332
1.772
3.9
8.288
0.748
4.988
0.604
1.924
0.64
2.144
0.196
2.028
0.412
3.452
1.036
5.372
4.056
0.328
1.764
1.896
2.144
3.548
0.76
10.524
4.836
5.908
2.684
1.24
10.988
10.412
1.104
1.352
0.388
1.98
0.992
2.84
1.012
6.28
0.34
2.68
2.396
7.864
3.524
6.928
2.104
0.172
3.952
2.356
0.508
1.1
1.052
2.82
2.62
4.1
10.336
0.252
1.56
1.392
0.952
4.472
2.764
1.904
2.4
3.788
1.184
3.676
0.596
3.084
7.56
5.384
6.588
2.676
1.556
0.66
3.376
2.064
9.264
0.204
11.068
0.62
0.78
4.636
4.572
4.88
1.1
0.436
4.652
0.828
7.72
0.46
3.172
8.128
0.592
1.58
1.48
0.204
0.708
0.516
0.436
9.072
6.412
8.524
2.752
9.732
0.78
10.576
5.596
0.336
7.788
0.684
1.116
2.148
0.888
10.788
0.34
1.64
1.288
10.92
0.928
2.168
8.352
2.908
1.404
6.204
2.76
3.28
0.796
2.136
0.556
0.668
0.728
0.708
0.436
2.344
2.296
2.624
0.872
2.452
6.132
6.976
0.28
0.224
2.552
2.924
6.432
0.908
4.864
7.156
0.572
3.592
0.548
1.352
4.564
3.124
1.532
0.776
1.876
1.776
1.044
1.976
0.184
0.316
1.044
2.86
1.96
3.784
6.548
0.408
3.444
0.964
2.056
1.74
3.336
0.952
1.772
4.184
1.164
3.052
2.012
5.948
9.188
0.584
4.984
0.824
0.312
5.204
7.548
7.296
0.724
1.132
0.704
1.032
2.408
5.624
1.0
3.012
2.588
0.468
1.42
1.464
9.532
8.256
0.728
0.872
0.724
2.356
2.284
2.82
5.848
0.44
6.08
2.432
1.276
1.432
0.344
1.296
1.388
0.892
0.9
0.184
0.284
8.256
9.756
0.444
3.652
1.656
1.86
3.732
4.328
1.28
2.712
3.372
6.32
2.696
0.6
2.592
3.916
9.016
4.952
1.728
0.208
4.82
3.944
1.54
3.644
1.604
0.884
0.228
5.504
4.068
3.252
3.664
7.2
3.396
0.608
0.56
1.252
0.916
1.024
0.96
0.628
0.9
2.688
0.332
0.48
0.496
6.544
11.0
1.552
0.996
3.184
0.252
2.66
0.336
6.632
1.108
0.696
0.384
4.968
3.636
0.472
1.184
2.12
1.208
1.668
0.668
1.34
6.872
3.164
4.436
8.94
0.172
0.82
2.828
0.864
1.016
1.58
4.94
0.632
1.544
4.18
1.32
2.224
8.888
2.4
6.468
4.992
10.372
9.412
6.556
1.324
1.44
1.372
2.924
1.496
2.144
1.088
4.088
1.62
0.228
0.228
1.848
1.312
0.224
0.504
3.784
1.24
10.324
1.736
3.848
1.608
9.736
1.988
2.504
2.516
2.016
6.284
0.536
0.688
5.104
0.404
9.348
0.396
1.848
2.456
1.104
8.472
4.228
4.832
2.808
2.288
0.18
3.92
4.392
1.836
0.512
1.324
1.564
6.732
3.448
0.848
1.512
2.388
11.012
3.536
0.744
0.288
1.652
0.904
6.188
2.108
0.712
1.432
0.96
0.352
0.36
1.888
3.676
1.088
1.512
2.588
8.652
2.164
1.472
2.316
0.22
10.424
8.052
4.104
1.428
2.592
1.548
0.832
1.056
2.84
3.432
1.028
6.492
5.164
3.432
7.128
0.444
4.864
7.712
0.752
3.548
0.744
3.5
4.684
4.08
0.276
3.9
0.972
1.78
3.756
1.672
1.416
0.628
7.24
1.26
0.836
3.62
0.368
0.628
1.888
2.176
1.752
0.984
3.404
0.976
0.852
1.992
1.328
1.304
4.244
2.048
2.396
2.844
0.704
3.228
5.444
5.668
2.864
0.228
2.904
1.232
9.22
2.436
8.104
1.056
1.092
1.484
2.54
0.88
0.328
1.208
1.636
0.948
0.416
1.54
0.736
2.904
1.62
0.36
3.764
8.684
2.26
0.916
2.188
0.728
2.492
3.488
6.14
0.152
6.248
2.424
7.096
0.88
0.608
0.632
0.716
1.892
4.22
1.44
0.916
1.992
1.536
7.768
0.624
4.452
8.176
7.312
9.924
1.036
2.004
4.216
10.148
1.384
0.836
0.704
3.168
5.216
0.296
4.788
1.828
1.94
0.792
5.208
3.712
0.248
1.612
0.18
6.82
6.012
3.404
0.264
3.872
4.78
2.116
10.564
5.14
5.088
0.304
2.556
0.628
2.388
2.96
2.768
2.696
1.26
3.792
3.308
3.224
0.78
7.444
6.308
0.812
0.316
1.372
2.628
3.644
0.768
1.02
3.2
1.06
0.612
0.628
1.296
8.208
0.248
2.728
2.764
0.712
2.624
0.708
0.304
2.08
3.156
3.892
1.936
3.852
1.36
3.328
0.772
1.012
4.124
0.952
2.752
2.16
1.044
0.436
2.608
1.288
4.956
1.052
5.144
0.876
2.836
2.304
0.252
2.04
6.164
2.16
3.372
0.344
0.736
10.096
0.496
0.212
0.232
2.2
0.408
0.732
0.832
2.612
7.148
2.456
1.684
1.068
2.516
10.868
8.324
0.476
0.416
2.144
0.32
0.22
3.504
1.86
4.228
1.04
5.852
8.04
0.28
1.356
1.492
0.948
1.228
0.412
8.584
2.688
2.66
3.584
1.632
0.264
0.38
2.184
0.872
0.956
0.24
2.196
0.272
1.884
0.768
1.668
0.408
1.64
1.504
1.056
0.572
4.884
4.132
3.632
0.64
3.088
4.964
0.292
0.536
2.364
1.812
1.744
4.216
2.256
2.896
10.116
4.328
5.38
0.416
0.34
10.252
7.604
0.46
1.48
3.092
10.404
4.548
1.068
2.14
0.356
0.608
0.328
1.232
7.368
10.264
4.22
3.452
0.852
1.824
7.532
0.264
4.688
1.028
0.16
9.96
0.336
1.06
1.82
1.88
1.224
8.352
3.048
0.548
9.188
0.204
0.952
3.752
7.52
1.644
7.832
9.796
2.572
0.184
2.732
0.924
4.268
0.344
0.444
1.768
1.628
2.876
3.444
0.416
1.976
0.648
1.496
0.328
0.388
2.496
0.656
1.148
0.504
3.52
4.78
6.564
2.632
1.74
0.296
2.032
5.808
3.74
2.296
3.468
10.112
4.644
0.492
6.024
1.756
6.0
0.88
2.392
2.936
1.936
2.78
7.94
0.716
0.176
3.208
1.148
2.688
2.96
4.764
0.744
4.636
0.356
1.248
0.588
0.54
0.268
4.508
9.892
1.088
0.42
0.6
0.376
10.176
0.56
7.14
2.372
2.668
1.996
0.508
3.032
2.9
8.344
0.884
0.576
2.596
0.384
0.572
3.432
1.276
4.232
8.192
0.488
2.436
0.66
0.776
0.828
3.2
5.748
7.392
1.108
0.26
8.596
2.124
1.08
1.688
9.28
2.196
1.516
7.168
1.468
1.396
10.644
4.044
2.876
0.372
0.432
3.068
2.648
4.096
0.22
3.072
8.18
3.312
1.544
3.564
1.056
2.128
4.66
2.128
1.264
0.868
0.328
1.756
10.564
0.648
4.0
2.84
2.464
6.7
0.364
4.948
0.24
0.98
0.416
0.26
1.04
1.732
0.78
0.784
6.844
0.296
2.512
1.172
2.248
5.436
4.008
3.476
8.148
0.228
3.988
2.272
0.352
2.476
0.164
2.232
1.512
2.196
4.436
3.4
10.2
0.448
1.032
3.316
3.364
1.396
9.904
0.568
0.764
0.312
0.164
6.348
1.184
0.2
3.116
0.972
1.324
2.42
3.536
0.3
1.404
0.984
1.992
0.636
2.004
6.364
3.452
6.036
2.816
0.664
1.008
10.156
2.548
0.988
4.704
1.736
3.224
3.736
1.32
0.536
10.152
3.132
1.96
1.308
3.932
4.556
1.876
0.54
5.816
2.828
7.452
6.196
4.252
1.092
0.3
0.856
1.908
3.376
1.26
0.564
1.044
3.396
2.392
1.88
3.776
1.388
6.684
9.46
2.056
3.656
0.2
5.408
0.364
4.188
5.96
0.3
4.116
3.212
3.576
1.112
0.596
0.928
1.356
4.232
9.16
5.084
6.744
0.304
4.728
1.364
2.184
0.196
2.52
3.548
1.168
1.02
9.864
0.248
2.948
3.972
1.028
0.46
0.74
1.48
3.116
0.348
1.392
3.452
0.196
1.24
1.012
2.404
3.432
1.396
1.84
2.332
2.14
1.412
3.704
2.652
0.54
0.652
0.52
0.204
1.312
1.584
0.628
4.184
3.316
1.448
1.42
0.292
2.692
1.588
0.968
0.64
0.192
0.892
1.86
0.248
2.272
4.328
0.96
3.0
0.284
1.132
1.244
1.136
0.66
0.152
5.996
1.276
4.432
0.62
0.564
0.632
3.86
3.8
1.012
5.76
1.272
1.352
1.128
0.496
8.428
0.82
0.772
0.56
0.288
1.264
4.624
1.952
3.508
3.576
3.76
0.668
0.848
0.92
3.88
3.328
0.256
0.488
10.464
3.184
2.248
5.56
3.132
0.324
10.648
0.284
5.064
0.36
2.776
0.412
2.988
0.58
1.144
5.628
0.264
0.296
1.676
5.788
1.148
2.756
0.6
0.744
4.092
0.74
0.176
1.36
0.196
9.644
1.548
2.2
1.04
6.408
0.636
0.352
3.288
0.564
0.804
4.076
0.444
0.992
0.748
2.324
0.212
1.764
9.124
0.96
0.876
0.764
10.448
5.696
0.532
1.564
0.348
2.492
4.024
0.364
5.2
0.316
1.032
2.732
2.96
3.372
1.46
1.836
0.164
0.364
5.212
1.38
2.664
1.16
2.988
1.128
0.66
1.236
1.016
1.476
2.264
0.596
0.384
1.192
1.448
0.524
0.256
8.892
3.292
1.548
3.036
0.908
0.2
10.968
0.84
5.624
6.652
1.664
10.736
0.404
1.128
2.204
6.808
0.492
8.06
2.748
5.64
2.052
1.584
0.268
3.804
0.412
0.42
6.368
7.436
0.54
0.984
0.7
0.78
0.456
6.012
4.992
1.96
6.188
5.0
0.732
1.128
2.696
9.404
0.46
1.32
1.424
0.628
6.032
1.396
1.076
1.212
1.908
0.992
4.512
1.044
0.46
2.62
3.48
2.084
4.0
3.144
1.288
3.884
0.384
0.348
0.456
0.636
1.232
9.56
5.456
1.428
1.776
1.156
2.6
0.716
3.052
2.564
0.512
1.076
5.752
4.308
0.308
0.404
6.792
0.988
6.616
2.668
2.956
2.592
2.324
8.168
2.92
2.816
2.284
8.448
3.084
1.216
7.992
2.248
4.188
6.228
8.392
0.592
0.392
0.38
2.68
3.5
2.276
8.332
0.34
1.044
1.832
10.9
0.396
0.76
1.068
3.512
2.636
1.632
1.496
1.216
0.788
1.824
0.188
2.932
0.384
9.684
6.312
2.332
2.256
5.572
2.0
4.312
0.212
8.7
3.46
2.484
3.076
1.628
1.18
4.936
0.708
1.296
0.164
1.844
6.94
2.228
5.076
5.216
0.728
1.484
6.504
1.044
1.172
0.264
4.748
7.808
1.092
1.212
3.136
8.764
0.304
5.68
1.136
2.348
5.092
2.44
2.288
5.108
2.504
5.452
0.708
2.028
6.552
9.196
3.168
6.228
1.768
1.424
6.0
0.724
10.816
1.696
2.988
6.288
8.5
3.716
3.18
2.868
1.108
3.636
1.28
2.82
1.86
1.568
6.36
5.852
1.224
2.3
1.724
0.304
0.524
0.516
3.424
0.612
3.268
4.196
4.132
3.796
5.42
1.748
3.128
0.26
7.684
9.816
3.2
0.292
0.684
0.488
3.88
1.184
1.496
10.496
2.7
3.712
0.204
5.12
6.216
0.4
0.6
8.432
2.276
4.144
6.388
10.936
1.176
8.244
5.496
9.22
0.496
1.816
1.292
0.592
3.48
0.332
7.512
0.44
0.34
0.82
1.156
2.016
1.256
2.468
0.268
4.892
7.336
3.376
3.056
0.828
5.976
0.636
3.716
0.42
1.812
3.66
0.656
0.356
1.348
0.916
0.728
0.588
3.828
0.284
11.076
0.216
6.0
0.524
0.896
0.504
3.58
1.42
2.488
0.94
0.968
0.576
2.956
0.672
0.828
6.044
0.832
2.556
4.72
7.988
2.152
1.952
5.028
2.192
1.32
2.104
1.724
1.752
5.528
8.916
6.404
8.972
2.988
1.604
0.916
0.528
0.196
0.836
0.152
2.596
0.748
2.88
0.476
6.156
0.916
3.092
0.372
4.052
1.696
5.536
0.76
0.228
7.86
0.652
0.56
5.928
0.276
2.024
1.864
1.096
0.228
1.74
1.572
2.148
1.68
0.932
4.38
3.148
6.204
3.704
0.38
2.544
7.632
3.912
7.804
2.22
3.996
0.868
5.336
0.604
2.112
5.824
0.292
0.368
3.068
4.184
0.716
9.0
2.4
2.076
0.34
3.924
7.468
1.176
0.176
1.956
3.5
6.964
1.068
1.896
6.348
0.84
1.664
4.272
0.756
0.856
2.656
3.16
1.44
1.152
3.864
0.456
1.152
1.96
1.476
2.88
1.532
4.536
1.86
0.912
6.528
1.732
1.38
1.66
1.972
2.644
4.004
2.48
2.972
3.652
4.856
4.196
1.272
1.324
0.572
2.644
1.328
0.46
3.244
1.8
4.456
1.624
7.732
0.156
1.56
2.836
0.44
2.864
1.224
6.396
1.492
1.392
0.96
3.876
5.428
0.552
2.248
4.64
2.808
3.532
0.588
0.28
0.476
8.224
2.1
0.272
4.688
1.048
0.948
0.292
2.724
9.368
5.388
2.52
2.832
0.632
1.012
2.556
1.632
1.212
3.44
1.0
0.248
5.388
8.116
0.808
0.204
10.756
5.908
2.932
1.828
10.924
0.164
3.456
7.96
1.992
0.408
1.424
5.352
0.292
3.268
0.256
1.976
0.908
0.456
0.736
4.064
2.664
3.54
0.32
2.184
1.54
10.98
2.844
0.992
0.78
3.024
7.768
0.528
4.528
2.788
0.62
1.576
0.32
3.148
1.848
4.74
1.028
1.056
1.668
1.868
1.0
3.26
8.148
1.108
0.42
0.56
1.624
0.456
2.564
1.144
1.292
0.208
2.488
3.952
2.64
0.184
0.856
2.16
5.86
0.224
1.872
0.776
3.92
2.836
0.452
2.452
1.824
1.272
3.028
8.956
2.096
8.192
1.304
5.764
1.824
1.268
6.256
4.396
0.3
2.604
7.056
7.036
5.596
3.38
8.032
0.42
4.8
5.672
2.028
2.532
11.072
2.52
1.064
1.016
1.224
3.488
0.216
2.268
5.06
1.408
0.2
0.44
1.156
3.048
3.36
0.148
1.388
3.012
0.7
1.048
4.92
1.24
2.392
1.528
0.816
4.988
4.848
1.616
4.772
1.504
1.112
0.224
3.44
8.912
5.48
0.22
2.696
0.192
3.132
0.5
10.088
1.452
1.284
1.628
5.628
1.832
1.492
1.608
9.276
1.22
10.836
3.264
3.224
3.768
2.228
1.136
1.012
8.076
0.844
3.18
2.468
1.416
2.196
4.508
1.956
1.104
2.572
7.04
3.188
0.416
4.508
8.504
1.384
4.968
7.604
3.372
0.444
7.268
0.24
0.828
4.152
4.816
8.06
2.712
6.496
0.624
0.508
9.08
1.924
7.352
8.428
1.464
1.66
2.144
1.096
2.964
0.356
6.984
1.312
2.612
0.652
0.772
0.384
0.928
6.752
1.528
1.08
0.436
11.124
3.02
1.096
4.152
8.112
1.304
2.212
1.72
0.28
5.588
4.592
4.144
0.42
4.48
4.848
2.336
0.844
0.492
3.832
3.228
3.42
4.372
3.572
0.548
7.684
10.124
2.384
0.444
1.04
2.268
1.104
1.372
0.944
0.504
2.216
3.64
1.528
7.58
1.056
8.86
1.988
10.46
2.392
2.412
10.504
5.256
0.284
1.72
3.776
0.216
2.188
1.152
2.48
8.888
1.696
1.764
2.032
9.576
1.476
0.884
5.324
9.268
9.776
0.28
1.756
1.12
0.32
10.888
7.8
7.228
9.784
4.0
3.376
0.576
2.004
0.992
6.552
1.056
2.524
1.056
1.02
6.736
1.72
0.584
4.24
4.032
3.072
3.48
0.204
0.596
1.172
0.308
0.696
6.732
0.184
1.344
0.248
2.576
1.888
1.424
0.848
0.552
0.688
0.836
6.248
4.364
3.928
0.588
0.308
0.46
4.492
0.332
0.596
2.024
0.588
1.18
1.584
6.244
2.388
5.808
0.556
2.244
3.148
10.092
1.124
0.728
1.656
2.664
2.484
2.52
0.332
0.576
1.032
4.468
1.32
1.692
1.676
2.668
2.324
0.512
5.528
0.32
0.724
0.32
1.864
1.136
2.468
2.172
7.364
5.48
1.344
1.996
1.444
2.596
0.504
3.148
0.628
4.092
3.02
0.792
3.108
1.504
5.952
0.788
0.628
3.472
1.064
1.088
0.948
5.932
4.224
8.504
2.424
3.068
4.116
1.172
6.532
4.804
9.732
5.116
1.848
0.744
4.324
2.728
1.764
0.6
3.876
0.888
0.832
0.72
8.924
9.816
2.744
0.688
3.66
3.384
2.024
3.392
2.664
1.22
1.14
7.528
2.124
6.604
5.028
5.22
1.4
1.444
0.504
2.144
8.256
4.716
1.388
1.184
1.592
1.448
1.124
1.568
1.212
6.592
3.456
3.9
0.84
1.092
5.3
8.88
1.688
2.392
1.024
6.468
0.244
10.308
0.668
1.196
10.572
0.412
4.868
0.348
2.428
6.18
1.612
1.32
1.2
8.38
2.192
0.168
1.448
0.672
5.072
1.592
3.656
5.156
4.46
3.932
1.984
1.016
1.332
1.044
4.636
4.448
5.748
0.98
4.6
0.716
1.064
0.576
3.012
2.716
0.216
1.1
1.524
4.508
1.948
0.392
0.432
9.908
6.264
0.312
0.316
2.288
3.96
0.584
1.812
1.296
2.032
3.608
2.26
0.688
5.98
2.6
0.328
7.944
1.26
5.612
1.1
1.064
1.704
5.668
0.74
0.852
5.74
4.504
4.452
3.704
0.616
2.34
2.856
2.188
1.72
0.528
0.164
8.256
0.312
1.188
1.008
0.688
1.976
6.044
0.168
3.244
0.772
8.1
0.22
1.04
8.884
0.924
4.612
0.208
0.556
0.464
1.624
1.824
0.796
0.896
8.54
0.84
1.9
2.376
1.532
7.432
4.032
7.012
0.444
3.696
1.416
4.028
0.5
0.924
2.552
0.32
4.304
0.38
1.184
2.736
4.46
3.632
0.24
7.476
1.968
7.344
0.928
3.092
3.3
1.272
1.192
1.244
2.856
3.12
1.864
0.736
0.384
3.428
1.492
0.204
0.528
0.648
1.156
1.644
3.76
4.008
1.06
0.572
0.856
1.016
1.02
2.472
6.468
0.536
0.912
1.804
2.132
4.204
2.172
0.276
1.008
0.292
4.08
6.264
0.496
1.288
1.38
0.892
1.284
1.248
2.956
3.424
10.012
1.284
0.224
3.672
1.008
5.22
7.928
1.724
5.1
3.32
7.796
7.224
4.828
0.292
4.18
7.116
3.6
8.3
8.056
3.496
0.692
3.016
6.192
3.072
1.484
0.26
0.384
0.332
2.036
2.772
7.648
4.536
6.868
0.244
4.74
8.84
0.636
4.288
0.332
3.668
2.508
1.344
7.524
1.412
4.312
8.596
6.156
1.676
0.236
2.108
1.128
2.888
1.84
3.024
6.824
0.296
3.18
2.008
6.676
0.208
1.3
1.172
1.184
0.98
1.848
8.392
1.88
0.204
5.152
4.704
1.456
0.192
3.596
8.58
4.184
6.844
1.464
3.048
0.428
4.524
0.764
2.792
0.572
4.16
2.972
2.048
10.604
1.068
7.708
4.9
1.644
2.14
6.728
1.388
1.66
4.936
1.464
1.848
2.584
3.96
0.664
3.964
0.716
1.576
2.812
7.02
1.216
7.304
0.376
0.868
2.368
2.332
0.164
3.396
1.488
1.088
9.476
1.944
3.6
3.048
0.92
3.708
2.716
0.504
0.684
0.18
8.444
1.62
0.836
4.408
2.596
1.628
5.572
0.464
1.8
2.9
9.708
2.572
1.564
1.212
2.908
0.244
0.472
0.524
1.984
0.58
2.604
0.24
3.12
2.268
1.716
0.416
0.612
0.936
0.74
0.328
1.412
0.704
0.22
0.516
3.16
2.608
0.992
0.948
4.616
4.56
0.728
5.712
0.832
5.452
1.848
3.372
3.916
0.98
1.876
0.72
7.792
1.78
0.264
8.748
1.156
0.296
0.524
5.256
2.196
0.16
5.372
2.688
2.732
0.708
1.804
1.068
6.66
0.936
5.032
0.612
0.228
0.784
3.408
2.404
3.472
0.872
2.552
3.32
1.844
3.58
2.792
0.684
2.152
0.396
9.4
6.016
0.7
4.416
4.492
0.34
1.38
0.684
1.26
3.268
6.016
0.864
0.328
1.772
7.308
1.1
1.02
2.224
3.396
7.204
1.832
0.712
0.568
7.668
0.772
0.324
1.592
5.224
1.808
2.5
2.564
3.068
0.212
1.36
0.732
0.84
0.856
0.372
0.644
3.7
8.868
0.588
0.72
3.74
8.524
0.516
2.372
2.968
2.372
0.476
5.552
2.544
1.176
4.568
1.12
1.5
2.124
0.832
1.424
1.08
1.592
5.276
0.988
2.12
2.74
9.204
1.804
5.8
0.804
1.272
1.74
1.42
0.924
2.36
1.232
1.16
10.452
4.76
1.116
1.024
0.772
3.216
2.248
2.04
7.632
0.444
0.748
1.476
0.244
2.792
0.464
10.064
4.304
1.3
6.5
0.184
1.06
1.46
1.516
1.936
1.9
0.536
0.868
4.856
0.832
1.652
1.34
0.396
0.58
1.316
9.376
1.032
0.204
3.272
2.2
1.9
5.792
3.224
0.744
0.724
4.76
0.236
6.42
4.672
1.4
0.244
0.74
1.64
7.084
0.34
2.892
0.544
4.632
1.36
1.808
0.724
1.692
1.672
5.832
3.716
0.54
1.504
2.804
9.552
2.212
3.256
3.216
0.64
2.712
0.476
0.512
1.76
5.584
2.984
4.588
0.316
9.372
2.912
1.78
3.056
1.492
1.564
2.54
5.132
0.748
0.808
0.212
1.156
1.06
0.772
0.968
3.552
0.86
2.944
3.172
0.208
0.864
0.316
4.496
0.92
0.612
4.408
2.484
1.176
0.468
9.556
9.648
1.788
6.284
0.224
1.56
0.412
8.608
3.072
4.508
1.528
1.696
1.14
1.104
0.52
3.076
2.948
2.116
0.22
1.32
4.132
0.316
2.916
7.932
2.76
4.048
5.712
6.676
2.972
1.272
1.172
1.9
10.688
7.12
4.38
6.012
4.168
4.208
0.176
0.612
0.384
2.26
0.716
1.44
0.46
0.144
2.336
3.092
1.764
0.792
8.196
0.804
0.64
1.652
1.316
1.332
6.064
0.96
7.772
4.536
1.892
0.456
7.08
0.8
2.26
0.324
0.648
1.788
1.828
1.396
1.284
2.12
0.588
6.636
7.188
2.092
0.616
0.436
4.448
5.404
3.844
2.7
7.248
3.032
0.156
4.38
2.588
1.392
0.44
1.06
1.312
9.436
5.452
1.668
1.176
0.82
0.392
10.528
1.904
1.416
1.54
0.712
0.32
1.052
1.84
0.3
2.588
1.256
9.28
0.632
1.952
1.12
0.616
4.036
2.084
2.224
10.256
1.32
1.952
5.98
0.376
1.44
8.9
0.388
0.696
1.476
0.148
2.32
9.088
4.304
0.96
1.364
1.656
5.144
1.668
0.664
1.724
0.284
3.68
0.728
4.224
4.464
2.016
1.932
6.724
3.02
8.608
4.004
1.412
0.324
2.128
6.1
3.616
3.912
1.372
1.2
3.388
1.052
1.464
6.184
0.856
1.368
3.784
6.916
10.924
1.144
2.98
2.912
4.608
0.46
6.228
2.888
0.58
0.552
2.292
2.712
3.74
0.924
0.9
0.52
1.812
4.308
0.576
0.176
4.02
0.236
8.756
2.116
0.224
0.636
3.684
2.356
0.152
4.924
1.232
0.636
7.184
3.084
0.84
4.188
8.564
3.3
5.064
4.044
0.752
4.696
2.292
4.516
3.42
6.724
2.616
1.816
0.268
3.408
0.592
0.392
9.744
1.18
3.952
8.164
2.152
3.956
0.912
1.14
2.46
4.744
3.26
1.596
9.04
2.524
2.66
1.108
0.312
0.356
1.244
0.256
5.884
2.112
0.248
2.856
4.088
1.492
2.704
2.084
3.796
6.552
1.052
1.5
0.268
0.364
2.288
1.388
0.16
2.744
0.792
1.98
1.048
0.328
3.52
3.036
3.02
3.344
6.476
0.568
1.94
1.12
0.56
1.044
5.092
0.596
2.56
3.8
1.364
2.892
2.032
4.516
0.664
5.964
1.54
0.216
4.772
1.628
0.604
0.236
5.7
3.992
2.0
1.392
8.816
8.6
1.148
1.62
1.612
1.024
3.828
0.548
2.072
2.088
5.368
3.12
1.692
9.812
0.184
1.02
0.196
0.556
4.012
0.948
1.684
8.632
7.936
3.804
0.332
9.216
4.204
0.872
1.872
5.512
1.476
3.1
2.116
2.248
8.624
8.236
0.54
2.308
0.228
1.804
0.588
4.892
0.56
4.008
10.164
1.372
5.068
2.648
1.82
3.992
0.604
2.352
2.164
0.42
0.396
0.52
8.632
3.656
0.764
3.176
1.364
4.344
3.288
2.488
1.592
7.164
1.068
4.44
10.596
0.372
2.096
3.08
2.832
0.628
1.892
0.332
0.416
2.144
10.896
2.684
0.452
1.308
0.9
7.808
0.58
4.436
1.396
0.568
2.2
0.592
2.104
0.524
1.584
1.836
9.728
2.992
4.432
0.98
1.492
0.744
1.496
3.708
3.104
0.672
0.74
3.108
1.236
1.308
7.376
2.668
1.16
1.548
0.58
4.364
4.22
0.276
1.028
1.98
0.208
1.256
0.264
0.796
8.088
0.432
0.392
3.872
2.572
2.576
1.3
5.596
1.788
1.532
2.828
0.252
0.424
2.208
0.8
2.02
1.664
8.56
0.248
1.752
0.808
1.232
4.168
0.644
0.912
2.416
3.164
0.264
0.62
0.796
3.896
1.784
5.028
5.736
0.572
3.884
0.264
0.204
2.752
6.776
10.74
6.812
2.188
0.536
1.228
0.488
1.08
0.32
1.508
10.676
0.2
0.528
0.424
0.624
4.024
4.352
10.8
2.256
2.732
0.98
0.56
1.492
4.544
0.216
3.968
2.652
1.284
5.568
6.3
0.512
2.024
2.34
0.856
7.544
0.212
1.7
3.044
1.404
1.072
7.436
1.184
3.94
0.248
5.136
0.876
5.936
0.384
1.58
1.72
2.088
3.712
2.52
0.532
4.552
2.176
0.644
2.868
1.516
4.18
1.676
1.412
2.26
2.372
0.664
3.212
2.468
1.788
1.744
1.136
2.18
3.876
0.596
0.756
0.168
0.344
3.848
5.86
0.188
4.46
2.72
0.224
2.316
4.916
0.64
6.072
3.616
3.204
2.348
1.2
0.256
7.952
1.82
0.696
1.084
2.676
2.96
2.244
5.54
0.484
0.284
1.556
7.056
0.6
1.916
2.424
5.284
1.316
1.22
3.188
1.212
0.728
2.468
0.296
0.972
1.224
1.448
3.428
0.384
4.688
0.428
3.096
3.992
1.924
2.144
0.22
2.12
1.752
0.724
5.232
9.476
7.368
0.94
5.4
2.004
7.74
0.408
0.592
0.536
10.064
0.976
0.548
0.684
1.036
2.036
1.272
0.976
2.128
6.572
4.932
2.892
6.552
5.092
5.112
6.732
1.52
3.964
1.956
1.148
9.216
1.828
5.172
1.04
4.48
2.744
3.204
0.508
5.056
0.46
2.58
0.664
7.056
3.78
0.5
8.856
1.984
1.332
7.984
0.252
2.5
2.296
0.488
0.388
1.32
4.628
1.78
7.212
8.236
0.52
1.228
0.292
1.5
0.736
0.292
1.868
8.528
0.856
0.34
0.328
9.472
0.936
1.924
0.276
8.228
1.996
0.584
8.564
1.404
0.772
1.496
3.768
2.796
2.748
4.872
8.176
0.708
0.6
2.596
0.292
0.436
1.648
2.492
2.016
3.856
0.164
7.472
4.144
1.264
2.172
9.256
10.628
3.14
1.376
0.864
7.82
0.408
1.104
0.64
0.944
5.86
2.196
0.8
5.28
0.852
1.264
0.444
0.2
0.312
1.716
6.148
0.248
3.196
0.492
2.284
0.46
1.732
3.076
2.276
0.892
5.308
1.244
1.276
2.456
0.36
2.156
3.884
1.772
0.32
0.468
5.044
2.692
0.568
4.804
0.548
0.776
2.412
5.608
9.032
5.132
1.912
1.628
1.38
2.92
0.84
7.864
1.312
4.672
1.212
2.52
0.308
2.432
5.964
1.4
0.292
1.152
1.392
4.568
3.216
4.616
1.0
9.156
2.204
1.0
0.528
0.828
0.508
2.904
7.028
5.408
7.764
0.696
4.004
9.72
1.076
2.82
4.068
1.504
0.732
1.728
1.568
2.444
0.148
2.48
8.552
0.4
6.476
0.672
2.7
2.068
0.356
1.012
2.944
0.496
3.704
0.524
0.352
2.928
1.872
1.476
2.18
0.544
11.052
0.584
1.424
5.04
0.46
8.276
5.332
4.568
3.124
0.272
0.188
1.344
0.86
5.028
3.248
3.844
0.94
2.244
0.212
0.924
0.416
1.584
4.9
2.968
1.028
1.768
1.012
0.3
0.524
0.596
4.436
1.228
1.932
0.36
5.856
5.132
0.98
2.076
2.332
0.876
6.296
9.632
1.16
2.312
0.608
2.432
7.888
1.116
1.872
2.836
1.284
3.192
0.3
1.996
5.676
0.264
5.788
2.712
4.048
3.188
0.276
4.676
1.932
3.084
0.32
12.052
5.752
5.176
0.648
0.824
1.508
0.952
1.008
1.648
2.836
3.864
3.808
0.488
1.288
5.612
0.816
1.216
1.04
11.056
5.728
0.504
1.764
1.172
1.28
1.828
0.244
3.368
6.572
9.668
1.848
4.112
6.376
0.896
2.012
0.384
1.284
3.048
2.132
4.228
5.112
4.308
2.708
2.636
10.068
1.788
1.248
2.884
0.432
2.704
0.244
0.304
1.592
2.856
4.372
0.796
6.348
1.924
3.252
0.228
3.624
4.3
8.792
6.472
8.592
7.864
0.736
4.404
1.208
3.804
4.104
7.32
1.02
1.06
3.24
1.748
7.648
0.772
3.472
0.248
2.408
4.208
2.288
2.216
2.224
2.932
3.752
0.812
5.764
1.556
0.832
7.584
5.936
0.164
1.42
0.428
3.132
0.204
7.988
1.52
0.48
2.424
8.596
1.492
0.472
2.52
10.192
2.048
1.472
0.556
0.152
6.152
1.556
0.176
0.608
3.412
3.672
3.724
0.184
4.44
2.284
0.844
0.324
8.204
6.968
6.556
2.064
0.372
4.732
3.344
1.78
9.764
0.372
2.584
1.296
0.684
0.864
3.272
1.644
5.936
5.896
5.032
2.784
4.312
2.264
0.22
0.2
4.84
1.452
5.184
1.0
5.284
4.776
0.84
4.064
0.244
3.6
1.384
4.792
1.732
0.396
0.572
5.96
0.956
0.412
0.596
4.148
3.164
3.208
7.68
1.92
2.352
2.212
1.508
1.384
0.548
8.516
3.208
1.1
5.86
0.292
3.804
7.588
3.372
0.608
10.428
1.552
0.468
1.576
0.352
2.512
0.688
4.08
1.372
1.164
3.908
2.516
0.404
9.684
9.02
4.184
0.68
2.308
1.552
3.856
2.132
0.728
2.8
0.992
0.868
5.828
3.748
9.152
9.548
4.096
1.048
1.62
6.668
0.392
2.2
4.74
0.416
5.108
2.912
3.56
0.24
2.084
1.92
1.632
6.152
4.964
3.212
1.388
1.224
1.752
6.924
8.048
4.708
1.02
4.116
0.336
0.512
0.236
3.836
1.068
6.296
0.68
2.692
4.74
4.736
4.624
0.908
1.928
6.26
2.648
1.268
0.224
2.068
0.896
1.268
0.984
0.228
4.224
11.048
0.288
4.208
7.936
0.656
0.524
0.452
0.408
0.524
1.472
0.396
0.508
1.312
2.716
0.552
0.72
1.248
0.456
0.388
4.444
10.572
2.492
0.912
1.492
0.448
0.996
1.452
1.512
4.272
2.672
1.072
0.932
0.288
1.316
1.156
1.828
0.384
3.4
1.7
2.724
6.784
2.728
1.048
1.808
1.476
10.644
8.46
1.428
2.08
4.364
2.756
1.968
0.66
0.988
3.684
6.028
3.992
0.612
2.528
1.744
9.74
10.444
0.512
10.228
3.424
2.796
0.34
2.624
4.444
10.436
0.492
6.048
2.308
3.336
1.78
3.696
1.804
1.304
1.576
0.84
3.188
2.264
3.568
2.06
4.976
1.78
0.416
10.464
2.156
0.564
1.896
1.756
4.24
2.204
0.264
0.38
0.544
1.148
0.82
3.684
1.464
1.784
2.34
1.328
0.64
2.724
1.648
5.932
3.44
3.384
3.424
1.696
0.32
0.328
0.48
7.152
0.192
0.644
0.38
7.26
0.184
5.84
1.904
3.408
4.892
0.26
1.532
0.644
3.616
0.696
8.364
1.008
1.104
0.412
0.596
4.82
5.028
6.044
0.532
1.004
4.408
0.332
1.416
2.804
4.888
1.28
4.832
0.472
1.256
3.208
1.472
0.612
0.68
1.176
0.792
3.252
4.72
0.656
2.32
4.58
0.264
1.56
1.972
3.188
3.452
3.08
0.44
6.008
3.532
2.136
0.52
1.696
7.392
2.464
2.924
5.504
0.816
4.244
1.46
1.2
4.944
1.776
10.596
4.736
4.844
0.636
0.808
1.96
1.972
0.232
2.612
1.016
3.072
1.452
4.98
3.676
1.936
2.48
0.88
1.016
0.192
2.116
8.86
2.524
2.676
8.108
0.928
4.108
2.248
0.156
0.756
2.2
2.18
0.36
1.868
2.54
0.224
0.28
0.844
8.608
0.46
3.572
2.08
4.364
6.996
2.552
4.02
0.576
1.22
8.6
0.496
0.416
1.22
0.9
0.932
0.18
1.832
1.42
1.876
0.876
4.448
1.788
1.16
5.772
4.104
0.604
2.04
1.96
0.72
0.544
0.468
0.94
2.292
0.388
0.876
0.356
0.348
0.428
0.352
0.964
0.56
2.108
0.848
0.916
8.624
1.784
8.292
6.908
0.756
6.384
3.724
0.968
1.476
6.148
2.14
0.504
2.108
2.312
1.84
0.352
3.984
3.704
4.004
0.168
0.436
0.356
0.796
1.892
3.244
0.216
0.392
1.164
0.912
3.248
0.504
3.668
1.044
2.016
5.552
1.772
8.848
1.508
0.444
3.48
0.204
2.048
0.948
5.652
0.588
0.664
0.32
0.484
2.472
2.128
7.132
0.272
0.92
7.372
0.284
3.348
4.492
0.648
4.284
0.66
1.572
0.948
1.7
6.78
5.36
2.744
2.216
0.804
0.668
3.852
0.336
3.272
0.196
0.34
0.452
8.468
1.204
0.36
2.796
6.396
1.032
0.204
2.324
1.856
1.608
0.204
1.44
8.46
0.76
1.104
3.636
4.208
4.82
0.796
2.568
2.612
1.276
1.416
2.48
1.508
0.884
3.764
0.192
1.872
0.412
0.46
2.712
1.228
0.956
4.932
5.696
0.712
0.876
2.704
5.872
10.532
10.984
1.128
3.392
0.776
0.736
7.312
4.504
0.42
0.936
1.936
0.468
0.892
0.356
2.948
5.436
0.948
1.72
0.456
1.728
4.58
1.772
4.932
0.296
0.74
0.576
1.136
3.056
2.524
0.204
1.996
1.324
2.468
4.94
2.244
10.368
3.784
3.916
0.7
3.232
0.548
1.296
1.976
6.616
6.744
0.724
0.156
0.908
1.284
1.812
1.156
0.204
3.816
6.576
4.144
0.6
2.228
0.688
6.692
1.732
2.908
5.592
0.756
2.624
1.048
0.416
0.608
11.012
6.2
3.22
6.54
0.176
2.196
0.88
0.612
0.172
5.876
10.972
7.856
2.852
1.704
0.22
10.644
1.464
0.588
0.628
8.728
0.888
3.024
0.28
2.988
1.856
3.064
3.432
6.436
2.304
0.94
1.876
2.864
0.62
0.296
4.576
5.348
3.256
6.256
1.0
0.964
2.636
0.7
1.62
5.44
0.748
0.608
3.472
1.38
6.648
9.336
0.676
3.044
2.936
0.352
9.824
0.432
1.02
4.152
4.616
1.228
2.08
3.468
3.68
2.432
2.004
0.308
0.36
0.884
7.66
0.732
0.684
0.344
0.328
7.252
0.944
0.628
0.412
2.752
1.828
1.652
2.336
0.236
0.4
4.94
0.636
2.052
0.712
2.632
2.716
1.304
2.528
1.956
10.712
0.424
0.592
1.232
4.216
0.704
0.708
5.676
2.264
0.176
0.876
1.38
3.052
1.0
0.264
2.024
3.38
0.32
0.284
1.66
2.46
1.736
7.048
3.136
2.604
1.108
0.656
10.748
0.608
4.708
0.388
1.452
0.492
0.98
3.732
6.212
2.532
0.216
9.224
1.252
2.208
3.396
1.108
0.556
0.464
2.396
1.408
0.42
3.424
0.604
1.064
1.388
3.272
1.508
2.192
4.664
2.448
2.188
3.652
0.152
1.044
0.208
2.736
2.22
2.16
1.34
0.28
0.368
0.172
2.088
4.596
4.56
1.396
0.248
0.26
6.804
0.828
6.612
0.228
3.264
0.488
6.432
4.112
0.18
0.636
7.852
1.392
1.332
4.724
2.372
1.528
3.96
6.284
0.98
5.96
0.976
6.692
4.436
8.86
0.644
8.984
0.62
0.808
0.972
0.648
0.46
0.664
1.372
5.688
2.1
0.624
2.636
0.312
9.408
2.788
1.012
1.428
5.164
1.096
3.864
3.948
0.62
0.604
0.436
3.388
2.944
4.2
5.244
0.604
4.08
8.244
0.696
4.396
10.456
0.212
1.948
2.308
0.304
1.2
0.6
8.156
1.872
4.644
1.076
0.564
1.656
1.588
4.124
4.248
1.424
0.608
2.248
2.952
1.684
1.224
1.952
8.94
6.5
6.2
1.64
1.608
2.844
8.968
3.668
0.672
0.952
2.436
5.648
0.944
3.6
4.716
1.408
1.44
0.816
0.196
4.84
0.676
3.588
2.436
3.56
0.988
1.408
1.332
1.192
0.408
1.2
1.164
2.064
0.408
2.612
1.292
0.252
1.536
1.692
0.736
6.884
0.968
0.508
3.572
0.732
3.06
0.496
0.732
0.712
0.532
5.368
0.212
0.328
0.788
4.784
0.824
6.728
2.988
1.824
4.112
1.032
0.232
5.18
1.632
8.896
1.4
1.624
1.168
2.972
10.076
0.84
0.184
5.772
5.808
1.728
8.984
4.524
6.784
1.424
6.168
2.412
6.244
1.376
2.272
1.348
0.48
0.708
0.572
5.372
1.432
1.736
8.764
0.172
0.24
1.8
1.6
9.6
1.596
7.248
1.076
3.656
0.804
1.2
3.388
3.356
5.048
1.776
0.528
4.416
0.464
1.504
1.296
0.356
1.092
3.28
0.788
0.296
6.368
4.004
0.616
7.084
3.992
2.944
0.264
2.096
7.256
0.692
2.0
0.672
4.636
2.656
4.172
1.932
2.544
0.608
0.316
1.836
0.604
1.148
3.5
0.484
4.084
2.176
0.756
0.492
1.112
2.512
5.408
0.46
2.54
1.024
2.156
1.14
0.888
4.696
1.052
1.412
1.5
0.796
1.468
2.068
4.604
0.216
0.88
3.572
0.472
1.244
4.848
1.548
1.016
2.028
2.256
1.148
3.596
0.196
3.296
1.784
2.308
3.244
2.824
8.1
1.464
0.64
0.504
3.924
1.024
0.928
1.58
0.384
6.112
0.248
9.672
3.224
7.284
1.044
3.728
1.672
2.552
0.876
3.844
1.344
0.968
3.96
6.044
0.4
2.536
9.692
0.552
1.416
1.088
1.064
5.392
0.624
0.964
3.176
0.28
8.484
0.308
7.532
1.58
3.272
1.544
0.668
4.044
2.152
3.592
1.584
2.148
1.792
1.788
3.096
4.708
7.892
2.448
4.392
1.992
1.228
0.94
8.688
7.744
0.904
3.156
5.5
1.796
9.996
1.408
1.436
0.212
6.252
3.264
4.484
0.304
0.76
2.224
0.364
1.324
5.416
3.336
3.808
2.324
1.548
3.144
4.884
1.132
10.508
3.876
1.064
1.708
1.94
1.652
8.984
0.616
2.36
0.408
4.088
2.636
0.812
0.552
1.272
1.8
5.252
1.224
2.46
2.828
1.788
6.376
4.368
3.684
0.372
0.988
0.472
3.68
0.292
0.452
0.224
3.04
4.756
0.692
0.896
1.288
3.068
2.756
0.836
4.084
1.14
3.664
0.488
1.216
5.948
3.7
0.328
4.516
2.076
11.028
4.724
3.148
2.056
0.184
3.248
5.956
4.388
1.824
4.948
8.4
1.576
1.376
8.38
0.896
0.628
4.716
0.86
2.544
2.98
1.032
8.892
1.784
4.864
0.392
0.992
0.172
1.888
1.768
5.368
4.428
10.264
0.18
0.184
0.212
1.192
0.576
0.412
4.096
0.956
1.076
3.968
4.164
7.716
2.012
10.8
4.172
6.908
0.4
0.804
2.084
3.236
0.356
0.444
7.004
1.26
1.228
1.632
4.572
2.304
0.36
2.844
0.86
3.4
3.572
0.748
1.436
8.396
3.76
6.92
0.292
1.896
0.78
9.892
6.808
2.164
5.964
3.864
7.688
8.788
0.372
0.54
1.252
2.344
3.244
10.128
3.184
1.088
2.908
1.048
0.668
0.728
0.392
0.312
2.764
1.248
9.228
1.016
1.312
0.748
6.828
1.204
0.364
2.452
3.16
0.172
1.016
0.696
1.552
1.204
2.228
7.072
4.624
1.808
2.64
0.904
4.08
0.908
5.56
6.892
0.968
1.416
5.6
4.62
2.62
0.4
0.304
3.904
0.524
0.576
0.416
1.672
2.164
2.184
0.756
3.204
0.72
1.912
2.06
1.104
4.984
0.856
0.448
0.38
0.364
3.9
0.988
1.82
4.588
6.432
3.332
0.576
0.744
0.668
0.164
5.808
8.36
0.152
0.504
0.716
6.316
1.984
1.588
2.416
2.84
3.94
1.672
7.636
2.3
1.804
2.46
0.608
0.224
0.616
5.688
4.06
2.488
2.596
3.16
7.58
0.428
10.108
0.912
0.556
1.204
4.392
2.932
2.3
0.752
0.532
8.088
2.304
4.872
4.176
1.344
1.76
2.128
0.62
2.976
0.616
5.324
2.148
0.88
1.816
3.036
7.18
0.86
0.332
3.9
0.148
6.716
0.448
0.5
4.764
0.456
4.42
0.296
0.556
1.296
0.208
2.272
0.632
3.24
3.728
1.036
3.308
1.084
5.12
2.38
1.692
6.272
2.572
0.36
4.248
1.192
0.992
2.792
3.056
1.496
1.096
4.536
1.932
0.232
0.432
0.548
3.268
0.512
2.38
0.172
8.592
1.7
0.324
1.62
3.78
5.992
4.172
3.868
1.98
1.956
2.764
3.284
1.832
10.784
0.996
3.276
4.672
9.608
0.412
1.264
0.176
9.964
4.664
1.496
2.796
9.836
2.868
5.94
0.96
2.272
5.268
2.056
9.96
0.732
3.836
1.684
1.46
8.516
2.016
1.656
2.088
0.428
1.192
0.436
0.916
0.988
1.116
0.712
4.48
7.708
2.684
0.436
0.728
2.508
0.504
0.664
0.6
0.98
4.04
1.624
1.004
5.748
0.36
0.7
2.852
0.548
0.204
1.84
0.648
2.508
6.236
2.688
0.388
0.948
1.096
1.472
0.748
0.48
4.576
4.704
2.228
2.968
9.3
1.74
7.06
0.2
5.992
0.888
1.296
0.18
0.656
3.02
1.528
10.476
0.24
1.804
0.564
1.184
5.532
0.724
0.328
0.232
0.628
2.044
0.98
0.58
2.004
0.6
1.824
1.424
2.624
2.148
2.02
1.612
0.888
2.136
3.424
4.652
5.748
2.284
0.416
0.192
1.94
1.844
5.316
6.076
2.072
3.832
2.736
4.6
0.728
0.304
0.716
0.96
1.232
4.336
1.264
1.524
2.2
0.528
1.488
1.456
3.556
8.964
3.888
3.364
2.76
1.852
4.996
0.636
4.864
1.256
2.16
3.24
0.492
0.284
1.376
0.232
3.968
2.352
0.504
1.432
10.424
2.188
3.084
4.336
2.792
1.368
0.224
4.448
7.292
0.792
5.252
3.08
1.648
0.5
1.32
4.16
2.188
1.532
0.288
2.532
0.704
2.5
0.332
1.268
2.06
1.492
4.736
0.8
2.912
1.172
0.212
7.308
1.216
1.26
0.356
0.932
2.044
6.556
7.492
1.356
1.556
1.248
7.912
8.188
7.332
0.416
1.068
1.148
2.736
1.448
3.016
1.624
4.288
1.4
9.256
4.144
0.716
1.548
1.72
0.768
5.056
9.328
4.084
5.928
9.704
1.696
1.196
0.26
0.352
4.396
1.68
3.304
1.864
0.384
1.896
1.128
1.056
1.012
4.424
0.16
0.444
5.288
2.516
3.216
3.564
3.4
1.328
4.108
5.18
3.224
2.7
1.044
0.468
0.168
0.728
2.672
10.82
0.248
4.504
1.06
0.364
1.184
5.696
2.384
1.26
7.9
0.796
1.956
0.328
2.224
3.32
0.556
2.696
3.972
5.992
0.168
1.612
0.488
0.72
0.944
6.868
3.248
5.756
1.604
2.376
0.276
0.232
4.98
3.928
3.996
6.24
1.556
0.476
1.164
3.152
5.124
1.244
3.728
3.768
3.212
0.524
0.636
0.784
2.48
0.32
0.168
1.54
4.532
5.424
2.18
2.768
2.244
1.42
0.808
0.8
0.212
4.504
1.908
0.504
0.728
2.14
6.02
1.632
1.472
2.312
1.724
5.896
1.6
0.612
1.508
0.244
0.256
0.42
4.884
2.772
2.2
2.3
0.236
1.988
1.064
8.872
4.028
0.912
2.34
0.428
2.408
3.76
0.836
0.524
0.324
0.576
2.908
0.944
7.88
2.484
0.2
4.916
0.396
1.856
5.064
0.964
0.748
3.82
2.364
0.376
1.712
1.952
0.46
1.756
0.16
0.26
1.408
4.228
0.696
3.548
0.704
2.012
3.908
0.508
0.296
8.588
3.248
2.696
7.824
0.32
0.408
1.252
2.832
1.312
4.436
2.092
2.388
5.988
0.2
2.004
2.436
1.692
2.216
2.7
1.796
1.672
1.376
3.112
6.024
5.584
4.476
6.876
0.28
4.256
9.34
6.968
1.864
1.74
1.564
5.496
5.176
2.092
4.316
2.704
1.0
1.756
1.62
0.628
5.516
1.972
2.128
4.16
5.884
0.72
2.312
0.448
2.204
0.712
3.14
4.616
0.428
0.992
10.472
1.556
1.62
2.108
6.46
0.82
4.232
10.504
3.136
0.76
0.256
1.18
6.144
2.7
1.304
0.532
0.844
1.12
0.164
0.952
0.644
3.76
0.472
3.944
10.58
0.372
0.604
2.028
1.052
0.616
3.52
0.372
0.936
4.412
3.048
1.12
5.904
0.404
3.588
0.684
2.016
0.464
5.264
5.344
0.632
3.92
2.472
0.712
1.272
2.084
4.344
0.572
2.324
0.876
0.368
3.956
5.476
2.26
4.248
0.676
0.832
9.936
5.252
5.164
0.828
1.772
8.748
3.388
3.184
1.292
9.36
0.28
1.296
0.172
1.996
4.916
5.888
0.452
4.288
1.84
0.248
2.576
1.264
0.688
0.66
0.5
7.788
3.672
0.816
6.38
0.308
1.108
0.204
0.272
0.216
0.196
0.748
1.572
10.544
10.06
4.772
0.188
3.976
0.296
0.352
4.26
4.228
7.568
4.796
2.068
0.752
1.308
3.904
0.956
1.356
0.92
5.224
4.312
5.828
1.104
10.916
1.252
3.984
0.476
4.84
1.2
8.328
3.744
6.92
7.496
0.688
1.412
2.54
3.412
4.012
1.136
0.876
0.412
1.28
0.292
7.332
1.8
2.48
0.528
0.376
0.884
3.66
3.624
2.604
0.408
2.032
1.048
7.856
9.672
0.56
0.64
1.788
2.348
3.796
1.976
0.896
6.012
2.14
2.72
2.604
0.368
2.544
0.912
1.084
0.836
1.636
5.24
2.412
2.888
3.432
3.788
1.196
4.036
8.108
0.316
2.412
6.452
1.164
2.744
8.464
0.384
3.316
0.968
2.7
7.644
1.12
0.652
1.624
0.472
0.788
0.28
4.212
5.104
4.008
3.436
6.352
0.44
2.248
3.448
1.08
2.148
0.4
1.28
1.092
3.74
4.26
0.804
3.68
4.22
0.884
2.86
2.672
7.496
2.3
4.904
3.544
7.796
11.048
0.8
1.768
0.572
0.576
0.46
2.044
0.568
2.412
5.516
0.244
9.084
0.7
3.668
11.064
4.844
2.792
0.22
8.772
4.364
1.244
4.908
3.056
9.056
2.472
3.396
1.656
2.092
0.612
4.832
2.712
3.836
0.188
3.7
1.868
1.576
8.088
3.528
1.536
0.756
1.028
1.128
10.964
2.964
0.68
1.524
5.08
2.388
3.556
0.828
0.652
0.812
3.624
0.852
1.972
2.144
0.264
0.832
2.504
3.472
1.268
6.664
2.056
3.984
2.116
0.328
1.736
1.74
0.212
0.424
0.736
1.56
10.612
0.816
0.736
0.604
3.556
8.256
0.756
4.284
2.456
0.516
7.932
1.62
0.324
10.612
1.816
3.328
1.772
0.224
1.808
3.988
0.608
0.26
1.248
0.36
2.572
1.684
4.128
5.188
0.172
8.972
7.508
1.4
3.66
1.756
0.896
6.076
1.968
0.88
1.88
0.316
2.416
0.84
4.832
8.064
2.948
0.728
4.604
0.556
3.976
5.86
6.332
1.348
4.5
1.18
3.696
1.056
2.536
9.172
5.772
6.78
4.284
0.676
5.388
5.452
0.792
1.292
0.16
0.84
1.72
0.564
5.8
1.868
1.18
3.164
0.208
2.492
0.544
0.86
2.148
3.932
0.26
0.624
1.66
0.472
1.552
1.088
3.664
0.368
10.372
1.148
1.232
2.476
0.224
0.684
5.132
0.532
0.164
5.292
8.768
0.5
1.196
1.932
4.856
0.484
0.68
0.188
1.32
1.204
0.676
1.94
3.156
2.316
0.244
2.616
0.268
3.744
0.756
1.272
0.388
5.116
3.384
0.352
7.456
2.436
1.656
4.292
1.604
0.776
0.772
2.276
1.912
6.272
0.148
2.536
7.624
0.344
5.74
1.188
2.524
0.176
2.832
1.508
8.48
1.472
0.952
4.536
2.36
0.356
1.2
10.912
1.156
2.524
0.52
0.832
2.788
0.56
5.112
7.132
0.564
0.696
4.188
7.724
8.904
0.992
2.168
2.252
0.576
2.712
8.404
2.004
7.48
1.408
0.228
4.584
0.284
2.36
10.148
2.088
3.476
2.864
1.76
0.164
2.644
1.544
0.944
1.156
1.52
0.564
2.488
1.96
1.492
4.168
5.668
0.156
3.912
0.556
1.536
2.26
2.992
0.604
1.748
3.692
8.3
2.812
2.292
0.3
0.76
4.88
0.248
0.16
7.18
1.408
3.44
3.164
1.92
2.112
2.588
2.796
7.96
2.596
0.24
9.856
1.412
0.16
7.96
2.156
5.228
0.936
4.352
4.252
1.676
2.656
3.188
0.688
3.0
9.584
3.232
0.936
0.36
0.696
0.692
0.852
1.816
0.668
0.764
7.884
0.688
2.284
3.044
3.892
1.488
2.24
9.956
1.028
0.912
5.468
1.156
0.704
2.752
1.42
0.996
0.804
6.472
1.828
0.56
2.192
8.48
0.152
0.656
3.272
4.684
10.192
1.276
0.864
2.896
6.128
6.756
3.736
5.68
1.24
2.308
0.224
2.072
0.968
1.2
1.544
0.408
5.4
6.216
0.632
1.584
0.364
3.76
2.332
1.848
6.984
3.524
0.936
7.392
1.66
8.516
0.74
3.676
4.088
3.1
0.956
9.328
4.06
1.868
5.984
0.884
0.452
2.42
0.196
0.316
6.428
1.68
2.752
0.188
9.836
0.784
1.452
4.364
0.884
1.968
1.312
0.164
1.748
0.204
0.216
7.304
0.552
1.16
2.852
0.428
3.832
1.284
1.16
0.284
1.008
1.096
0.832
1.8
1.44
0.412
0.344
7.848
2.128
2.532
1.372
4.116
0.152
3.504
1.392
3.812
2.524
1.572
0.964
7.82
0.628
0.54
8.484
0.38
2.02
0.636
0.488
1.268
1.292
2.148
2.388
2.268
10.644
2.72
2.556
1.46
0.396
1.708
1.0
0.356
0.576
0.372
2.428
1.664
1.208
8.848
1.98
2.62
0.828
2.028
1.68
0.604
0.284
0.388
2.172
1.304
6.5
1.828
1.744
2.684
1.896
1.552
0.532
0.552
0.448
1.528
0.2
0.204
6.068
4.664
4.82
2.312
0.416
2.056
1.248
1.624
4.304
10.728
0.572
1.352
5.072
2.308
5.436
5.464
1.54
0.776
2.448
5.948
2.896
0.38
5.0
0.428
6.14
3.9
1.552
3.352
1.392
8.488
0.564
0.98
2.4
0.668
2.36
2.708
5.628
0.996
2.732
3.164
11.004
1.712
2.692
2.3
0.288
0.352
0.328
0.204
0.544
0.296
3.096
1.696
5.272
9.828
0.492
2.144
1.656
0.804
0.74
2.996
1.624
1.392
6.628
3.44
0.768
3.636
3.384
1.856
1.072
1.052
4.46
7.956
9.268
1.904
2.844
2.572
1.544
0.92
1.416
2.028
0.54
0.804
9.856
0.98
0.348
2.164
1.692
2.504
4.524
6.56
10.856
9.428
0.44
1.184
0.716
4.844
1.112
1.628
4.784
1.456
1.444
0.752
0.588
2.724
2.048
0.716
6.144
0.844
4.108
7.176
0.856
1.632
1.072
4.404
0.392
1.096
8.652
2.02
0.692
0.428
1.6
0.516
3.076
0.672
0.764
0.636
0.464
1.12
8.392
3.212
1.456
7.612
0.188
0.476
1.404
6.62
0.68
1.764
1.948
4.26
7.624
0.352
10.676
3.484
4.616
1.996
1.052
10.144
1.528
0.568
1.096
1.688
2.54
0.232
1.204
1.112
1.84
0.512
0.368
3.888
2.996
0.188
0.392
1.692
3.316
1.388
1.452
0.548
1.188
3.884
10.624
0.708
2.208
0.344
0.556
0.18
0.196
0.332
9.68
0.78
1.92
3.56
8.316
0.276
9.948
1.836
2.604
0.18
2.564
2.188
1.772
7.12
1.02
0.284
0.296
2.628
1.288
2.284
1.26
1.484
0.28
5.968
5.964
3.176
3.688
9.1
2.276
1.344
9.968
1.652
1.148
3.004
1.752
0.532
0.304
8.788
1.136
0.556
3.828
0.924
0.884
1.344
2.116
1.552
1.516
0.988
2.688
0.632
7.224
0.832
8.068
0.776
4.548
0.252
5.244
0.52
0.372
2.8
1.76
2.984
5.632
0.844
9.688
3.224
1.612
0.632
4.52
0.496
3.528
2.548
5.452
8.204
1.256
8.364
2.12
5.16
2.904
5.332
1.188
3.52
0.772
0.584
0.94
0.596
3.8
0.952
1.48
3.44
3.972
0.444
0.524
2.912
0.868
3.148
0.372
1.92
0.364
0.208
7.556
2.46
4.032
1.628
3.184
0.792
1.692
2.72
2.192
0.92
2.332
1.444
0.368
0.772
5.468
0.572
1.072
9.116
2.912
2.46
1.296
2.076
2.84
1.68
3.032
7.988
1.908
1.604
0.228
8.028
6.132
0.256
4.152
2.232
2.6
4.28
2.048
0.528
1.496
1.28
1.12
0.436
1.416
1.816
1.876
7.364
1.964
8.488
2.564
2.572
0.512
1.26
0.524
8.872
10.392
10.74
2.5
3.48
0.3
0.632
0.176
1.328
2.604
0.324
0.748
2.096
10.616
6.268
5.592
10.64
2.4
0.32
1.596
0.676
0.336
1.148
1.032
9.612
1.624
2.928
1.656
3.444
2.548
0.788
0.524
4.212
0.232
4.048
1.128
3.968
1.528
1.296
1.392
2.276
0.52
4.132
6.276
5.752
10.152
0.284
1.944
6.3
4.716
0.808
8.58
4.232
1.168
3.028
0.604
1.888
1.2
6.512
0.352
1.564
2.124
0.952
2.764
5.148
1.804
0.184
0.172
1.136
0.524
4.536
1.068
5.072
4.044
0.428
9.512
0.88
1.116
2.128
1.764
2.8
1.7
7.876
0.884
1.088
1.2
2.1
1.204
8.22
4.188
5.616
10.732
0.332
0.728
2.776
3.948
4.204
8.62
10.728
1.996
0.164
10.78
6.484
4.316
0.436
0.7
1.38
0.948
1.048
0.304
1.616
0.164
1.072
7.204
4.04
1.292
2.544
0.18
0.548
1.648
8.78
5.076
0.488
1.744
0.832
0.944
0.78
1.364
0.292
1.56
1.02
4.052
7.176
5.124
0.924
0.792
4.632
1.728
1.072
1.0
0.904
3.468
3.46
1.656
1.104
9.916
3.0
0.276
2.068
0.808
2.084
3.4
0.332
1.92
1.728
5.188
1.176
1.404
6.604
0.26
0.852
0.668
1.108
6.012
2.644
0.328
1.528
1.296
2.704
1.948
2.804
5.248
0.372
8.492
2.928
1.68
5.948
5.176
1.028
2.888
0.928
2.188
7.456
0.844
1.424
0.348
3.352
5.904
1.284
0.792
0.52
1.812
1.268
9.132
1.56
2.768
0.216
2.06
1.768
0.792
0.372
0.184
0.292
1.256
5.788
3.684
2.028
1.608
0.312
3.62
1.576
3.784
1.604
1.36
1.128
0.564
6.588
1.148
1.7
1.464
2.34
3.032
7.968
1.728
1.608
2.504
0.412
0.504
0.256
4.684
3.472
1.8
0.704
2.772
2.764
10.28
0.344
2.096
1.492
2.4
0.68
2.008
2.26
2.584
7.02
1.496
0.26
2.32
0.908
0.212
2.588
3.476
0.196
4.488
0.228
10.04
5.424
6.852
9.848
0.316
3.288
4.008
0.36
0.932
6.628
9.312
1.14
5.94
10.2
1.584
1.5
3.408
0.292
0.196
8.96
1.124
1.144
0.776
3.66
1.168
0.264
0.392
7.468
3.592
0.844
1.496
1.78
4.48
2.068
9.676
5.02
4.16
0.232
0.252
1.556
6.228
1.344
4.304
1.46
2.608
1.844
1.616
6.06
2.784
4.376
0.716
0.56
3.96
2.84
0.676
0.24
2.204
0.468
0.42
1.34
6.496
1.7
0.24
4.916
0.548
2.596
3.516
6.792
1.644
0.148
0.508
2.788
3.416
1.968
0.832
1.096
6.404
0.204
0.172
6.308
4.568
9.352
6.552
3.58
2.084
2.568
0.984
0.86
0.444
10.872
4.948
1.46
0.764
1.276
0.276
4.164
3.38
1.828
5.088
3.436
2.768
6.268
4.228
0.88
1.06
3.836
2.336
2.172
0.252
5.076
8.74
7.6
0.212
1.28
2.368
2.168
3.472
10.92
1.984
1.24
0.628
2.064
6.42
0.928
6.036
2.968
0.524
1.804
0.32
3.18
1.604
1.304
1.876
4.58
0.432
2.556
0.808
4.66
1.788
2.352
7.244
5.068
0.936
0.752
6.584
7.736
1.02
1.424
0.832
0.996
0.512
1.576
0.648
6.588
2.628
0.172
1.704
1.288
3.956
2.292
10.928
0.504
2.712
6.684
0.28
7.636
1.748
1.184
4.284
9.936
1.284
0.832
0.248
5.068
3.468
5.244
4.148
0.988
0.356
1.128
8.524
0.448
6.968
0.32
0.84
0.976
8.348
0.884
1.244
6.108
0.664
2.116
6.124
1.28
3.836
0.708
1.02
0.676
3.604
1.12
6.788
4.224
1.364
1.224
1.508
2.468
2.46
9.2
2.392
0.508
2.456
3.556
9.54
1.096
2.888
3.556
0.472
7.88
1.976
1.292
10.124
5.704
0.928
9.484
7.772
1.1
2.488
1.444
5.764
10.688
2.232
5.532
0.432
0.596
1.396
0.604
3.228
0.328
5.684
1.276
0.296
0.364
1.06
0.208
7.064
2.544
10.728
4.66
0.24
2.296
1.04
0.308
6.26
5.212
7.916
1.588
0.896
3.42
4.196
0.664
0.7
1.216
0.308
0.184
0.928
2.156
3.972
0.364
0.48
6.684
8.208
8.756
5.364
0.948
3.28
3.964
1.496
2.996
1.76
7.636
8.356
3.196
3.468
0.668
3.308
8.016
6.336
0.808
2.092
0.556
9.524
8.128
3.5
0.46
3.196
8.532
1.672
5.792
4.428
0.26
1.848
0.96
5.084
0.304
2.076
1.868
3.212
2.704
1.836
1.88
2.716
0.508
3.576
7.916
1.076
1.048
0.804
3.3
1.796
0.32
1.9
1.0
7.06
1.216
0.756
0.444
3.94
3.344
3.108
1.0
0.484
0.784
4.832
0.304
0.828
0.972
1.02
2.108
4.5
11.048
1.404
2.856
0.684
1.88
5.056
7.144
0.688
7.564
0.868
1.8
0.46
0.836
9.308
3.804
0.156
0.468
5.612
2.1
1.372
3.468
3.58
1.812
1.076
0.768
0.624
2.008
0.884
0.468
0.828
0.204
8.78
1.512
3.12
3.016
10.148
10.76
1.24
2.68
4.292
0.928
0.4
6.796
0.616
2.488
4.516
0.672
0.42
1.572
8.156
0.308
1.564
1.768
0.184
3.68
7.604
2.072
0.236
3.988
0.188
1.252
2.956
0.164
0.432
0.796
2.372
0.308
0.304
1.164
1.204
2.552
0.564
4.872
8.428
1.492
0.496
1.044
3.372
0.896
10.568
0.156
0.18
1.924
2.536
0.932
0.788
0.324
1.056
0.4
3.064
1.008
0.228
3.216
1.224
0.192
0.3
0.424
7.936
6.668
5.644
1.476
0.476
0.792
0.624
2.376
1.252
2.808
2.712
0.464
2.324
1.024
0.976
5.572
0.156
1.436
5.736
6.48
0.416
3.056
0.752
2.58
5.904
0.556
4.796
0.196
3.512
1.032
8.204
0.708
5.692
4.184
0.436
6.66
3.592
5.912
3.188
2.6
4.912
1.888
2.648
0.22
4.204
0.352
2.64
0.64
5.856
2.492
1.516
1.0
2.116
1.768
3.364
3.48
10.444
1.724
3.116
3.096
0.688
1.856
0.256
0.864
1.136
0.36
2.584
2.7
5.06
0.9
8.144
4.328
0.432
3.404
1.84
1.156
2.892
6.676
8.592
7.172
3.108
2.428
2.328
1.556
3.296
3.904
0.772
5.964
9.552
1.828
1.308
1.132
1.452
2.3
6.924
0.7
1.556
0.384
10.384
2.724
2.456
3.004
5.196
0.916
5.108
3.476
0.64
4.476
1.036
1.32
7.456
1.36
1.772
8.544
0.572
0.848
2.252
2.212
2.404
0.684
7.796
0.528
0.152
1.892
0.184
1.712
1.656
3.32
0.604
8.26
0.396
3.932
1.94
1.248
7.456
5.916
9.836
0.516
2.468
1.024
1.792
2.972
2.308
10.744
6.62
8.02
2.088
2.696
2.728
2.932
3.232
0.96
0.988
6.152
1.184
5.264
1.684
0.812
0.856
1.328
6.196
8.564
7.308
0.328
0.584
2.668
6.048
4.336
1.036
7.672
2.344
0.436
2.536
4.936
2.1
0.608
9.036
1.528
1.32
0.952
0.768
5.484
0.852
0.48
0.852
1.952
4.92
2.488
2.152
3.516
0.688
3.828
1.816
3.46
4.256
3.664
1.636
0.312
6.604
1.628
0.704
3.816
0.424
0.46
1.06
7.288
0.376
0.908
1.312
4.1
2.932
5.744
0.508
1.696
9.476
4.104
1.248
0.552
0.528
1.856
0.476
7.184
0.54
0.168
4.816
4.204
4.952
2.956
0.304
0.48
0.196
8.684
5.412
6.36
3.36
3.66
3.072
3.244
3.696
1.652
0.252
10.532
0.568
4.176
5.976
7.104
0.584
1.836
0.96
0.344
1.112
