1.796
0.884
0.536
0.32
4.328
0.392
8.724
3.536
6.252
1.912
0.34
2.544
0.24
0.584
1.024
7.556
0.208
0.252
6.752
1.392
0.432
1.568
1.144
0.4
0.404
1.084
1.008
1.548
2.436
1.424
2.092
0.42
2.116
1.02
6.052
8.372
0.64
1.056
0.692
0.876
1.364
0.724
1.496
3.56
2.44
1.24
3.98
4.784
0.208
0.932
0.764
1.82
2.14
3.084
5.716
1.2
4.884
4.832
0.432
4.288
1.884
2.672
0.812
0.996
0.372
2.128
2.116
2.384
0.94
0.808
0.82
3.508
5.292
3.312
0.488
0.444
0.604
6.132
1.22
0.904
4.572
1.784
0.884
0.916
0.364
5.884
4.768
1.308
0.684
0.904
0.612
2.24
1.176
0.248
2.036
3.34
0.272
0.348
1.1
10.06
7.86
3.316
1.168
5.088
0.648
4.388
1.432
3.924
3.024
1.568
1.764
2.344
3.384
2.476
1.044
1.1
1.472
4.692
4.996
1.104
0.688
0.272
2.208
1.756
1.656
1.032
0.236
6.16
2.14
3.052
5.464
1.156
2.0
0.852
2.248
0.332
0.516
0.54
3.608
2.008
0.444
0.52
5.256
0.54
6.556
1.94
0.464
1.804
1.828
4.584
2.792
0.224
3.668
1.396
0.364
0.94
2.708
7.748
1.652
3.084
1.168
1.36
0.324
5.632
0.22
8.64
1.928
1.448
4.968
0.676
1.228
0.508
1.44
0.228
2.384
4.82
10.752
2.82
0.688
1.008
8.42
4.456
1.404
0.38
0.764
3.136
0.824
0.22
0.392
7.028
0.384
0.632
5.648
3.088
3.68
2.74
0.856
1.82
0.3
8.492
9.708
0.66
0.744
2.588
1.912
3.768
3.664
0.9
0.192
2.7
1.148
0.628
5.0
3.024
0.38
4.744
5.932
6.08
0.208
0.94
0.308
2.084
0.76
2.644
3.764
0.352
1.052
1.108
2.856
0.26
1.208
1.392
0.204
0.984
2.544
2.192
0.292
3.192
0.744
0.852
3.096
4.244
0.54
1.184
2.956
0.584
0.732
4.496
0.364
0.42
1.404
4.476
1.628
1.404
0.548
5.324
0.292
1.632
2.68
3.784
0.252
5.916
1.164
0.352
2.26
5.868
1.424
6.0
0.212
4.34
2.356
0.532
1.452
0.76
0.208
2.204
0.404
1.628
1.544
4.52
2.852
0.26
3.944
0.556
0.38
0.768
3.572
0.816
0.58
3.752
2.148
5.6
1.164
2.596
0.26
0.28
7.54
5.376
0.876
7.364
0.208
1.732
0.232
2.992
4.264
0.912
2.796
0.832
0.736
2.876
2.52
2.044
1.516
4.784
2.148
0.352
0.7
2.504
9.488
3.672
0.736
9.596
2.288
3.068
2.912
0.676
0.28
1.932
3.252
5.104
1.684
1.22
0.48
4.128
5.4
0.72
0.196
1.336
1.512
1.296
4.888
0.26
3.004
1.34
1.764
0.192
2.76
0.584
0.456
5.924
2.324
2.54
0.52
0.904
0.708
1.804
0.524
2.004
3.3
0.576
3.704
0.816
1.98
1.528
2.14
9.44
0.864
1.676
1.692
1.76
1.468
1.38
8.212
0.78
0.812
7.048
0.828
3.192
2.308
0.82
1.448
1.192
2.456
8.832
0.308
3.56
9.56
2.532
0.204
0.532
1.632
6.84
6.18
10.88
1.792
0.536
4.352
0.208
0.304
0.296
1.492
1.724
2.184
0.2
0.94
4.264
3.612
0.272
0.872
0.356
0.56
2.064
1.104
7.864
0.276
1.888
6.828
6.988
1.84
1.048
1.684
5.844
3.628
0.724
2.892
3.68
0.912
0.82
0.596
1.124
1.968
0.24
1.316
1.04
1.372
4.18
8.528
6.172
0.64
8.308
0.22
0.204
1.764
1.424
1.076
4.452
2.268
1.588
2.136
0.52
0.868
2.904
0.66
1.836
0.612
1.848
4.836
1.208
0.532
1.856
0.664
0.78
4.672
0.716
10.188
1.432
0.448
1.66
0.368
6.052
4.304
0.192
6.116
1.964
0.968
4.608
0.624
0.24
0.948
2.864
2.244
3.224
1.764
2.82
2.224
2.704
0.6
0.792
2.612
0.944
3.828
1.62
0.24
2.852
3.052
0.36
2.752
3.644
6.136
4.976
2.488
4.852
2.124
1.756
1.492
0.888
0.612
3.632
2.256
2.144
0.728
1.888
2.444
2.38
1.16
0.62
0.904
1.064
0.528
2.036
1.644
2.272
0.556
7.16
0.804
2.656
0.248
0.644
1.612
1.748
0.788
2.844
3.6
0.216
1.284
1.648
5.456
0.476
0.412
0.748
9.448
3.868
1.44
4.744
3.372
0.344
4.412
1.396
0.336
2.488
2.232
1.316
1.42
1.496
2.484
2.876
1.968
5.848
0.98
0.572
1.192
0.888
1.304
0.844
0.812
1.632
0.512
0.224
3.32
3.62
1.688
1.608
0.632
1.344
0.368
5.192
0.308
6.864
2.708
3.616
0.804
0.964
0.888
2.588
0.328
1.448
3.8
0.476
7.068
0.512
0.828
2.552
0.424
4.58
1.36
0.692
8.42
3.168
3.248
0.6
1.08
0.44
0.408
0.912
4.136
0.432
2.592
0.308
1.928
0.392
0.236
4.636
2.652
2.892
10.828
9.328
1.308
6.536
8.412
6.996
1.408
2.72
1.032
6.504
0.22
1.028
1.012
2.86
0.884
0.404
0.368
0.32
0.44
5.548
7.1
0.436
10.348
1.172
1.196
0.32
1.5
0.436
7.124
1.104
3.552
1.44
2.868
2.736
0.412
2.2
3.24
3.068
2.804
4.536
0.792
0.544
1.62
0.304
1.392
0.3
1.84
2.244
0.256
1.172
0.4
0.36
0.46
0.5
0.936
9.432
0.396
1.544
1.548
2.552
4.16
1.688
1.924
3.1
2.312
9.328
2.464
2.484
6.876
1.084
0.552
0.624
3.14
1.688
3.1
1.256
1.816
0.28
0.368
0.212
2.48
0.852
4.204
6.32
8.68
0.836
2.58
0.508
0.392
5.684
0.204
1.204
2.66
2.472
0.516
2.804
1.536
1.108
3.496
0.624
4.056
0.4
0.24
0.724
9.232
0.756
1.356
1.308
1.152
0.788
0.844
1.488
1.692
0.62
5.4
0.496
0.508
0.948
0.604
0.552
5.84
2.724
1.1
1.36
2.024
5.664
0.912
4.212
8.816
1.2
2.964
0.428
1.928
3.476
0.244
3.984
5.128
0.244
1.588
3.328
1.188
0.944
2.092
3.36
1.24
0.332
0.916
2.212
0.532
1.716
0.828
0.34
0.784
0.672
0.48
1.932
0.296
4.484
1.16
4.0
2.408
1.376
3.676
1.28
3.096
1.904
0.72
0.68
3.256
1.244
0.732
0.324
0.584
3.488
0.204
2.22
3.608
4.88
1.224
1.188
7.232
1.984
0.372
2.976
8.312
0.708
4.972
1.82
7.672
2.568
0.412
1.096
1.48
0.588
0.468
4.104
1.184
0.348
0.796
9.296
2.732
2.14
3.872
0.6
0.364
1.304
1.964
1.616
0.22
0.6
6.372
0.264
1.824
1.308
8.212
0.66
1.572
1.116
0.352
1.232
2.196
8.308
4.68
1.612
0.348
1.344
0.848
1.104
1.684
0.388
6.4
0.464
0.324
0.688
0.912
2.384
2.1
0.216
6.452
1.668
0.78
2.712
0.296
1.612
3.404
2.8
0.732
7.688
2.472
0.584
0.844
1.828
5.832
2.896
1.052
1.056
0.252
0.66
0.212
1.48
0.588
8.624
0.26
0.368
1.32
0.676
4.516
1.104
5.184
0.2
2.26
3.236
1.788
2.352
0.4
0.204
4.672
7.844
7.052
2.432
2.62
3.148
10.68
2.38
2.708
6.252
0.284
7.92
2.056
0.96
8.512
1.576
8.056
0.936
3.056
0.692
2.332
1.196
3.436
5.492
3.224
3.076
2.18
2.92
2.564
1.0
1.472
4.516
0.42
0.292
1.548
8.76
0.62
0.476
1.288
3.044
0.988
0.3
0.192
1.08
1.376
0.924
1.092
0.348
1.232
10.584
2.032
0.392
1.832
0.208
1.78
0.216
1.624
0.976
0.324
7.072
0.204
7.28
2.04
2.192
0.3
0.324
4.008
0.328
3.388
9.4
2.308
3.34
1.04
0.296
0.272
0.324
4.104
1.012
0.724
10.696
0.52
4.132
0.74
0.356
1.488
1.068
1.456
1.636
0.644
9.088
2.156
0.264
0.968
0.356
2.888
2.164
2.32
0.196
2.32
0.264
7.432
1.568
0.564
0.476
0.344
4.68
0.5
2.008
0.992
1.02
2.388
0.296
3.052
2.14
0.404
0.328
8.48
1.516
0.708
1.664
0.932
0.288
9.508
1.412
1.6
2.988
0.228
3.28
1.2
1.956
0.776
0.94
0.28
0.776
1.276
2.348
4.544
2.42
2.176
8.232
1.968
0.836
3.42
1.252
0.544
0.26
0.216
0.656
1.944
0.524
2.864
4.888
2.048
2.188
0.804
2.356
0.592
1.208
1.592
2.9
2.264
5.344
0.272
1.456
3.492
1.444
0.4
1.02
2.724
0.276
2.84
0.76
0.912
0.292
0.412
0.824
0.748
1.92
0.828
10.82
2.736
1.948
4.716
0.916
2.336
1.416
7.944
1.764
7.708
6.812
0.844
0.2
3.412
3.388
3.46
0.384
1.66
4.844
0.396
0.78
0.956
5.44
1.224
0.528
1.928
3.692
1.168
1.516
0.392
1.94
1.82
5.992
3.5
1.492
2.284
0.236
2.472
0.896
1.7
5.604
0.668
1.12
3.7
1.992
0.816
1.512
0.74
0.356
4.012
0.632
1.836
0.808
4.436
1.796
1.648
4.816
3.052
2.668
0.74
3.244
0.492
2.08
1.796
1.144
1.14
1.36
0.664
0.348
5.148
10.156
3.952
9.892
1.052
1.828
1.416
3.636
0.556
4.976
3.616
5.696
3.976
1.516
1.848
1.232
0.5
0.44
3.596
6.396
0.204
3.388
2.224
0.94
1.26
0.38
0.964
0.288
1.276
3.76
8.944
1.228
1.764
1.016
0.252
0.98
4.728
1.932
1.548
0.404
0.2
2.336
2.108
0.62
3.876
1.352
2.732
0.248
2.804
1.456
2.08
2.156
2.516
0.808
1.052
5.332
4.672
0.376
3.304
0.852
2.196
9.432
0.416
0.208
3.684
0.208
1.228
0.432
0.332
0.804
0.556
0.288
2.348
0.212
1.592
0.24
0.376
3.256
1.448
4.416
1.432
2.408
0.772
3.712
5.268
4.02
2.14
4.688
0.476
0.884
2.14
0.388
0.668
0.652
3.744
1.348
0.78
0.792
1.9
1.876
0.42
2.376
3.86
4.384
0.92
1.604
0.524
0.832
1.312
3.348
1.628
3.612
2.376
2.448
0.34
4.824
0.624
0.828
4.028
1.072
6.276
3.064
1.104
0.396
3.096
0.324
0.228
2.98
4.18
0.696
6.248
2.332
2.604
4.172
6.536
1.112
1.168
1.136
0.292
0.252
0.316
3.376
2.912
3.36
6.78
1.704
4.648
10.764
2.136
0.216
1.552
1.576
0.288
0.82
0.32
3.716
0.504
1.728
0.308
0.368
0.832
0.864
1.96
3.476
1.432
0.66
2.696
1.016
4.712
0.62
3.028
0.252
2.512
3.6
1.268
2.188
1.296
1.444
0.924
3.72
0.98
3.74
0.296
1.236
0.38
0.26
0.248
0.72
1.876
1.6
6.068
2.052
0.472
1.008
0.66
0.628
0.756
2.668
1.88
0.196
1.568
2.324
0.456
9.68
3.496
4.808
2.992
3.708
0.5
0.248
1.116
4.264
6.692
8.476
0.384
1.468
0.848
0.816
1.144
8.056
2.896
0.276
2.744
1.156
1.048
1.04
5.532
6.164
0.356
2.812
1.252
4.3
0.636
1.588
2.336
1.356
8.4
1.596
0.204
1.108
0.484
5.356
0.232
1.976
0.204
3.944
1.272
6.876
2.068
1.568
1.784
3.3
1.184
0.384
0.244
1.912
1.816
1.432
2.416
0.208
0.632
3.084
0.22
0.424
2.048
1.48
6.604
0.272
0.848
1.428
10.88
8.024
1.496
5.44
2.896
0.288
4.232
0.328
6.464
5.084
1.996
1.996
1.244
7.092
2.776
1.404
2.012
0.644
1.056
2.06
1.616
0.772
1.256
3.52
0.224
1.216
0.832
2.052
3.508
1.872
1.312
0.268
8.78
1.96
2.068
1.096
0.332
4.592
2.452
2.828
6.604
4.62
0.608
8.052
7.516
0.252
1.052
0.464
0.608
2.384
2.968
1.792
3.772
2.896
0.208
4.604
0.652
2.444
2.4
0.68
0.792
0.544
1.188
8.8
1.36
3.788
0.692
2.072
1.88
5.412
5.828
6.976
0.772
1.7
0.208
0.728
2.62
0.648
1.692
10.396
0.904
0.872
1.1
1.592
0.504
0.684
0.332
0.66
2.916
1.08
1.604
0.96
7.276
3.456
1.252
0.636
0.296
5.688
1.388
3.04
0.836
3.424
0.248
0.496
0.344
1.092
1.268
1.096
2.448
1.456
1.896
1.244
2.992
0.732
2.148
1.048
1.988
0.216
1.308
8.748
1.988
0.204
5.936
4.008
2.62
1.544
2.332
0.528
0.7
5.9
6.812
0.268
6.284
1.544
3.98
0.916
1.824
0.212
0.524
5.472
0.212
1.504
0.368
3.8
2.672
1.748
1.972
0.756
1.692
0.244
1.86
0.624
0.828
1.708
6.4
2.372
0.86
2.864
0.328
5.148
1.284
0.36
0.5
2.696
0.452
1.7
0.436
9.196
7.532
0.48
6.072
6.444
1.18
6.368
1.188
0.216
4.46
1.508
0.204
2.432
1.636
2.564
1.364
0.952
1.0
1.884
1.912
2.832
4.352
2.964
6.304
1.716
0.7
0.24
0.384
0.444
4.108
0.972
2.108
0.872
2.672
0.392
2.836
0.628
0.568
0.548
0.72
0.452
0.976
0.216
1.748
0.312
2.952
3.668
2.968
1.836
4.304
5.572
2.26
0.46
0.492
1.852
3.176
0.864
0.552
1.12
0.456
0.924
3.768
3.976
0.228
2.316
1.768
2.464
3.64
2.352
1.868
3.156
0.532
0.316
1.796
2.592
4.652
2.32
4.08
3.444
3.592
7.236
0.488
0.616
1.504
1.976
2.056
0.552
3.768
0.232
1.328
0.192
5.296
2.424
1.468
4.048
0.348
2.456
5.856
0.232
0.388
1.432
0.82
0.516
2.824
1.752
7.856
0.416
9.336
0.36
2.18
0.24
6.476
1.952
0.46
0.844
2.02
2.272
6.368
1.92
0.644
3.256
0.292
3.796
9.116
0.296
4.256
1.288
5.032
1.292
1.072
0.208
0.2
0.272
1.2
1.248
0.744
0.64
2.564
0.756
2.404
0.24
1.732
0.944
4.176
2.644
0.24
3.08
0.208
0.576
0.26
2.5
2.62
2.052
0.756
0.3
0.492
2.948
1.588
2.636
1.444
0.308
0.684
1.776
5.732
0.692
0.652
5.26
0.924
1.996
8.1
6.312
1.596
1.172
3.52
3.084
2.256
0.212
0.716
1.028
1.404
0.232
4.472
0.496
1.308
0.844
3.316
1.256
0.664
10.492
0.376
0.22
6.628
0.964
0.26
0.24
0.804
7.78
0.348
0.72
0.3
0.892
5.916
5.948
10.516
3.648
3.436
2.2
1.044
0.332
0.516
1.088
0.204
6.572
6.624
1.484
0.624
1.528
1.272
2.6
1.888
0.716
0.38
3.312
2.384
1.596
0.404
0.836
3.08
0.84
2.86
1.732
1.516
0.208
2.452
1.592
2.68
2.348
1.072
0.448
1.668
3.516
2.024
1.032
1.576
3.096
0.38
0.404
1.048
3.128
2.448
2.92
0.304
0.648
2.476
1.32
0.3
2.276
1.096
6.972
7.412
1.78
0.436
3.524
1.068
1.256
0.936
4.848
0.204
5.84
3.692
2.424
5.1
0.196
5.456
4.384
0.568
1.24
1.652
3.096
1.388
0.556
0.572
0.916
0.42
1.204
7.78
0.44
8.1
2.828
2.044
0.356
0.8
1.136
0.624
6.8
1.38
1.508
5.492
3.384
0.376
0.248
0.364
3.6
2.816
0.62
2.648
0.236
0.2
1.508
1.22
0.364
3.328
1.508
0.536
5.644
2.024
1.648
0.8
0.412
0.244
1.204
0.764
3.696
1.716
1.508
0.444
0.62
0.372
0.508
0.824
2.204
0.216
0.488
8.28
3.048
5.108
0.768
1.552
0.644
0.24
2.572
3.032
2.416
0.256
2.08
3.44
7.908
1.992
6.44
0.756
0.372
1.128
1.88
0.208
4.812
0.972
0.42
0.84
1.672
1.372
0.864
0.552
0.236
0.332
0.836
6.0
1.324
8.24
1.572
1.848
0.256
4.32
1.044
2.776
0.74
1.48
0.94
3.096
0.812
0.288
3.42
0.404
1.008
0.268
0.568
0.348
6.464
3.152
0.208
0.44
0.208
3.42
0.368
1.34
0.552
1.868
3.876
0.656
3.508
0.436
0.512
0.836
0.328
1.772
0.404
2.492
6.98
0.208
0.32
0.44
2.836
0.296
3.176
2.372
1.936
1.02
6.644
3.376
3.028
2.16
0.256
3.644
2.704
1.356
0.476
3.488
1.428
0.34
1.696
1.836
2.088
0.656
2.552
8.356
4.072
0.264
0.62
2.284
0.56
5.208
0.316
2.876
3.812
3.0
4.936
2.116
3.74
1.484
0.28
1.216
1.728
2.696
3.076
1.492
0.304
2.628
0.824
1.58
2.52
1.308
0.392
1.84
0.412
2.004
1.708
0.58
0.488
1.104
1.28
4.728
6.768
0.896
0.66
1.676
1.948
0.856
1.752
0.488
3.036
0.544
0.296
1.892
1.656
7.232
1.724
1.616
1.068
2.096
0.636
3.94
1.004
0.324
4.076
0.892
1.328
1.44
2.116
1.58
0.716
8.196
4.3
5.116
7.572
0.86
6.36
0.356
1.02
0.704
2.752
1.016
0.288
3.464
0.208
0.376
1.116
4.824
3.292
0.56
9.128
0.592
0.412
2.14
2.16
7.848
3.096
0.452
0.312
1.692
0.752
0.424
0.424
1.684
2.868
0.212
8.964
2.588
5.452
1.688
1.832
1.244
2.152
0.724
8.028
1.368
0.608
1.204
1.608
4.884
0.252
1.468
0.54
0.852
0.212
1.132
1.696
2.556
2.136
0.924
0.396
0.228
1.468
5.52
0.64
1.632
2.848
0.228
0.52
0.256
5.752
0.616
0.636
0.96
1.104
2.268
0.232
0.52
5.344
2.36
0.204
1.288
0.536
1.328
0.276
1.408
0.224
0.716
0.404
3.88
2.296
1.964
1.736
4.408
3.3
1.556
0.392
1.664
3.988
0.76
2.224
1.112
9.232
0.876
1.536
2.16
0.388
0.428
0.536
2.04
0.268
3.48
4.068
10.74
0.808
1.896
1.624
1.204
1.056
5.808
0.22
6.012
0.78
0.232
0.78
0.376
0.296
1.3
1.012
4.28
4.132
0.384
1.496
1.604
2.128
1.872
0.504
1.1
3.252
1.652
0.332
1.384
0.212
5.64
0.356
0.992
1.96
2.652
0.944
0.196
3.844
1.784
3.956
1.808
0.452
5.104
2.116
3.028
0.772
0.7
0.284
1.924
1.04
0.216
0.828
0.248
0.564
5.092
1.116
1.64
6.2
2.852
4.544
2.664
0.204
0.208
0.988
6.584
0.728
1.704
0.196
2.388
1.56
0.196
2.2
5.572
1.36
2.808
0.868
0.208
1.136
2.556
0.488
2.16
2.932
0.788
3.932
0.82
1.48
1.88
1.724
4.352
3.54
0.484
2.488
1.584
0.356
0.984
3.96
0.36
3.388
0.432
2.024
0.912
2.94
1.428
0.216
4.544
0.656
1.08
2.136
1.456
4.12
0.564
1.2
1.264
4.128
4.94
2.292
5.084
0.9
0.5
1.808
2.42
0.34
2.732
4.952
1.1
0.272
1.412
3.528
1.616
3.876
1.18
2.844
0.292
1.324
1.42
1.028
1.584
1.552
1.132
1.144
3.008
0.436
3.412
1.232
0.252
0.352
3.544
7.832
0.264
3.768
1.464
7.7
6.504
3.352
1.088
1.776
1.136
1.768
7.776
2.216
2.836
2.012
2.096
0.9
2.06
1.96
0.548
0.316
1.332
7.592
3.584
0.264
2.36
2.216
3.008
0.56
0.392
1.288
1.744
0.92
2.5
2.4
0.508
0.252
0.824
0.928
1.264
1.196
1.844
2.104
5.392
0.428
4.888
0.372
0.492
3.744
6.344
0.312
0.268
1.936
0.368
6.52
0.596
2.868
2.472
6.012
7.216
0.66
1.388
0.26
1.764
1.736
0.256
0.516
1.112
0.492
1.24
3.18
0.272
2.308
9.84
1.656
1.54
0.716
1.984
1.404
0.416
8.872
2.14
3.036
0.192
0.44
0.296
0.236
1.052
2.1
3.068
3.704
0.336
0.264
7.188
0.644
0.796
2.428
2.0
0.22
0.648
5.9
2.004
0.516
1.792
1.408
1.012
0.992
9.012
0.652
1.64
0.26
1.176
2.776
1.528
6.488
0.196
1.708
0.264
2.916
0.452
2.768
2.632
2.888
4.024
2.328
0.264
5.184
3.716
5.204
0.232
0.88
0.3
2.736
3.532
0.608
1.684
4.74
1.08
9.348
1.028
2.26
1.156
0.284
3.892
2.296
0.604
0.364
4.112
2.072
0.336
0.364
3.652
1.64
2.24
1.76
1.408
0.26
0.204
1.116
2.204
0.728
9.584
0.304
4.244
1.532
1.32
3.984
1.968
0.212
0.684
5.532
3.948
0.356
0.584
0.804
0.708
0.232
0.748
1.52
2.368
3.872
0.632
2.324
1.988
0.336
0.192
0.692
1.968
1.296
0.344
1.44
0.564
0.212
8.728
0.928
1.764
0.508
0.56
2.344
2.408
1.716
3.22
1.424
0.492
0.612
3.644
0.24
2.9
5.748
1.88
2.448
0.384
2.76
1.472
1.42
0.996
0.368
4.096
0.424
1.404
0.404
0.684
1.984
4.1
2.132
0.404
0.196
0.444
2.388
3.428
0.704
6.98
0.808
0.324
10.336
2.024
4.172
1.184
2.212
0.564
2.28
1.56
1.024
0.38
0.272
0.588
1.1
1.9
0.76
2.264
1.744
2.228
1.28
1.016
3.228
0.292
0.872
0.436
0.816
2.104
0.28
8.092
4.276
0.252
4.348
3.688
5.644
1.156
0.4
1.18
0.884
3.66
3.796
4.072
1.648
7.112
3.772
0.768
0.924
1.084
0.708
2.0
0.54
4.64
0.98
0.636
4.628
2.796
0.948
0.984
0.2
3.468
0.32
0.652
0.288
2.228
1.988
0.884
0.404
1.428
8.448
0.74
5.788
2.92
9.296
0.552
3.084
2.3
0.996
2.04
2.44
0.448
2.344
4.84
3.196
2.424
0.548
0.232
2.36
4.476
1.204
2.212
0.944
0.82
4.736
0.908
7.436
0.904
6.932
1.272
3.708
1.072
3.672
2.76
6.552
1.448
0.784
2.604
0.3
7.78
6.9
5.048
6.96
2.22
2.712
7.708
1.236
2.484
2.2
1.0
3.772
0.692
1.224
2.64
1.168
5.548
0.452
0.744
2.404
0.32
1.008
0.308
5.944
1.348
4.848
5.976
4.488
3.608
0.936
1.508
0.908
8.148
0.504
1.62
0.232
1.684
10.684
1.516
4.3
0.88
0.248
7.256
0.904
2.116
0.548
0.58
0.296
0.844
2.188
1.192
5.824
1.036
3.824
0.208
0.476
0.832
0.996
0.788
3.928
6.796
1.024
0.336
2.212
0.992
0.34
1.24
1.552
0.54
0.528
1.164
9.02
0.22
3.084
4.092
1.912
0.996
0.524
2.088
1.008
3.924
1.076
2.084
1.172
1.284
3.148
0.204
0.392
0.204
3.556
0.456
0.796
0.392
2.856
2.124
2.476
2.544
0.984
0.752
0.96
2.528
0.204
0.968
0.924
1.532
2.196
0.712
8.012
5.428
0.668
1.912
1.18
4.128
4.388
0.276
1.58
5.636
0.592
0.484
8.98
0.204
4.068
1.312
0.94
1.984
9.82
3.416
2.928
0.952
6.268
0.864
1.912
0.208
0.404
1.084
2.372
0.248
4.044
2.78
0.892
0.276
0.46
5.948
0.268
2.808
3.544
0.208
0.796
6.84
0.272
1.26
0.212
8.348
0.24
0.208
2.66
0.464
5.2
1.184
0.36
3.0
1.888
7.14
5.044
2.168
1.46
1.22
1.52
5.476
1.272
5.376
0.268
7.876
2.024
0.636
9.7
1.736
1.164
0.624
0.796
4.86
1.264
1.328
0.328
1.816
1.108
8.8
0.876
0.82
1.072
1.152
0.576
0.984
6.304
3.496
5.3
0.656
0.488
4.464
1.088
0.32
1.096
3.948
0.22
1.644
1.9
0.752
11.096
4.04
2.068
2.776
0.436
2.456
5.288
1.772
1.592
3.316
3.112
5.312
1.488
6.536
0.216
0.656
3.088
0.676
3.128
9.364
0.568
1.028
3.8
3.768
0.824
2.204
5.28
1.416
1.168
0.316
0.84
0.604
0.9
0.488
1.72
1.292
0.5
0.208
1.344
1.296
0.932
6.532
1.716
1.876
9.284
0.564
3.328
0.256
7.248
1.096
3.192
5.352
7.524
4.028
2.932
1.668
4.9
4.644
0.388
8.044
1.86
1.768
1.52
1.3
9.296
3.4
8.352
1.036
0.368
0.74
2.628
0.648
7.532
1.14
3.18
2.376
3.732
3.176
4.964
2.808
1.376
1.96
1.124
1.4
5.472
10.196
0.324
1.632
1.172
0.816
0.652
0.46
0.868
3.516
1.252
0.204
0.74
3.8
2.812
0.912
2.0
6.536
1.396
0.208
0.216
2.952
2.544
4.124
3.06
0.828
1.196
1.748
0.296
2.66
1.588
0.66
0.372
2.436
2.44
0.324
0.212
1.776
0.708
1.644
0.884
8.308
1.056
1.1
0.376
1.032
0.912
0.204
0.872
5.384
2.74
3.052
2.44
3.74
0.22
3.116
0.944
1.204
6.288
6.292
2.12
0.72
4.272
1.448
2.108
1.116
0.192
2.26
1.596
5.888
0.688
5.664
4.484
5.24
1.512
0.34
5.136
0.876
0.392
0.3
6.796
0.216
2.004
2.316
0.504
0.908
1.388
0.356
2.08
0.24
2.096
10.952
1.116
0.312
1.808
2.192
0.552
9.704
0.204
3.456
9.172
0.68
0.596
1.228
3.224
6.388
0.712
1.02
1.276
0.344
0.712
3.036
0.28
4.72
3.976
0.236
0.852
0.452
3.824
0.588
1.432
5.392
5.404
4.528
1.348
0.888
2.68
0.98
2.788
0.972
0.248
1.288
1.368
1.148
0.312
0.552
0.3
0.268
2.632
0.676
1.94
1.132
1.524
0.7
0.624
7.376
0.404
4.34
0.56
2.772
0.372
1.228
5.928
2.584
0.868
0.784
0.484
1.248
3.428
3.032
1.332
0.464
0.66
3.772
1.772
1.108
1.048
3.652
0.52
3.548
3.092
1.776
0.56
1.672
0.212
0.208
2.472
3.556
3.128
1.108
0.904
3.42
5.024
5.084
4.796
0.856
1.436
3.212
0.836
0.524
2.704
1.78
2.684
4.688
2.72
0.376
2.508
0.376
0.916
0.256
0.792
5.396
1.62
3.332
0.9
0.476
4.316
4.16
6.76
0.644
0.224
0.46
0.216
1.712
3.456
6.096
0.448
0.548
0.832
2.26
0.888
2.56
1.448
2.456
1.12
4.968
0.936
1.2
3.056
3.548
1.22
1.276
5.624
1.852
0.412
1.064
0.48
4.696
0.684
1.188
0.872
2.62
0.672
4.96
6.532
5.448
0.92
0.264
2.444
1.512
0.716
1.02
6.868
0.636
0.972
10.004
3.416
0.784
0.88
8.416
2.544
1.58
0.384
0.48
4.36
1.98
1.284
0.996
0.572
2.204
4.604
1.188
0.868
1.064
0.844
1.496
1.096
1.124
0.928
1.892
1.896
4.44
2.56
2.104
2.184
7.94
2.568
3.248
0.624
0.236
4.404
1.296
3.012
0.328
0.98
0.66
2.12
0.536
4.632
2.012
1.316
3.404
0.324
1.872
2.512
3.6
0.636
1.716
0.512
0.264
1.744
1.66
0.82
3.54
2.848
8.56
0.204
1.596
0.196
6.524
4.032
4.528
2.36
3.768
6.868
2.164
1.02
5.624
4.792
0.288
0.288
5.232
5.444
2.376
3.532
1.6
5.988
0.288
1.352
5.164
1.724
1.864
2.304
6.512
1.2
7.896
1.792
5.1
3.876
2.616
1.276
0.456
9.2
2.948
6.528
3.708
9.72
1.848
0.284
0.924
5.62
2.568
0.896
0.848
1.368
0.416
6.284
1.416
3.496
5.104
0.416
0.556
0.204
0.688
2.052
0.572
1.02
1.092
1.692
2.088
2.752
2.212
0.832
1.572
0.444
0.212
1.08
9.52
1.32
2.74
1.408
8.124
1.664
3.82
2.356
0.268
0.232
5.064
1.704
1.8
0.832
1.072
10.308
2.76
0.78
0.308
6.848
1.02
3.444
1.3
4.236
4.952
2.024
1.52
3.708
1.9
2.004
0.312
5.528
2.82
0.816
1.156
4.276
2.192
4.116
7.548
0.612
1.328
0.508
0.62
0.548
6.072
1.712
0.688
4.092
1.564
2.132
2.46
5.256
1.188
1.232
0.456
0.384
0.908
5.98
1.852
0.308
2.816
1.284
5.812
0.336
0.856
1.8
6.844
1.776
2.692
1.424
0.644
3.632
1.352
1.8
0.768
1.568
2.296
0.252
4.12
2.072
4.184
0.372
8.6
0.86
9.012
6.232
2.644
0.308
1.36
1.804
0.228
0.888
4.276
3.152
3.408
1.624
0.276
0.912
9.72
1.136
5.86
5.66
2.788
0.424
0.232
1.348
4.384
0.996
0.284
0.68
0.832
0.56
0.964
2.64
1.228
4.964
0.72
2.508
2.864
6.0
4.972
0.7
0.292
4.748
0.604
0.784
0.488
0.208
1.572
3.72
0.94
2.848
1.112
0.344
2.536
0.864
0.324
1.3
6.848
0.928
0.208
0.496
3.008
3.116
0.788
7.844
2.1
1.064
0.864
3.828
1.544
1.984
0.416
0.264
8.284
7.644
1.792
0.236
0.624
0.692
0.472
5.488
2.024
1.816
0.856
0.412
1.236
0.28
1.104
1.82
2.896
0.244
5.284
1.804
5.132
1.108
2.38
0.252
4.772
2.592
1.724
1.944
0.98
10.376
1.74
1.136
2.112
1.264
5.44
2.724
0.776
0.764
3.864
0.604
3.044
1.376
0.832
1.168
8.88
3.156
6.616
0.848
0.32
4.008
0.984
0.196
5.172
0.232
0.6
2.432
2.752
0.556
7.412
0.236
0.86
9.536
0.992
0.296
0.424
5.752
0.436
1.996
9.656
0.32
1.232
1.228
7.98
2.724
0.52
0.964
0.636
1.1
0.236
1.784
6.792
3.488
3.14
2.356
3.256
0.764
1.872
0.344
3.64
0.74
2.344
1.372
3.072
3.308
0.488
0.68
0.352
1.236
1.228
0.892
1.488
0.348
3.428
10.728
0.82
0.992
0.372
0.304
1.936
0.748
3.392
0.996
1.384
0.924
0.272
1.06
0.38
0.744
4.432
0.796
2.192
2.916
0.208
2.524
2.168
2.088
0.708
0.82
5.788
1.932
0.788
0.62
3.2
0.2
1.176
0.752
6.032
3.044
7.28
0.292
0.568
2.796
2.452
0.656
3.684
0.932
1.736
7.516
3.256
2.64
0.58
0.256
2.18
0.572
1.128
0.428
0.288
1.676
3.172
4.072
0.364
4.472
0.2
3.844
0.58
0.396
1.356
2.428
10.632
0.6
1.788
0.284
6.992
0.86
0.32
0.344
2.8
1.964
1.968
0.2
1.248
1.604
1.276
6.968
6.24
0.24
5.756
1.212
4.044
0.732
0.264
1.86
2.036
1.624
0.364
2.648
0.428
9.096
2.088
3.092
3.436
0.916
0.544
0.916
0.888
0.648
2.924
3.652
1.32
0.232
0.244
1.7
9.992
1.112
4.508
1.016
2.436
1.128
8.216
0.592
1.628
0.712
0.548
0.6
3.776
0.664
7.012
1.468
0.204
6.936
0.264
1.132
2.128
0.212
0.668
9.324
8.168
1.308
0.212
0.928
3.424
2.824
0.62
7.876
1.632
1.68
1.752
0.32
3.836
1.0
1.148
5.82
0.696
1.484
0.564
0.72
4.372
1.236
1.336
3.968
0.368
0.608
1.512
6.596
1.604
0.644
0.592
0.92
0.276
0.344
1.556
0.408
3.84
8.344
0.872
9.724
4.26
3.536
0.252
0.932
0.808
2.54
0.216
4.672
0.212
0.272
2.776
8.52
0.284
5.712
1.164
6.688
2.372
1.96
4.14
3.94
0.276
2.652
0.736
1.524
0.272
1.628
0.696
3.496
1.08
6.732
10.652
0.328
3.596
3.688
4.372
1.104
0.32
7.236
0.756
0.32
1.94
3.544
4.696
0.86
4.148
0.772
0.696
4.784
2.652
0.232
0.332
1.676
10.608
0.444
4.132
2.804
6.76
3.928
1.0
10.348
3.188
0.2
0.204
6.452
1.828
1.256
1.324
4.716
1.176
10.772
1.04
1.228
0.392
0.972
1.7
1.024
3.824
3.312
0.212
4.952
1.972
0.212
0.212
1.312
1.444
6.224
1.696
2.876
5.048
0.416
2.42
0.264
0.596
4.38
0.812
2.096
0.752
0.224
0.948
0.248
3.636
2.744
5.688
6.008
3.576
1.16
0.348
3.256
0.432
2.116
2.724
1.356
1.064
6.932
2.336
2.968
0.516
1.24
1.156
0.248
1.668
10.456
0.948
0.988
0.792
0.864
1.888
5.528
1.14
5.916
8.632
0.256
0.484
0.256
0.332
1.576
0.26
2.096
1.368
3.244
6.228
2.664
3.26
2.584
0.3
0.712
0.78
1.644
2.536
2.148
1.984
1.02
1.384
1.632
1.036
2.436
0.536
0.324
1.296
3.86
1.468
1.092
4.588
0.236
3.344
3.876
0.844
0.5
2.156
1.068
2.076
0.86
3.328
0.488
1.976
1.924
2.348
0.252
5.684
5.148
0.336
0.464
8.62
3.236
4.608
0.672
2.28
3.324
0.768
1.296
0.328
2.44
1.172
0.224
5.556
1.544
0.292
2.38
0.228
0.252
3.008
5.216
2.188
0.836
0.776
3.132
1.424
4.36
1.02
1.056
3.592
1.204
2.636
6.224
0.556
0.396
4.384
1.04
0.904
2.204
0.224
4.452
2.32
0.644
0.348
1.452
1.248
0.512
2.144
3.276
2.088
3.212
0.916
0.964
3.688
0.324
2.78
2.812
2.54
6.976
0.504
0.824
0.932
0.716
0.468
0.684
0.8
0.788
0.536
10.752
1.34
3.652
0.588
2.476
0.284
0.444
0.396
3.596
0.948
0.84
1.868
0.624
3.6
0.54
1.188
2.12
1.188
1.3
0.984
0.888
0.484
0.452
1.16
0.548
0.864
0.208
0.696
10.348
6.028
1.488
1.724
0.864
3.164
8.064
1.372
3.156
4.404
0.824
0.236
9.372
4.836
0.932
1.168
0.92
1.856
2.844
0.952
3.988
2.9
0.52
0.776
3.348
8.344
0.332
1.616
7.244
2.824
5.66
2.732
0.428
1.372
6.324
0.808
1.312
1.448
0.716
0.904
1.72
4.184
1.004
4.676
4.18
0.38
4.872
3.308
1.34
2.36
0.2
9.264
1.652
2.304
3.78
2.692
1.984
2.636
3.016
9.072
0.644
2.62
0.256
1.5
0.72
1.928
0.292
1.188
2.376
4.868
0.196
0.596
1.956
2.956
1.5
4.524
2.6
3.592
2.484
6.612
1.472
1.684
0.252
5.224
7.06
1.536
3.108
1.672
2.22
1.02
3.848
0.608
1.628
3.344
1.264
1.036
6.648
0.884
2.496
6.236
3.312
1.564
0.368
0.328
5.828
0.56
2.644
3.348
1.96
1.256
0.38
0.892
1.016
1.864
0.876
1.876
0.504
0.344
0.712
3.488
2.296
4.532
1.668
3.996
2.1
1.252
0.512
11.012
1.784
2.68
1.324
0.204
3.74
2.164
0.888
0.836
2.516
0.216
3.092
3.028
0.448
0.636
0.972
1.484
3.628
5.672
5.4
6.6
0.896
2.2
1.648
4.476
3.368
1.048
5.98
0.888
0.56
2.872
3.768
0.516
2.14
4.16
0.972
0.848
0.736
8.736
5.424
9.572
1.02
0.54
1.464
0.708
1.484
0.256
1.024
4.104
0.448
1.176
0.924
1.164
0.3
0.368
4.352
1.46
0.336
1.072
4.196
2.516
2.9
1.344
5.468
3.628
6.192
0.724
6.54
1.584
2.568
0.452
1.128
2.188
0.804
3.416
1.052
0.336
2.284
2.832
2.984
5.104
2.024
8.412
3.264
0.844
3.288
0.78
3.384
1.196
1.152
1.78
7.864
0.78
8.208
4.06
0.748
1.572
0.26
0.884
6.092
0.436
0.244
1.292
4.184
0.74
1.456
1.812
0.924
2.46
0.656
1.888
1.652
2.712
1.616
0.304
2.412
1.74
0.912
4.792
0.436
4.02
1.404
1.148
2.756
2.82
5.364
0.24
3.988
5.312
2.488
1.604
1.948
2.788
0.764
2.84
1.196
4.38
1.592
0.984
9.764
3.116
0.24
1.744
1.156
1.288
0.628
1.252
4.344
5.932
1.636
2.008
2.068
0.62
4.924
0.368
1.872
8.388
2.504
3.256
1.736
1.02
0.552
7.3
0.888
1.94
0.864
1.588
1.312
1.688
0.588
1.928
0.624
0.932
0.3
3.56
1.244
2.432
8.572
4.592
0.196
0.388
1.016
6.772
0.224
2.088
1.096
1.844
1.376
2.36
1.184
1.472
1.56
0.936
0.32
0.616
0.748
0.42
0.352
2.708
3.236
0.924
3.32
1.508
4.38
1.648
3.276
2.912
0.728
0.628
0.772
0.748
2.308
0.8
3.804
6.988
0.264
0.212
0.276
8.444
7.112
0.208
6.98
3.9
1.368
1.48
0.668
0.2
2.116
1.024
1.972
0.916
1.716
1.508
2.404
0.232
7.056
3.192
7.528
4.396
2.332
0.4
2.496
1.776
1.152
0.192
2.868
0.456
1.412
1.592
0.416
0.888
0.8
2.044
1.648
6.516
2.788
1.128
0.24
2.852
1.976
1.892
3.272
9.388
4.988
1.076
4.804
8.604
1.824
0.72
3.132
0.232
5.88
1.96
3.912
3.692
1.572
3.124
0.696
1.96
2.668
4.732
1.452
1.636
0.496
4.504
1.784
0.484
5.184
1.332
0.556
2.264
0.26
0.436
0.892
1.716
0.36
0.876
1.936
0.796
1.276
0.976
0.86
1.304
0.412
0.296
0.328
0.24
3.18
6.364
3.392
5.016
4.968
9.988
0.356
0.78
5.452
1.876
0.524
0.908
3.18
4.236
2.652
0.952
1.284
2.436
0.436
1.372
0.204
1.144
7.08
9.996
1.356
1.04
2.628
2.172
1.252
3.376
3.044
0.236
1.276
2.164
8.572
0.468
6.244
2.248
0.3
6.692
8.344
2.104
0.736
2.824
6.74
3.552
3.196
0.7
1.46
2.204
1.488
0.972
0.372
2.384
4.42
8.272
1.128
2.924
0.436
0.604
0.64
2.896
0.504
5.684
0.356
6.48
3.088
1.308
6.56
1.876
4.9
3.656
0.208
0.208
1.092
2.624
10.856
2.968
0.62
0.184
2.956
0.24
1.628
2.252
0.412
1.872
0.288
1.204
1.08
4.624
1.812
4.716
0.452
2.216
0.596
1.46
1.5
4.164
3.048
0.256
0.428
0.564
0.448
6.072
0.572
3.028
2.132
1.108
4.88
2.524
5.86
8.244
0.732
3.228
2.408
0.292
5.908
2.096
0.304
4.116
0.208
1.116
4.392
2.484
1.164
1.736
0.536
2.184
4.436
0.36
4.244
0.764
0.924
0.624
3.108
2.248
1.344
3.348
3.828
2.684
0.584
5.192
2.352
10.256
0.5
1.956
2.216
0.548
3.544
2.372
0.472
2.332
3.28
5.66
0.996
6.58
0.816
5.56
0.892
6.028
0.204
5.676
0.78
1.008
5.208
1.568
0.56
2.64
0.704
0.564
2.576
2.672
2.82
0.676
4.956
3.264
0.492
2.08
4.344
2.32
0.472
6.284
6.3
0.2
2.028
3.988
2.8
2.084
1.96
0.548
1.472
7.32
1.472
0.224
1.804
0.572
2.548
0.432
2.468
0.98
0.92
2.06
0.212
0.704
3.852
2.632
2.976
0.516
3.464
2.776
5.792
1.656
1.356
5.468
2.064
0.252
0.288
0.308
10.22
7.036
1.26
1.956
5.432
0.452
1.236
0.224
3.916
2.12
0.588
1.572
4.084
1.716
2.712
4.612
4.132
3.364
2.552
0.848
4.764
4.308
0.948
3.2
3.58
2.24
0.372
3.248
2.124
2.888
2.164
0.48
3.332
0.476
4.064
2.756
1.628
1.512
7.828
1.548
1.544
2.3
0.996
0.688
2.448
0.64
2.852
0.64
2.736
0.364
2.588
0.38
0.736
0.248
3.388
4.936
0.244
0.296
2.572
9.832
2.98
4.148
2.368
1.952
0.232
4.936
1.308
1.332
2.96
2.14
11.048
3.46
1.264
3.544
0.236
5.928
0.328
1.536
0.376
4.456
2.956
1.924
3.456
0.824
0.74
0.94
4.396
2.02
3.68
5.012
9.092
0.268
1.536
3.94
3.432
1.568
6.076
1.008
0.952
2.988
5.804
0.9
0.956
3.828
2.444
0.648
3.2
5.492
1.688
0.536
1.124
0.268
0.964
1.848
0.208
1.192
1.476
3.84
1.068
0.74
4.872
0.26
0.732
4.456
2.04
0.22
3.08
1.008
1.312
2.984
3.924
3.896
1.008
0.66
5.264
2.688
10.324
1.672
0.776
0.44
0.808
4.496
2.884
1.5
0.36
0.932
2.624
0.74
1.752
3.572
1.716
5.348
3.464
1.804
1.86
0.428
2.46
4.848
1.888
2.268
0.676
1.72
0.908
0.276
0.436
0.604
0.724
0.248
0.788
1.848
4.92
5.08
1.196
1.28
4.364
9.152
3.444
7.716
1.816
1.568
0.836
1.808
2.612
0.5
0.324
1.604
1.432
1.348
0.496
3.584
0.764
0.308
1.144
0.272
0.388
1.704
1.26
2.676
1.988
0.792
4.02
1.22
1.048
1.972
1.88
0.88
0.624
0.348
2.64
0.204
0.68
1.06
1.608
0.2
6.768
1.604
2.548
0.872
0.764
0.392
0.24
0.36
0.408
8.524
4.856
1.18
0.464
2.676
1.448
0.2
2.036
1.324
1.6
6.896
1.004
3.924
8.952
2.42
1.544
0.208
10.496
0.436
0.892
1.992
0.22
2.028
0.524
8.484
0.332
0.216
1.344
5.004
1.456
0.588
3.704
0.356
0.516
2.38
7.904
0.296
5.816
0.456
0.856
0.2
0.484
1.72
2.056
1.468
2.756
0.572
0.884
1.708
2.088
1.816
4.092
1.816
2.424
4.244
0.808
1.04
0.704
1.28
5.564
3.128
1.18
5.98
0.544
3.588
1.656
4.516
7.38
0.704
1.084
0.732
0.684
2.948
2.376
6.448
7.576
2.644
1.628
0.684
0.316
0.836
2.484
0.304
1.976
2.772
1.176
1.104
1.664
0.812
2.276
4.384
1.116
1.232
0.208
7.348
0.776
1.092
1.124
6.476
0.42
0.288
2.968
1.964
0.868
0.732
1.912
10.94
1.74
0.74
2.4
0.872
0.716
2.544
0.268
0.5
5.34
2.972
1.228
1.2
1.008
0.496
8.964
0.9
1.14
0.976
0.32
2.84
4.204
1.636
1.744
0.536
1.076
1.072
2.548
4.08
1.756
1.116
0.54
1.364
0.788
5.756
3.176
4.464
0.208
0.688
3.344
0.216
2.38
10.316
1.316
3.348
2.016
1.188
0.368
2.024
6.432
1.192
0.372
0.328
7.66
0.368
5.776
0.908
3.644
0.328
0.568
2.304
7.82
2.536
0.256
1.136
6.056
0.492
0.432
2.972
2.54
5.688
2.12
1.568
2.508
0.268
0.24
1.968
3.956
1.292
0.4
3.604
3.676
0.46
1.216
1.5
1.056
0.776
1.048
0.812
0.208
1.96
4.252
1.676
5.04
0.528
4.636
3.652
6.576
1.424
10.148
5.316
3.376
0.228
4.368
2.812
1.276
0.46
0.66
0.484
1.408
0.216
0.576
1.76
3.876
1.58
0.24
2.712
0.252
6.18
7.984
3.288
2.464
2.8
1.436
0.584
2.572
1.984
1.184
5.348
0.204
2.436
0.38
9.712
0.208
1.532
0.828
1.724
8.368
2.516
6.576
0.76
1.324
1.06
0.208
1.196
0.688
0.232
5.396
0.816
0.54
2.072
5.572
2.904
1.228
1.344
3.004
1.284
2.0
1.128
0.932
1.616
1.268
0.424
0.308
1.54
7.004
1.86
1.496
9.04
1.264
0.764
0.368
2.684
0.892
9.616
2.244
0.52
1.664
0.596
2.368
2.172
2.92
5.776
1.092
0.868
7.524
0.68
7.312
0.824
1.444
1.224
0.232
0.592
1.944
3.228
1.544
4.456
0.688
0.984
0.496
0.388
0.26
0.916
7.74
2.576
9.464
0.204
0.792
6.096
1.108
0.624
2.176
1.868
4.624
2.328
2.928
1.596
1.328
1.428
4.536
1.004
1.996
0.368
1.256
2.82
5.84
0.86
1.876
3.552
1.988
0.272
2.356
0.976
3.784
0.544
3.148
0.584
5.172
0.656
1.996
0.676
1.376
0.208
0.776
7.76
6.008
0.332
2.112
0.26
0.216
0.36
3.08
2.152
0.268
2.904
1.828
0.852
5.764
1.0
0.232
2.192
0.584
1.46
2.332
0.644
0.516
5.056
0.844
4.716
0.772
3.736
0.212
0.228
0.592
0.584
0.46
3.312
6.36
1.836
1.5
2.116
4.392
0.236
5.724
1.452
0.44
0.668
1.788
3.412
4.416
0.324
1.296
1.436
0.232
2.828
2.872
0.88
2.644
0.956
1.364
3.7
4.552
4.048
0.308
5.748
0.336
1.756
0.664
3.236
0.208
1.184
0.256
0.82
0.304
0.576
1.924
1.56
0.444
1.8
2.048
4.352
3.852
0.256
1.488
5.392
0.472
5.224
3.292
1.576
2.16
2.084
10.112
0.888
2.3
1.416
0.432
1.404
3.0
4.048
0.204
1.0
1.736
0.572
0.68
1.444
1.364
1.352
0.788
2.308
1.956
0.388
6.7
1.992
0.208
0.672
0.54
0.308
0.584
1.744
0.38
2.612
3.304
5.18
4.16
2.696
0.836
0.472
0.208
3.528
5.988
1.736
4.044
1.012
1.264
1.232
3.54
1.088
0.304
1.072
2.488
0.456
2.912
1.968
2.132
1.252
0.652
2.848
1.328
0.996
3.384
3.184
0.216
2.252
0.796
0.88
8.004
4.84
1.0
1.008
3.04
2.2
3.996
0.288
1.184
6.0
0.556
2.204
0.588
2.024
4.78
1.196
1.712
1.624
1.82
0.544
1.692
3.628
0.316
3.628
0.2
0.432
2.612
0.248
1.684
3.036
0.652
1.924
0.88
0.372
1.236
1.528
1.288
1.14
5.676
9.36
1.228
2.552
3.084
0.984
7.364
0.46
1.112
0.368
0.216
1.8
1.916
2.032
0.908
1.924
3.604
1.648
2.816
2.996
3.6
1.032
3.804
6.168
0.396
0.228
0.628
4.092
4.004
2.72
3.636
1.428
6.692
0.812
0.776
0.456
1.372
0.244
2.764
2.404
1.132
1.524
1.292
0.936
1.264
5.128
0.728
1.092
1.54
1.508
1.052
1.772
6.516
4.732
2.224
4.3
2.248
3.692
0.964
0.636
1.428
5.356
4.784
0.56
1.02
0.544
1.28
1.92
1.32
1.06
0.928
10.52
1.708
0.288
2.76
0.708
0.64
1.752
4.284
0.58
0.62
1.184
5.576
4.028
3.692
4.896
1.092
0.448
0.42
10.372
5.056
0.336
1.772
0.216
1.532
4.904
1.492
0.196
0.492
0.208
7.508
1.428
2.372
2.4
1.704
0.208
0.636
0.48
1.192
0.452
5.488
0.56
4.02
0.236
4.24
0.76
0.352
1.008
4.616
3.308
4.064
0.872
1.352
0.864
3.956
1.508
1.108
6.744
5.024
1.244
2.664
1.732
1.108
2.972
3.324
3.052
1.148
1.692
1.24
1.04
0.212
0.2
2.292
2.76
2.632
3.704
7.588
0.52
1.836
1.56
2.656
0.836
1.876
3.9
8.148
1.476
0.564
0.596
5.98
3.28
1.852
6.092
0.608
4.204
0.644
9.356
3.912
1.428
0.572
1.98
0.484
1.992
7.688
0.928
1.696
2.2
1.776
2.932
2.736
0.992
2.14
3.388
0.368
3.552
10.012
4.888
2.136
1.836
0.528
0.796
1.412
2.5
0.208
0.212
3.608
1.704
2.116
4.548
0.448
2.356
1.32
0.3
1.04
0.376
4.74
2.404
1.096
0.804
7.252
1.1
0.652
1.812
0.976
0.284
8.524
0.956
3.064
3.096
0.724
0.428
4.484
5.4
2.52
1.212
1.116
0.672
3.36
3.128
3.912
6.092
1.072
0.284
1.748
0.532
4.584
4.268
0.204
0.408
1.044
3.0
1.908
0.864
2.136
0.236
2.072
2.728
4.496
0.908
0.48
0.568
9.572
0.456
0.648
4.036
0.556
1.088
2.392
0.964
3.612
0.608
1.368
2.7
4.196
0.392
2.492
3.416
0.428
2.268
0.368
2.26
0.56
1.452
0.54
0.932
0.324
1.752
2.652
0.544
0.324
9.892
2.364
0.712
5.704
1.248
0.432
2.84
0.52
5.264
0.784
0.724
6.148
0.98
3.404
3.94
0.268
1.26
2.16
1.512
0.556
6.524
10.676
1.648
0.256
1.332
3.408
0.54
1.392
2.448
1.288
0.436
0.968
2.132
0.344
2.62
1.272
10.26
2.052
8.54
0.212
0.216
0.728
0.404
0.352
2.112
0.24
3.32
0.944
3.124
1.436
0.696
1.356
2.292
0.328
3.128
0.308
0.296
1.44
1.172
1.728
0.512
4.16
1.452
1.444
0.596
9.912
1.652
0.788
0.388
0.232
0.552
1.236
1.864
2.056
6.22
0.716
0.292
7.984
1.512
0.2
8.98
1.06
2.324
0.756
4.752
1.556
3.052
3.108
0.34
3.08
0.448
0.744
0.436
1.664
2.084
0.472
1.664
2.064
4.86
5.968
0.884
2.596
0.908
1.368
4.112
0.928
0.884
10.38
4.252
0.24
0.768
2.188
0.596
0.24
2.088
3.136
1.18
5.044
1.48
1.256
0.512
2.212
5.772
2.152
5.6
8.204
2.284
2.412
0.412
0.9
1.58
10.624
0.764
9.096
0.352
0.544
3.304
3.892
0.9
0.452
0.196
0.808
1.328
1.548
1.184
2.444
7.716
1.388
1.436
1.404
1.052
0.784
1.504
3.176
2.412
1.128
2.02
0.872
0.288
5.8
0.64
2.58
6.012
2.076
6.176
4.524
2.256
0.336
0.736
0.564
0.496
1.384
1.452
1.98
0.36
2.444
0.296
2.544
8.928
0.928
4.1
0.528
0.684
0.468
1.812
1.096
1.172
0.764
2.024
7.824
0.816
3.312
0.948
1.4
1.892
0.948
1.204
0.8
2.756
0.388
0.752
0.276
1.644
2.576
0.236
0.204
4.128
0.768
2.84
1.124
10.048
2.004
0.272
0.944
2.796
1.132
3.112
0.236
2.112
5.052
4.912
0.328
2.916
1.024
0.196
0.788
2.392
1.476
0.212
0.248
8.696
1.176
0.728
1.112
1.44
0.22
0.288
1.284
1.692
7.148
11.024
1.4
0.504
3.904
2.144
0.812
10.268
1.352
0.4
4.108
1.8
3.8
0.868
0.308
0.54
3.068
6.824
2.044
0.528
2.94
1.568
0.588
2.98
1.816
10.1
0.22
6.196
0.656
0.628
0.716
8.772
1.936
5.456
6.62
1.508
1.836
10.528
6.068
1.552
1.548
1.048
2.536
1.364
1.24
3.708
7.036
3.62
1.052
2.964
7.012
4.056
2.992
1.412
1.488
1.268
2.648
0.456
1.768
3.364
0.448
1.112
0.44
3.024
1.288
0.236
4.256
5.548
0.212
3.644
1.448
2.704
3.436
1.824
5.696
1.996
3.16
2.44
0.796
2.22
0.58
0.52
4.764
0.348
3.248
2.476
0.732
0.264
6.5
0.208
2.552
0.64
0.292
0.556
1.176
1.204
2.368
4.564
2.74
1.856
1.58
0.192
5.672
3.168
0.764
1.488
0.256
0.424
1.664
1.728
2.048
0.536
1.392
0.204
2.28
0.536
3.612
0.688
0.376
6.084
2.72
4.624
0.272
0.792
0.652
0.204
0.552
2.32
3.356
1.276
1.004
0.22
0.592
1.2
2.096
9.08
2.5
0.836
0.38
0.632
1.196
0.588
1.124
2.384
1.436
0.784
0.636
3.248
0.736
2.096
0.692
4.896
9.724
0.968
0.728
1.776
2.104
8.2
1.632
3.22
0.472
1.668
2.488
0.464
2.676
10.116
2.332
1.492
1.096
0.26
4.256
3.516
1.648
0.732
0.932
0.864
1.168
0.252
0.492
10.584
1.464
5.58
1.156
2.18
0.636
0.9
1.936
2.92
0.392
2.896
0.576
2.604
8.656
0.656
10.144
0.588
1.568
2.308
1.212
1.344
1.292
0.952
6.648
0.252
8.488
0.484
9.84
0.208
1.208
2.504
8.748
10.92
3.04
0.5
1.016
2.352
7.368
0.564
8.084
8.36
3.316
0.22
5.692
0.432
2.68
1.12
1.26
1.948
1.104
3.112
2.776
1.144
1.032
1.836
3.24
1.58
4.328
1.44
4.116
1.268
5.98
2.824
1.844
0.232
2.272
0.58
4.044
1.46
0.852
3.76
0.608
0.592
1.34
4.076
0.648
0.964
0.296
4.572
6.688
0.252
1.52
0.212
0.34
1.012
1.356
1.568
9.776
3.836
0.368
2.704
1.672
3.928
0.328
3.46
1.7
1.892
3.436
8.696
1.752
1.9
1.432
0.256
0.356
0.68
0.3
3.688
0.352
3.776
0.216
0.372
2.84
5.676
0.88
6.544
1.832
8.744
0.976
2.132
6.708
3.084
2.128
2.456
1.388
0.584
1.9
0.212
0.22
0.56
0.992
2.148
3.452
1.596
1.168
0.632
5.832
7.68
0.508
2.22
1.172
3.196
9.728
0.928
1.448
1.48
0.836
6.504
3.872
0.656
3.296
7.02
1.26
2.772
7.208
1.288
0.816
0.616
1.736
3.252
4.2
0.212
0.648
8.024
4.216
7.104
2.324
2.98
3.892
0.528
2.548
0.552
0.32
0.504
0.204
0.9
4.276
1.696
1.716
2.236
0.376
0.416
2.948
0.28
2.472
2.048
3.72
2.156
0.332
1.504
2.26
4.232
0.636
1.964
6.936
1.692
2.464
5.22
3.668
3.624
0.264
1.02
6.132
0.252
0.448
0.464
0.288
1.772
5.796
8.792
2.028
0.46
1.944
1.376
1.168
0.508
1.024
0.456
8.36
5.852
9.964
0.536
6.796
3.952
1.296
8.888
1.388
3.124
0.26
3.24
3.444
3.064
1.276
2.284
1.224
0.356
1.472
0.48
1.908
4.32
3.368
1.612
2.432
3.536
0.256
1.08
6.224
3.94
2.376
2.128
1.124
0.924
0.32
0.572
4.644
3.14
2.52
8.256
0.916
0.736
1.688
1.204
1.452
1.216
3.556
1.472
0.656
1.556
0.916
2.804
7.656
0.432
4.344
1.24
0.308
0.364
0.712
1.848
0.84
0.584
0.272
0.928
1.392
3.9
0.476
0.72
1.276
0.46
0.292
0.72
0.796
0.428
0.804
9.88
1.912
0.672
0.88
1.624
8.296
8.132
5.112
0.936
8.36
0.316
0.256
2.224
0.916
0.808
6.756
0.996
2.056
5.088
0.668
6.468
5.156
8.16
0.928
0.264
0.264
1.564
0.908
2.604
2.524
1.32
2.532
2.456
3.2
0.356
0.492
0.496
0.2
1.468
1.584
0.424
0.196
1.864
4.792
2.204
0.408
4.248
10.908
0.232
1.236
0.984
1.764
0.448
12.028
0.412
3.66
2.868
1.7
0.884
0.264
0.548
0.212
0.976
0.34
0.3
1.856
4.672
6.732
1.028
1.932
1.972
3.508
1.164
3.86
1.412
2.396
2.116
0.232
3.232
0.976
1.944
4.172
0.28
3.068
2.924
0.764
3.136
6.652
5.36
2.184
0.484
1.036
1.78
1.26
0.38
1.736
0.344
0.656
1.188
0.196
3.468
1.064
0.548
0.376
0.204
1.268
0.32
1.008
0.44
5.776
5.528
3.616
0.596
4.328
4.82
4.132
6.3
1.812
0.62
1.808
2.072
0.8
6.352
2.772
3.724
1.9
0.76
1.068
1.312
1.424
10.152
0.816
2.416
0.224
2.488
0.792
0.572
5.14
0.452
5.408
0.684
1.416
2.776
1.748
1.224
1.12
1.564
8.168
0.94
0.468
1.076
0.8
0.68
0.94
0.412
0.628
2.556
2.328
1.5
0.392
0.744
2.424
0.26
0.616
3.044
4.592
1.524
4.04
0.252
6.6
0.452
0.852
0.708
1.752
7.852
3.036
1.692
1.744
2.724
3.408
0.204
0.208
0.82
2.76
4.456
2.244
8.22
2.94
1.348
2.976
3.012
2.972
0.992
0.376
1.736
5.808
0.728
0.24
2.644
1.172
0.7
0.34
0.228
2.656
0.816
10.448
5.152
1.392
0.26
1.992
3.444
1.584
0.496
0.668
2.936
2.228
0.332
0.488
0.572
2.776
2.568
0.348
1.992
2.512
0.196
2.288
0.344
4.884
2.264
1.132
2.764
1.432
1.956
0.496
0.44
3.596
1.192
4.788
9.5
6.608
2.864
1.668
2.584
0.444
0.26
2.392
0.204
1.056
2.936
0.552
4.016
1.32
3.332
5.008
0.78
0.34
4.04
0.3
0.828
2.064
1.832
1.436
1.092
0.22
0.696
3.916
2.6
5.064
2.496
2.236
2.28
0.356
0.688
1.004
5.56
3.716
1.152
0.592
0.412
0.352
2.352
3.436
3.236
0.24
7.036
0.884
4.128
1.272
1.016
3.528
2.256
0.764
0.556
4.252
0.592
0.92
0.904
2.664
4.46
0.708
0.664
0.196
3.068
5.84
7.272
0.688
0.916
0.824
0.388
2.968
0.34
1.276
0.836
2.172
0.7
3.52
1.488
3.792
7.98
2.396
0.7
2.812
9.552
0.944
0.776
10.72
4.056
3.472
3.836
3.268
2.708
1.956
1.74
2.692
0.444
3.468
9.488
4.624
3.892
9.368
2.144
0.416
1.752
3.576
1.2
1.836
3.268
0.204
0.684
1.044
5.94
0.412
0.832
1.796
0.504
10.68
0.596
0.36
1.048
5.508
2.464
2.8
0.804
2.764
4.344
2.152
6.548
4.94
0.724
2.108
7.004
3.808
0.676
3.276
1.112
0.408
4.908
6.048
4.956
2.772
0.268
2.324
1.804
0.808
2.132
1.068
1.852
1.348
0.716
0.772
0.52
3.8
0.664
2.408
2.216
0.48
0.264
6.816
1.36
2.468
1.072
0.52
0.208
1.072
1.0
0.22
0.916
3.892
0.4
2.16
1.316
7.916
5.72
10.72
1.792
1.364
6.516
0.956
0.616
7.92
4.42
5.9
0.732
3.556
6.52
2.296
1.204
0.552
0.392
3.364
0.796
3.748
1.58
4.844
6.616
0.832
3.788
0.796
1.02
0.268
1.604
0.672
5.224
0.924
4.316
0.54
0.74
4.544
3.188
0.58
0.936
3.136
1.268
0.984
0.372
0.46
1.568
0.756
0.26
0.268
3.96
2.884
1.036
0.996
2.468
0.44
4.256
2.468
0.556
0.752
0.212
4.912
0.744
2.784
0.224
0.276
8.068
1.524
6.744
2.812
1.704
2.056
1.344
0.48
0.604
0.808
2.588
0.716
1.516
0.8
6.684
1.572
0.396
6.856
3.732
7.656
0.444
0.256
0.436
0.596
7.488
5.256
6.796
0.448
3.28
4.364
3.408
0.388
0.236
0.652
7.064
1.604
2.868
0.652
0.548
2.66
6.756
6.292
1.584
2.696
1.456
1.188
2.272
3.8
0.312
0.308
2.224
2.892
0.876
0.348
3.46
0.856
0.776
0.348
0.46
0.232
2.776
0.472
2.176
1.048
4.58
4.984
0.372
1.748
2.708
0.26
0.728
0.252
0.456
2.048
2.34
0.48
0.596
0.416
0.4
6.572
1.24
8.548
0.552
5.096
1.916
0.36
0.552
0.848
0.196
3.912
0.828
0.652
4.072
0.772
1.412
9.112
3.476
2.056
3.292
0.876
1.164
0.38
10.136
3.42
2.924
0.932
4.276
0.392
5.148
1.06
4.184
8.02
0.836
0.508
0.632
0.708
1.896
3.888
1.48
3.88
0.348
1.88
0.308
0.3
4.484
0.648
0.804
1.18
2.728
1.68
0.596
0.304
6.512
0.848
0.68
6.156
0.492
1.308
1.08
1.808
0.776
0.62
1.488
1.644
3.888
3.604
0.256
1.732
3.568
7.844
0.968
0.764
0.876
1.4
0.284
7.856
1.412
2.944
4.328
0.596
0.26
8.54
0.94
0.248
1.856
9.164
2.452
1.908
6.504
0.34
3.672
2.82
3.248
2.076
1.104
1.716
0.424
3.44
3.788
0.372
0.568
1.2
5.984
0.328
5.032
2.868
0.332
2.008
1.112
1.96
0.24
3.288
0.704
1.552
0.788
1.248
1.828
0.692
0.304
1.604
0.972
5.38
1.1
2.836
6.08
1.948
0.944
0.976
2.948
1.932
3.156
5.784
3.104
0.416
1.94
3.356
1.728
0.292
6.924
5.42
0.292
1.02
2.756
1.188
2.404
7.2
0.792
3.86
1.064
0.228
1.184
2.792
6.444
0.324
2.904
2.14
1.64
2.0
1.144
0.192
0.412
1.628
0.78
2.784
3.216
0.62
1.856
3.224
1.032
0.396
1.748
0.292
1.324
0.228
1.896
0.34
2.648
4.228
0.364
0.872
5.144
1.668
3.284
2.628
2.852
2.676
0.7
3.228
3.388
4.864
1.5
0.336
0.264
0.816
3.028
0.236
10.596
7.06
2.588
0.808
3.048
1.368
0.236
1.144
1.852
1.144
7.152
5.696
3.032
0.964
4.804
1.784
1.48
0.288
1.356
1.932
3.308
2.472
0.488
2.788
2.364
1.384
0.668
0.212
1.116
7.832
0.392
0.684
1.108
0.752
0.688
0.632
1.32
0.548
0.5
3.888
0.264
1.156
0.208
0.508
5.052
0.2
9.716
0.652
0.624
1.38
0.488
0.32
8.904
4.216
2.552
0.812
0.524
0.796
3.388
0.832
0.204
0.372
0.472
4.8
1.004
1.644
0.38
0.42
1.136
3.116
0.904
8.04
0.896
5.056
1.968
0.376
1.236
1.968
0.956
2.956
0.348
0.204
0.636
3.852
8.904
1.736
3.8
0.244
0.42
2.192
4.444
0.36
1.416
6.792
3.072
0.712
2.644
0.304
8.096
0.888
1.56
1.26
0.496
4.636
5.924
1.144
6.128
2.236
1.68
2.632
1.052
1.304
1.948
2.22
0.672
4.092
2.32
0.984
1.32
2.176
0.74
4.644
4.644
1.852
1.304
0.632
1.776
2.236
0.248
1.492
0.2
0.696
1.82
4.856
1.628
4.348
3.236
6.776
0.728
0.272
1.112
0.776
3.904
1.188
2.02
2.168
6.72
0.824
0.66
4.004
0.284
3.452
2.444
0.372
4.636
2.168
1.736
5.56
0.264
0.612
5.016
0.492
3.728
0.996
2.392
0.516
2.152
0.328
0.328
0.728
2.264
3.432
4.04
1.016
0.672
1.424
1.396
0.224
2.024
3.056
7.496
3.308
0.772
6.12
4.404
0.428
1.228
3.136
0.82
0.252
2.752
3.2
3.536
1.244
5.704
1.768
0.9
1.404
5.312
0.396
10.016
1.94
2.964
0.724
0.88
2.076
0.208
2.152
0.384
0.328
1.988
2.576
2.488
2.952
0.44
1.712
1.128
1.844
2.116
7.14
0.528
0.336
4.22
0.296
10.104
2.912
2.54
0.328
0.748
0.54
2.552
5.748
1.748
4.588
8.772
1.32
3.036
2.408
2.176
2.4
1.5
0.308
4.356
2.6
0.932
1.584
1.18
3.544
4.252
3.848
1.572
2.24
0.196
2.224
1.172
0.208
0.704
1.48
1.228
1.212
3.5
0.78
0.704
0.432
3.804
0.46
3.408
0.828
1.088
2.212
1.12
2.74
7.412
10.96
2.316
1.812
0.392
0.68
1.788
0.752
1.376
0.792
0.432
8.66
0.652
0.252
0.36
6.316
1.608
0.552
0.46
0.304
1.216
0.748
2.576
1.124
5.204
1.7
5.06
0.8
4.98
2.032
9.52
6.32
1.336
2.072
0.784
0.28
2.18
1.376
0.356
5.504
1.188
3.576
1.104
1.768
5.652
0.268
1.94
2.312
0.456
0.336
0.808
0.472
1.804
5.58
2.596
0.964
10.248
0.56
3.476
1.736
4.116
6.032
3.428
2.484
0.572
1.388
4.288
0.36
0.956
3.536
1.692
5.484
0.86
1.312
3.632
2.296
0.46
1.0
5.78
3.668
0.284
1.06
11.004
3.44
0.736
1.984
5.86
0.496
2.836
3.56
1.536
0.82
0.928
2.868
0.264
4.5
3.664
9.504
0.62
0.532
1.9
1.892
1.716
1.728
9.316
1.264
0.404
5.436
5.108
0.56
1.052
1.972
0.44
1.916
2.12
0.932
0.228
2.6
5.668
2.492
2.06
10.0
6.404
0.904
3.152
0.748
0.556
0.192
0.56
7.668
0.788
2.272
1.42
1.092
1.116
2.512
0.716
2.92
0.5
0.58
8.372
7.664
1.464
5.396
3.116
4.496
4.06
1.664
1.432
0.492
0.904
6.896
0.624
0.32
0.476
2.572
4.66
0.436
2.28
3.032
0.264
0.264
3.884
3.916
10.532
0.452
0.892
0.928
7.108
2.552
1.692
1.72
0.224
0.32
9.264
1.196
1.276
2.4
1.444
0.384
3.284
5.372
9.896
7.732
1.076
3.66
4.096
3.256
2.296
3.092
1.456
0.536
2.456
8.644
0.408
2.204
1.22
1.532
4.892
6.708
0.776
3.2
1.168
0.856
6.624
0.84
1.016
7.248
1.648
0.316
8.24
0.208
0.236
9.296
2.712
3.568
0.668
1.164
0.2
1.184
0.78
0.868
8.388
2.052
0.624
8.2
3.516
2.264
2.708
0.676
0.412
2.592
4.616
1.968
4.364
1.252
5.36
0.348
1.592
2.556
3.676
5.56
0.448
0.36
1.952
0.212
0.704
0.524
1.24
2.412
0.332
0.344
6.588
3.388
0.276
0.248
9.68
1.804
0.244
0.212
0.804
0.912
2.072
1.492
1.1
7.396
1.7
5.46
0.516
0.244
1.4
8.812
2.396
1.528
2.272
2.34
3.564
2.956
0.508
1.092
5.588
2.244
0.24
5.336
1.676
1.04
1.436
1.616
0.884
0.292
1.452
6.152
5.272
1.624
5.96
8.44
2.004
0.248
0.432
8.176
1.616
0.656
1.42
1.436
0.48
2.444
0.232
0.736
1.26
2.796
0.552
0.648
2.904
7.072
1.78
0.644
0.268
1.404
0.48
0.208
6.164
2.236
3.368
5.104
2.8
3.18
0.664
2.152
9.628
4.356
0.652
1.976
3.976
1.38
1.776
0.208
5.768
2.132
8.6
1.768
0.28
2.076
5.668
0.864
1.312
9.596
3.92
0.52
3.132
0.264
3.084
0.28
2.252
4.532
1.5
0.816
3.352
1.164
2.556
5.976
4.264
6.188
1.264
3.132
0.92
3.256
1.052
5.676
0.336
4.564
1.584
0.48
3.576
1.924
4.16
6.548
0.464
6.804
0.576
2.796
0.208
4.072
4.42
0.624
2.18
3.112
1.216
3.076
2.108
0.376
0.584
4.544
2.212
0.548
4.932
2.4
2.468
1.72
6.032
1.884
2.144
1.344
1.004
4.716
6.496
4.716
1.204
1.836
0.6
6.192
1.86
0.24
1.068
0.224
0.208
3.752
0.752
2.148
0.576
0.524
0.6
1.936
1.928
3.464
0.332
1.396
2.396
2.344
3.98
1.564
1.62
0.248
1.248
1.096
0.22
0.74
0.492
0.236
1.26
0.196
3.148
0.252
0.776
0.868
1.84
0.464
4.58
0.524
1.1
6.404
0.748
0.372
0.656
0.424
0.548
0.924
0.704
0.528
0.488
3.824
8.032
4.78
5.996
1.28
0.928
7.272
1.044
2.44
0.476
0.508
4.3
0.896
0.324
2.62
4.94
0.572
3.788
0.208
2.556
1.672
3.676
1.912
0.644
0.472
0.856
3.588
4.628
1.596
2.34
1.036
2.252
2.004
0.884
2.248
0.908
3.128
0.468
1.216
0.324
0.196
0.816
2.488
1.716
5.864
0.648
1.84
7.88
5.812
4.1
0.22
1.728
1.616
1.056
4.74
0.5
0.908
3.436
3.872
1.36
0.94
1.036
4.724
0.32
0.424
0.464
1.16
0.484
0.412
2.272
2.028
0.728
2.808
0.232
0.764
6.276
0.944
0.332
4.44
4.228
8.096
0.312
0.452
1.62
1.088
0.416
1.568
0.444
4.512
5.26
2.404
2.704
1.28
0.404
0.292
0.868
2.096
0.868
5.072
0.636
4.18
0.88
4.148
0.996
2.5
2.74
0.208
3.5
0.34
6.776
2.36
0.704
2.904
1.264
1.456
2.764
4.968
10.8
0.396
0.596
10.512
0.98
6.192
4.9
0.616
0.94
2.268
0.472
0.32
0.664
0.26
2.396
1.132
0.608
1.3
4.124
2.48
0.428
3.176
2.752
2.996
2.212
5.3
7.088
1.472
0.452
1.364
1.688
0.34
0.4
0.54
3.768
2.408
1.34
4.408
3.1
0.464
0.54
0.212
5.496
2.696
2.648
1.48
3.972
1.176
0.54
1.152
0.608
0.4
1.224
0.688
5.508
0.536
6.54
3.408
0.608
0.604
1.44
1.128
1.148
2.264
2.616
0.26
1.912
4.64
4.74
0.32
0.32
1.428
3.732
4.332
3.06
0.736
0.244
1.064
3.324
1.812
0.684
6.212
4.416
7.016
3.812
0.932
2.212
3.576
0.336
3.192
0.232
0.212
0.892
2.464
2.052
0.692
0.3
6.976
0.564
2.132
2.916
3.572
0.228
0.84
1.424
0.444
3.26
4.144
0.492
9.28
5.304
0.264
3.316
0.3
4.192
0.2
2.26
1.244
4.048
0.34
1.432
5.14
0.456
1.86
6.32
3.38
0.744
1.476
0.9
1.752
10.644
1.2
2.232
3.216
1.188
1.436
0.828
0.744
0.424
0.232
0.26
0.76
4.58
1.668
0.604
0.836
4.392
0.708
5.832
1.756
2.368
0.524
1.508
0.212
1.356
0.772
1.64
1.912
4.656
4.48
1.952
0.196
3.692
0.352
0.428
0.264
2.224
2.384
1.324
0.736
3.916
3.408
1.096
3.028
4.32
1.088
4.144
4.38
2.16
1.404
5.38
3.432
2.784
1.02
0.408
6.412
1.12
3.232
0.196
1.3
1.508
3.888
1.828
2.676
2.052
1.364
1.16
3.06
1.828
2.16
0.608
4.18
0.408
0.624
0.436
0.436
1.08
2.996
3.248
4.96
3.204
1.552
0.696
1.836
2.412
0.208
1.276
2.144
1.976
6.2
3.328
4.832
1.208
2.212
0.668
1.592
1.748
