1.724
0.108
1.996
5.308
0.772
0.924
4.216
0.316
6.824
4.18
0.232
2.108
0.324
2.976
3.432
0.472
1.224
2.532
0.14
2.78
2.012
0.148
2.104
0.144
7.604
0.852
3.932
0.16
3.52
2.14
2.796
3.04
0.12
1.664
7.708
1.224
0.1
0.848
2.848
1.616
1.436
1.86
0.148
0.216
0.552
0.184
3.14
1.228
0.512
10.74
0.332
3.292
0.112
3.992
4.14
0.516
0.756
3.508
0.596
1.452
4.172
1.036
0.144
3.832
0.26
0.652
0.94
8.22
0.148
4.648
1.22
0.096
2.94
0.6
3.644
0.148
0.52
2.452
2.344
4.644
8.452
0.916
4.244
0.176
0.472
0.18
0.188
0.316
0.112
0.46
0.184
4.664
3.94
0.14
10.764
0.096
0.556
2.004
0.1
0.14
9.5
3.54
0.852
0.664
1.324
2.98
0.12
0.844
3.416
0.696
1.612
5.844
0.48
0.356
0.74
0.132
0.144
0.304
1.284
2.304
0.152
0.576
1.62
2.004
5.252
5.356
0.1
7.748
2.364
0.104
2.94
1.0
4.736
0.564
2.42
3.84
6.052
1.184
1.024
1.212
4.472
2.624
0.74
0.308
2.796
4.948
2.46
0.156
0.096
2.092
2.304
0.1
0.988
4.072
4.132
1.656
2.04
5.312
0.132
1.624
1.792
3.908
6.008
0.912
0.12
5.188
0.26
0.248
0.688
0.124
2.64
1.92
1.704
1.68
4.712
2.696
0.772
0.84
1.472
0.144
1.524
0.576
1.732
0.148
0.116
1.54
0.86
0.524
2.176
0.14
1.78
0.308
0.508
6.108
3.496
1.564
0.668
0.16
1.468
7.356
0.376
0.496
1.44
1.88
0.372
1.64
1.316
0.296
1.824
0.576
0.116
4.008
2.592
3.244
0.236
1.364
1.872
1.616
0.156
0.208
0.084
0.396
0.588
2.724
1.952
0.18
0.144
4.184
0.26
0.46
1.156
0.436
4.112
5.9
0.928
4.904
0.88
1.248
2.764
0.28
4.08
0.404
1.132
2.56
0.336
0.14
3.928
0.132
1.688
4.96
2.652
0.252
3.612
0.18
2.044
0.12
1.724
1.956
0.176
0.16
0.144
0.148
0.288
0.68
0.38
0.212
0.168
1.9
2.412
8.08
1.064
2.004
3.388
0.456
2.888
1.252
0.204
1.296
0.192
1.06
0.784
1.108
0.312
0.152
0.768
2.988
0.572
0.14
1.064
0.148
1.156
1.8
1.496
0.212
4.532
0.14
0.1
3.764
0.132
5.72
0.908
0.904
1.252
1.948
0.704
1.6
0.816
0.156
1.136
0.104
3.108
1.26
2.352
0.228
0.204
0.292
0.236
0.12
1.792
4.316
7.264
0.108
0.468
0.752
0.24
1.716
3.676
0.548
2.096
5.364
0.572
4.1
0.12
0.348
4.608
3.84
0.992
2.048
1.068
0.156
0.852
0.096
5.0
5.056
0.144
1.336
0.184
4.048
8.944
0.372
2.632
0.1
0.1
0.348
1.572
6.368
3.332
9.068
2.2
0.664
0.148
0.1
0.144
1.472
0.876
1.872
1.872
2.288
0.372
0.428
2.428
0.46
6.924
1.28
0.668
1.328
3.652
1.808
0.204
4.624
0.124
0.52
0.404
0.112
0.292
1.26
4.452
0.116
3.128
0.572
3.18
1.576
7.444
1.712
1.128
6.128
1.06
2.56
2.768
1.648
0.116
1.976
0.372
2.96
1.74
0.136
4.348
0.4
0.148
0.196
1.248
1.432
0.176
8.368
5.856
0.736
2.64
3.808
0.376
1.92
0.144
0.936
3.944
4.024
1.116
0.6
0.876
0.152
1.624
1.456
4.4
10.168
0.364
0.132
0.12
0.112
0.128
1.504
0.628
1.88
0.236
2.912
0.128
3.524
2.948
0.816
0.272
0.092
0.316
0.176
0.716
1.092
4.64
0.768
0.112
2.532
0.612
6.088
0.096
0.984
0.42
0.112
0.152
4.084
1.592
0.496
0.156
4.352
1.128
0.148
0.152
0.14
1.528
1.628
2.552
0.192
2.36
0.44
0.572
2.364
0.52
0.128
0.696
0.296
0.152
1.732
0.756
0.216
3.276
0.456
0.096
0.096
0.144
0.244
1.22
0.976
1.316
0.14
0.148
0.576
0.512
0.148
0.164
6.952
0.384
4.26
0.312
0.096
2.06
3.456
4.392
0.26
0.66
4.452
2.612
0.168
1.3
3.332
0.924
0.236
0.604
2.704
6.428
0.36
0.548
2.356
1.8
1.316
3.872
2.14
1.656
0.76
1.22
8.932
0.524
0.692
1.376
0.144
7.752
2.284
1.368
1.444
1.528
1.544
0.1
2.356
0.248
0.144
0.692
0.12
0.888
9.304
0.204
5.12
0.128
1.456
1.676
0.404
2.332
3.796
0.112
0.1
5.072
5.36
1.892
0.208
1.068
3.18
0.588
0.292
0.216
0.128
1.368
2.148
0.868
0.16
2.44
0.1
2.476
3.868
0.788
0.18
0.164
0.756
1.124
0.116
0.62
2.48
2.424
7.048
1.128
0.692
1.524
2.148
1.556
0.556
1.672
1.6
1.528
0.12
0.184
3.236
2.632
1.06
0.836
0.156
0.156
2.104
0.316
0.624
0.208
1.456
1.524
0.436
7.132
0.58
6.828
0.096
2.268
0.112
0.464
0.152
1.3
1.572
2.36
0.14
1.72
3.364
9.944
0.884
3.54
0.716
1.852
1.488
1.736
0.188
1.72
0.12
9.836
1.44
7.632
0.1
3.148
0.116
2.36
0.12
0.7
3.232
0.148
2.036
3.98
0.196
2.768
3.068
5.716
1.364
0.688
0.356
0.548
0.104
2.196
0.164
1.108
0.096
0.108
0.488
0.092
2.552
1.104
0.264
0.12
9.296
1.02
0.092
0.2
0.192
3.572
1.616
1.52
0.148
1.016
3.54
1.628
7.852
0.1
9.288
0.572
0.1
0.2
6.696
1.064
0.32
1.56
0.284
0.104
1.328
2.052
9.224
1.868
3.916
4.796
0.448
4.12
0.928
0.128
0.452
0.176
0.648
1.972
0.688
2.308
2.212
3.56
2.5
0.148
0.096
8.056
3.536
0.212
0.884
0.096
0.692
6.732
2.224
7.6
4.78
3.6
0.212
1.336
0.132
0.208
0.144
0.164
0.156
1.836
2.0
6.764
0.144
0.248
0.732
0.152
0.736
2.9
3.608
5.804
2.104
2.46
0.94
1.368
1.296
4.58
1.592
1.812
0.74
1.756
5.724
0.804
5.392
0.416
0.68
6.38
0.104
0.904
0.2
1.572
0.22
0.176
0.196
0.592
0.976
2.868
2.26
0.1
1.9
0.14
0.156
0.216
0.388
2.3
0.22
0.096
0.948
0.288
2.032
1.872
0.456
0.336
4.004
0.236
0.704
1.016
0.14
0.16
3.848
1.216
0.172
3.212
1.212
0.22
1.1
2.34
3.148
1.624
0.768
0.784
0.216
0.588
0.62
1.436
0.236
3.12
0.5
1.176
2.228
1.04
3.612
2.648
0.728
4.28
1.024
1.0
1.136
0.2
0.636
0.712
0.3
0.148
5.572
0.896
0.628
0.244
0.712
10.18
0.496
7.484
0.384
0.208
0.72
3.496
0.212
0.428
1.752
1.124
0.948
7.86
0.596
0.932
0.112
0.176
0.1
0.116
0.144
0.136
1.828
1.132
4.224
0.132
0.16
0.096
4.596
5.212
1.872
0.268
0.136
0.156
2.052
0.936
1.232
0.636
0.604
1.312
0.104
0.296
6.448
0.568
0.1
2.196
0.436
1.524
0.184
1.092
0.264
6.928
1.824
0.148
0.86
0.092
3.108
0.468
0.14
0.144
2.736
0.148
1.12
0.992
1.788
0.94
7.156
0.212
5.7
7.892
3.312
1.824
0.356
0.096
0.108
0.188
0.168
0.176
2.644
4.016
3.68
0.672
0.3
1.804
0.352
0.152
0.092
0.58
3.788
0.148
1.796
0.148
2.788
1.712
0.332
0.14
3.912
1.144
0.82
0.448
4.84
0.14
0.472
0.096
1.512
3.316
0.952
0.408
0.34
0.456
0.572
0.432
3.82
0.284
0.784
0.136
0.14
1.124
10.152
3.72
4.144
1.46
0.204
0.108
6.276
4.228
0.188
4.0
0.148
2.588
0.256
1.604
1.208
0.124
0.42
0.156
0.492
0.164
2.744
0.8
1.148
1.1
1.416
0.14
0.188
0.84
1.952
0.272
0.316
2.708
1.908
0.104
0.5
0.964
0.124
0.156
0.136
2.32
0.14
2.992
1.096
3.696
2.848
0.152
2.58
0.512
1.492
1.696
1.656
0.1
0.68
0.384
0.148
0.4
0.392
0.412
2.9
0.12
0.28
0.1
0.24
0.2
1.772
0.104
2.456
4.492
0.48
1.828
0.42
1.816
3.724
1.496
0.108
5.652
0.108
1.02
0.092
0.136
2.76
0.096
0.116
0.248
1.756
0.136
0.588
0.16
3.044
0.536
0.124
0.124
1.732
4.064
1.324
1.584
1.352
0.156
0.156
1.496
0.4
3.4
2.86
3.624
0.112
2.024
1.28
2.796
0.368
0.46
9.54
3.78
0.66
8.496
0.408
0.496
0.092
5.484
0.112
0.292
7.104
0.156
0.736
0.156
0.112
0.108
5.736
7.512
4.032
3.716
0.504
2.372
9.308
0.136
0.268
6.628
9.552
3.568
0.096
5.224
0.592
9.42
6.496
0.124
8.704
0.836
0.124
2.008
1.532
0.24
1.304
0.56
0.092
0.108
4.648
6.312
2.828
0.1
8.444
0.14
0.212
5.528
0.212
3.936
4.396
0.152
1.756
0.184
1.328
0.52
1.548
0.808
1.356
2.3
0.544
0.092
1.456
1.78
3.032
0.892
0.4
0.12
7.26
0.116
0.932
0.092
2.364
0.296
0.136
0.492
6.784
0.18
6.064
0.62
0.416
5.02
0.108
0.588
0.268
0.224
0.2
2.492
0.62
0.212
0.848
0.52
4.188
0.152
0.696
0.116
2.58
1.408
6.772
1.064
0.648
2.732
0.136
1.204
8.76
0.124
0.188
0.832
0.24
0.172
0.744
0.872
0.448
7.328
5.776
3.44
2.372
1.812
0.128
0.46
2.536
3.836
1.236
0.896
0.092
0.216
0.164
0.172
0.212
2.912
1.236
0.648
3.164
0.14
3.44
7.368
3.116
2.748
0.608
3.676
0.148
0.188
0.148
0.12
0.904
0.872
0.432
0.116
2.896
0.176
3.412
0.248
0.136
1.576
5.524
0.992
0.668
1.232
2.712
0.716
0.652
1.2
3.592
1.868
1.124
7.36
0.26
2.836
0.768
1.72
1.284
0.44
0.092
0.188
0.124
9.292
0.14
1.708
0.812
0.4
1.808
2.84
3.968
1.552
0.72
2.892
0.164
0.744
0.264
2.036
0.092
1.52
0.976
1.188
4.168
0.248
4.3
5.044
4.112
7.86
2.744
1.108
4.112
0.136
3.008
0.608
0.856
1.408
3.264
0.244
2.916
0.42
0.648
2.3
2.232
9.36
0.116
0.128
0.38
0.816
0.096
0.56
0.152
2.36
0.268
1.336
0.676
0.292
5.644
0.2
0.14
0.736
0.144
3.672
0.48
0.952
10.136
0.152
1.536
0.204
6.608
2.676
1.888
0.612
2.896
0.308
1.176
5.436
2.884
0.212
0.672
0.148
1.868
0.596
2.536
3.12
6.864
1.212
0.564
0.092
0.108
0.196
0.108
3.612
5.788
0.468
1.464
2.848
2.328
1.852
1.928
3.212
1.156
0.612
0.244
0.096
0.636
3.996
9.8
0.136
0.14
3.316
8.716
0.144
1.692
0.1
5.524
0.16
0.124
3.16
0.12
1.248
0.752
1.24
0.5
0.62
5.876
0.212
0.876
0.932
0.796
1.756
0.72
7.028
2.232
3.032
0.448
0.172
1.152
0.156
0.2
0.392
0.104
0.592
0.824
0.624
0.484
0.12
0.132
1.12
0.824
0.8
4.86
2.972
0.668
1.208
0.4
1.54
10.496
3.164
0.724
0.208
0.672
0.724
4.176
0.98
1.576
3.264
1.548
0.1
1.912
0.124
0.7
0.136
1.2
0.248
2.04
0.592
1.468
0.088
3.952
0.212
1.536
0.1
0.16
6.708
10.556
0.628
0.136
1.748
1.936
0.344
10.896
5.308
6.24
0.204
6.632
1.18
0.344
0.584
0.428
0.66
3.984
1.092
6.816
0.716
0.372
0.36
4.94
4.028
0.34
2.14
3.176
0.096
2.136
4.064
0.404
2.932
1.208
0.172
0.12
0.248
3.98
0.152
0.108
0.388
2.388
1.984
1.12
0.816
0.108
0.24
0.76
0.096
0.1
0.244
0.992
0.1
2.936
10.364
0.18
3.976
1.492
0.152
1.504
0.38
2.94
0.536
2.724
1.164
1.356
4.104
1.372
4.868
0.116
0.104
7.116
0.352
1.192
0.268
0.388
0.144
0.256
0.092
0.412
0.212
1.708
4.312
0.492
0.56
0.88
0.524
5.128
0.124
0.676
1.916
0.1
3.1
1.608
2.968
1.26
0.92
0.396
1.664
5.564
0.104
0.18
3.216
0.188
0.208
0.148
4.992
3.684
0.556
1.176
0.516
0.272
0.16
1.6
5.22
4.712
0.184
5.368
0.176
0.1
0.408
2.472
3.812
1.62
6.268
0.9
3.976
1.28
0.348
1.736
0.136
0.14
1.012
4.696
0.12
0.28
2.06
6.66
0.1
2.18
0.148
0.212
2.828
1.792
0.248
0.136
0.94
1.728
3.028
0.332
1.484
1.096
4.436
0.144
4.32
0.908
0.432
0.72
1.528
1.896
0.576
1.344
0.308
0.548
2.216
2.236
0.712
0.388
3.152
5.5
0.168
0.144
0.144
0.828
1.22
6.88
0.884
1.8
6.632
1.42
0.264
0.128
10.292
0.108
0.136
2.132
0.148
5.952
0.884
0.1
0.236
2.896
0.116
10.068
0.892
0.112
4.756
0.232
0.14
1.26
2.4
4.08
0.628
0.76
0.84
0.344
0.304
2.732
0.336
0.3
0.092
1.204
1.032
0.24
0.124
4.68
0.14
0.512
1.296
1.22
1.904
0.16
1.536
0.352
2.68
0.148
3.648
5.236
0.464
0.372
1.664
0.1
1.468
0.144
0.588
0.6
0.132
0.136
0.868
0.152
0.112
0.412
0.112
9.464
0.72
0.164
0.496
0.616
1.644
4.004
0.224
2.756
0.228
0.116
2.36
3.792
0.556
0.368
3.056
0.12
0.228
1.592
0.148
3.38
3.912
0.096
1.132
2.432
1.98
0.092
0.744
0.144
0.668
5.756
0.976
1.536
1.876
2.1
1.084
1.896
4.94
0.18
0.896
0.14
0.436
0.416
2.136
0.22
0.688
0.328
1.616
0.66
0.128
0.14
1.932
0.204
2.884
0.756
0.184
0.448
0.696
0.104
1.156
0.1
0.584
4.236
0.096
0.324
3.7
0.676
0.1
1.808
2.652
0.116
0.188
3.348
3.144
1.716
0.48
4.116
1.076
2.192
0.972
7.064
2.472
2.532
0.688
0.956
0.156
0.128
0.184
2.62
1.6
1.308
0.76
4.972
0.128
1.892
0.52
0.092
0.564
0.292
0.152
2.532
2.648
0.8
0.896
4.716
5.62
5.404
1.308
2.364
5.632
4.0
4.028
0.1
0.236
0.576
0.244
0.212
0.748
1.808
5.636
0.096
0.132
1.62
0.904
0.144
6.98
1.204
0.748
6.432
0.156
0.22
1.308
1.136
4.704
0.62
0.14
0.224
2.508
2.108
0.768
0.156
6.596
0.384
0.656
3.52
2.484
3.072
0.152
4.94
0.212
1.872
0.096
1.22
0.124
4.208
0.616
1.42
3.668
0.1
1.024
2.52
5.196
9.828
0.436
4.772
0.124
3.964
0.152
0.724
0.132
0.76
0.148
4.696
0.836
0.904
2.136
0.716
0.952
2.2
0.108
0.208
0.188
2.776
1.824
2.044
0.712
0.2
0.224
3.448
4.148
0.188
6.504
0.184
0.596
1.036
0.156
10.492
6.5
2.68
4.4
0.996
1.02
1.924
0.2
5.808
0.636
3.876
0.876
0.152
2.944
1.48
5.796
1.584
0.328
0.188
0.416
0.244
0.74
1.08
0.176
2.888
1.148
0.168
3.708
0.724
0.092
0.096
0.208
0.788
0.316
2.368
9.724
0.832
0.864
1.18
0.212
1.568
0.932
0.84
0.12
0.476
6.5
4.32
0.7
0.1
5.8
1.552
0.256
4.728
9.652
0.768
4.096
0.144
0.18
0.472
0.784
5.084
0.144
3.516
2.54
3.996
4.496
0.1
6.452
3.556
0.208
1.688
4.068
0.124
1.872
0.144
1.992
0.132
7.28
0.66
0.916
3.352
1.252
1.096
0.1
0.124
1.04
0.14
3.104
7.188
0.56
0.092
0.4
0.096
0.528
1.144
0.484
1.372
1.004
0.148
0.26
9.312
3.112
0.328
0.152
2.336
0.148
2.388
2.804
0.344
4.268
1.684
4.528
1.236
0.396
0.204
2.592
0.208
0.276
1.484
4.52
0.616
0.14
2.76
0.136
0.3
0.512
0.612
1.416
2.216
0.124
7.184
0.14
0.104
0.168
0.996
0.104
2.152
7.08
0.144
1.012
0.192
2.468
0.64
0.152
2.844
3.292
0.144
4.468
0.512
4.968
2.228
0.328
8.144
0.704
0.764
1.18
1.268
0.124
8.484
0.128
0.22
0.432
8.028
1.492
0.096
2.032
0.624
1.004
8.9
1.82
1.824
3.62
6.168
0.872
0.156
0.124
1.032
8.06
0.6
0.132
3.668
5.324
1.016
0.1
0.96
2.964
0.284
0.736
4.036
2.528
0.34
1.024
1.74
3.548
0.232
0.472
2.22
2.86
0.608
0.104
3.104
1.032
3.496
0.616
2.984
3.428
1.696
4.668
1.748
0.092
1.516
0.14
0.268
0.468
0.168
0.416
0.856
5.768
3.728
0.532
0.168
3.156
0.104
0.684
4.376
0.54
1.732
0.892
0.944
0.384
0.904
0.976
0.628
1.356
1.22
0.992
8.64
0.744
1.312
0.66
1.06
0.424
0.224
4.524
0.74
0.12
0.732
3.336
2.94
0.168
1.872
4.568
1.06
0.156
2.528
0.148
5.072
0.268
2.74
0.252
0.156
3.144
0.096
0.884
1.928
0.396
1.372
0.112
2.324
2.832
3.544
0.144
0.116
0.744
1.172
0.692
2.372
1.332
2.26
0.176
1.24
0.196
1.62
0.648
0.688
1.104
2.82
2.984
0.424
4.852
0.12
1.828
0.168
1.112
2.864
1.284
1.436
1.744
0.772
0.284
2.848
1.672
1.624
1.104
0.276
1.612
1.692
0.228
3.548
0.128
0.276
0.328
0.376
8.972
0.188
0.528
0.176
5.448
1.172
5.368
1.304
0.736
0.98
0.328
0.232
0.16
0.672
0.16
6.576
1.244
0.552
1.712
3.98
4.036
0.512
0.984
0.48
0.148
0.096
2.512
3.216
0.124
6.576
6.136
8.608
0.14
0.408
2.28
2.268
0.84
0.852
2.108
1.804
9.996
0.12
1.588
2.616
0.26
0.408
2.156
0.316
0.152
0.216
1.464
2.864
0.396
1.912
1.32
3.292
0.112
1.176
4.02
0.12
6.284
7.976
2.2
3.472
0.156
7.868
2.828
1.468
0.104
1.056
1.656
2.156
4.044
0.148
2.012
1.548
8.408
3.696
1.144
5.52
1.288
5.956
0.488
0.344
1.7
3.048
2.66
0.348
4.184
0.192
0.392
1.592
3.816
7.888
8.232
0.544
0.14
1.52
2.048
0.34
0.144
0.504
0.812
2.464
1.944
4.632
0.204
0.116
1.384
0.14
0.12
1.616
0.364
4.216
1.012
0.696
2.392
4.248
0.244
0.96
0.152
1.6
1.024
4.804
9.088
1.916
0.496
1.06
0.136
0.62
2.796
2.776
3.252
0.444
3.036
1.856
3.292
0.136
3.936
0.612
1.128
2.336
3.944
0.164
7.16
1.208
0.98
0.176
2.432
0.684
0.216
0.544
2.0
0.092
2.24
0.212
3.728
0.124
0.168
4.136
1.088
0.1
2.192
1.02
0.488
2.884
0.752
2.84
1.852
0.936
0.208
0.276
4.672
0.356
1.264
0.212
2.056
1.224
0.144
0.304
1.196
4.472
2.284
0.224
1.948
0.96
0.248
0.116
0.088
4.452
1.008
1.924
0.48
0.5
0.16
0.712
1.072
0.152
1.004
0.908
2.872
0.416
2.58
0.988
3.444
0.144
1.904
0.368
2.588
6.98
0.796
0.112
0.62
9.292
0.812
10.036
3.532
1.328
0.212
3.192
7.04
0.692
0.116
1.88
3.728
0.928
0.228
0.668
5.776
1.344
2.452
1.08
0.172
3.68
5.808
0.64
1.296
1.232
0.152
0.5
0.14
0.92
2.928
2.268
1.096
1.6
0.54
8.84
0.864
0.972
0.416
2.956
0.208
0.184
0.204
3.432
0.72
0.22
3.236
0.728
0.736
1.72
1.168
9.076
4.632
1.212
0.34
0.552
0.1
0.104
2.708
2.1
0.148
1.936
1.856
0.968
0.124
0.1
0.152
1.796
0.116
1.36
2.56
0.172
0.824
0.42
0.24
0.924
2.432
0.312
0.456
4.16
0.128
6.456
10.456
0.16
0.44
0.156
0.284
1.204
0.96
0.208
0.364
0.344
4.72
0.828
0.068
2.9
0.96
0.116
1.444
0.152
0.104
0.104
7.944
0.924
0.796
0.132
1.248
0.2
4.432
0.352
0.376
0.436
0.228
0.092
0.544
1.4
3.92
0.696
0.708
5.392
0.404
1.848
0.144
0.164
0.2
4.2
0.904
6.776
7.152
0.18
0.312
10.516
0.136
7.612
0.156
10.88
8.156
0.144
1.292
1.408
7.86
1.404
3.504
0.092
2.436
0.172
0.34
8.232
0.092
0.908
3.264
3.604
0.52
0.156
2.704
0.448
1.948
0.148
4.404
2.488
4.24
2.368
2.492
0.56
2.292
0.092
0.948
0.68
0.388
2.964
1.804
3.928
0.18
1.392
0.096
0.216
3.072
2.636
3.928
0.168
2.044
1.212
1.24
0.208
2.2
0.148
3.548
0.3
6.828
0.12
2.912
2.992
0.14
1.296
1.132
1.072
0.092
0.396
0.756
0.212
0.188
5.256
3.856
0.104
2.86
0.8
0.208
0.148
2.06
1.904
1.196
0.54
4.16
1.204
1.152
7.492
0.36
0.12
0.624
2.42
0.364
1.532
4.288
2.212
1.604
2.364
1.864
1.696
0.832
1.8
0.112
0.472
0.376
0.136
2.188
1.992
0.94
1.824
1.976
2.228
0.156
1.116
3.028
0.164
3.424
1.328
1.04
5.484
4.284
2.268
6.348
2.916
4.232
3.716
0.404
0.188
2.448
0.724
0.768
4.164
3.072
2.116
0.52
2.044
0.752
2.5
0.136
3.18
4.78
0.144
0.256
0.14
0.22
0.144
3.644
4.228
5.384
4.768
1.124
0.412
1.324
1.688
1.896
0.184
1.116
1.524
0.208
4.136
0.144
0.904
8.448
8.048
1.548
1.832
4.748
0.148
0.692
1.076
2.448
2.104
4.08
0.124
2.092
2.82
1.044
0.604
10.284
1.292
3.06
1.372
0.484
3.14
1.068
0.3
1.748
0.272
2.42
0.116
0.152
0.52
0.588
2.928
0.136
8.772
0.272
1.832
2.392
0.92
2.208
1.064
2.144
7.272
1.896
0.208
0.152
0.716
0.352
3.404
0.184
1.284
0.12
0.1
0.184
1.94
5.196
0.216
0.1
0.676
0.152
3.68
6.048
7.436
0.156
0.48
1.2
0.14
0.32
1.344
3.172
5.444
0.672
1.02
0.26
1.536
5.052
0.964
0.828
0.472
0.772
3.144
1.828
4.516
3.472
0.12
3.832
0.608
1.764
4.072
0.604
0.208
0.152
0.1
2.568
0.096
8.088
0.748
0.212
1.62
4.216
0.132
1.5
2.796
1.192
0.98
0.328
3.44
0.296
1.896
0.136
0.1
0.108
0.676
2.56
1.14
0.528
1.42
0.568
9.456
0.092
1.724
0.12
2.004
0.928
0.852
2.6
0.664
2.372
0.188
0.796
0.12
1.948
2.532
6.636
1.02
0.112
0.128
0.124
0.576
0.668
0.692
0.116
4.272
0.38
8.524
5.272
0.176
0.512
1.864
0.096
2.232
0.504
1.028
1.892
1.048
0.128
4.544
5.788
2.612
0.252
3.596
0.148
2.604
1.708
0.148
0.968
2.924
3.64
3.2
0.932
1.312
0.46
0.132
1.636
0.216
1.72
0.792
0.496
0.548
0.608
0.12
1.324
0.096
0.14
4.252
0.132
1.296
5.668
0.488
0.144
3.224
0.616
5.024
4.652
0.104
2.132
0.328
3.696
1.692
1.224
1.492
0.628
0.208
1.468
2.8
5.496
1.196
2.316
3.472
3.652
1.26
0.1
0.212
0.16
0.356
0.12
2.716
0.148
0.204
5.796
9.48
2.0
0.908
0.972
0.272
0.828
0.18
0.328
0.168
0.812
1.832
0.316
0.132
0.1
0.152
0.108
0.104
0.296
0.548
1.564
0.128
0.124
0.14
0.388
9.916
0.136
0.692
3.4
0.128
0.152
2.792
4.056
0.092
0.176
0.94
0.12
2.736
1.092
1.784
0.452
1.764
0.208
0.18
1.088
0.72
0.244
0.188
2.568
0.492
0.18
1.732
0.196
2.172
5.044
0.256
0.248
1.072
1.68
2.408
3.636
0.124
0.988
0.38
0.156
0.452
0.292
0.108
0.984
4.896
3.872
0.092
0.472
0.092
0.696
3.776
3.376
0.16
0.148
0.16
0.872
0.18
2.848
1.272
3.156
2.124
0.136
6.596
0.448
0.612
0.868
5.192
0.156
4.308
0.176
0.232
0.348
0.34
2.852
0.108
0.248
9.068
1.712
1.416
0.092
0.612
4.444
0.148
0.836
1.252
3.868
4.344
4.728
0.24
1.064
6.824
2.62
0.86
1.42
0.152
0.82
0.152
2.024
0.136
5.172
0.86
0.132
0.852
0.26
0.112
0.288
0.156
1.06
3.792
7.244
0.784
8.696
3.66
2.284
9.312
1.728
0.72
0.14
0.22
0.104
1.532
0.144
5.088
3.296
5.44
0.372
1.16
4.08
0.092
2.548
2.244
0.124
2.508
2.84
0.14
4.892
4.268
2.344
4.848
6.468
7.048
1.884
0.092
0.148
6.384
0.212
1.672
0.628
2.284
6.812
0.144
0.944
1.94
0.164
11.0
1.052
1.124
0.38
6.964
0.1
0.112
0.272
4.08
0.36
0.2
0.592
4.976
1.844
0.6
0.956
1.28
4.068
3.5
3.332
2.064
1.064
0.64
0.604
2.772
3.02
0.136
0.528
3.592
0.852
0.1
2.188
0.148
4.248
2.128
0.596
3.16
0.952
3.564
1.44
0.308
0.16
0.112
5.22
0.28
1.544
1.776
0.588
0.096
0.64
0.56
5.112
1.468
1.568
5.596
0.884
0.704
1.616
0.152
0.212
0.864
0.668
5.704
0.096
0.492
1.232
0.228
0.356
0.816
0.22
2.316
0.144
1.312
0.104
1.912
0.772
1.6
2.76
0.628
1.132
0.8
0.436
0.14
3.616
1.072
2.216
6.128
0.156
0.784
1.996
6.584
0.152
3.168
0.12
0.22
0.588
0.444
0.82
0.1
2.3
0.1
0.684
4.328
2.252
0.756
0.468
0.356
1.432
0.232
1.884
2.616
5.32
7.16
0.184
0.296
0.808
0.116
2.548
1.04
0.14
1.252
0.54
2.668
1.896
0.148
0.128
0.632
0.212
1.332
2.828
2.332
2.46
0.096
0.312
0.98
0.592
0.144
0.996
0.124
1.932
3.464
0.944
0.648
0.152
0.14
0.144
0.784
0.408
0.18
0.888
3.576
0.316
4.332
0.836
1.916
1.608
0.396
0.208
2.96
1.004
0.116
1.124
0.86
1.044
0.52
0.484
0.1
9.272
0.112
10.844
2.22
0.484
0.1
0.344
0.136
0.928
0.096
0.58
1.376
2.464
2.112
0.96
0.168
3.264
0.968
1.9
0.172
1.648
0.164
3.404
0.792
0.836
0.112
0.736
1.244
6.396
7.248
0.596
1.164
0.16
2.176
0.128
0.392
0.276
1.632
2.424
3.832
0.948
3.392
2.232
1.82
0.132
4.676
2.076
0.756
8.484
0.124
2.82
3.036
2.62
0.176
0.136
4.864
0.308
1.496
2.164
2.96
0.116
1.136
1.616
2.576
0.748
1.188
0.22
1.232
0.98
0.74
0.784
0.148
2.796
0.528
2.412
2.596
0.116
4.2
1.952
0.32
1.316
0.12
3.768
0.732
1.632
0.348
2.592
0.24
0.808
0.5
0.824
0.6
0.4
0.964
0.112
2.908
1.068
1.216
0.456
6.292
0.748
2.836
0.52
0.324
7.1
0.144
0.092
0.164
1.412
0.1
4.052
0.724
0.128
10.224
0.092
0.916
0.144
0.12
2.092
5.492
0.948
0.092
3.732
0.72
0.112
2.42
0.96
3.896
0.1
0.952
2.628
3.908
1.06
4.004
1.272
0.352
0.096
0.468
0.092
0.116
0.12
2.436
1.184
0.14
3.504
1.824
2.584
0.64
3.012
0.984
2.884
0.828
0.428
1.584
1.0
0.12
0.18
0.82
2.5
2.5
0.596
4.196
0.124
0.904
3.188
1.62
1.144
2.068
9.332
4.892
0.116
0.312
3.68
0.86
0.108
2.872
1.948
0.272
0.708
0.26
3.064
0.14
0.648
1.1
0.428
2.208
2.788
0.112
0.116
0.864
0.152
0.944
0.192
6.056
1.092
0.116
1.08
2.064
0.156
6.584
0.34
3.864
1.272
2.536
0.148
1.14
0.688
3.12
1.272
0.148
0.24
0.128
0.148
0.152
0.256
7.628
0.648
0.328
0.8
1.424
6.472
3.744
0.9
0.212
0.152
1.724
2.244
0.292
0.66
0.28
0.692
4.004
0.908
1.476
0.724
0.18
1.284
0.908
7.38
6.368
3.28
0.092
0.124
1.316
3.876
0.292
1.804
5.456
7.332
9.412
0.236
4.296
4.908
0.448
0.16
1.216
2.7
2.196
5.068
0.98
2.82
3.376
0.292
0.344
4.484
0.692
1.488
1.664
5.42
1.188
0.18
5.212
0.088
2.608
0.284
0.96
0.148
7.576
0.68
1.348
0.232
1.388
0.108
0.228
0.992
2.92
0.148
0.196
1.104
0.604
0.508
2.488
5.212
1.776
2.716
1.6
0.156
1.74
0.176
0.1
4.456
0.136
2.932
7.244
0.34
4.76
10.3
0.204
6.04
2.248
2.488
0.456
0.868
4.548
0.884
7.312
0.78
10.272
0.92
4.96
2.688
0.184
0.44
0.804
1.444
2.308
0.78
0.304
2.972
1.124
1.348
0.208
0.128
0.764
4.648
0.14
0.104
0.344
1.816
7.804
0.796
3.492
1.82
0.188
5.784
0.716
0.9
0.388
1.948
9.488
2.812
3.288
1.252
3.752
0.896
0.204
1.56
6.992
1.46
0.1
0.108
0.528
2.88
0.108
0.104
10.504
2.284
1.316
2.004
0.6
2.132
2.644
1.58
2.796
8.8
0.112
0.828
3.732
1.644
0.144
0.8
4.528
1.544
0.932
0.668
1.228
1.504
1.828
10.604
0.092
2.004
0.128
0.72
3.188
1.312
0.092
0.592
1.696
0.14
0.276
3.0
0.528
0.1
4.224
0.364
2.192
3.368
4.304
0.88
7.4
2.352
2.532
0.156
0.104
1.668
4.172
1.332
0.096
0.096
0.132
0.632
0.28
0.46
1.248
7.44
4.408
8.896
0.608
0.152
2.556
1.584
1.976
0.788
4.564
1.152
6.096
0.176
0.388
0.14
4.564
0.108
6.196
3.152
0.1
0.684
0.272
3.888
0.996
0.432
2.072
1.08
0.132
0.12
3.524
0.164
5.548
5.144
0.712
0.192
3.732
0.148
3.288
0.188
0.136
0.128
0.112
2.0
0.192
2.384
0.096
1.9
1.696
3.508
0.844
0.424
9.108
2.38
0.148
6.212
0.708
1.064
2.204
1.984
0.672
4.096
3.24
3.752
0.708
0.808
1.9
0.264
0.26
0.316
0.552
0.696
0.236
0.152
6.68
6.128
0.476
0.628
7.376
0.368
0.892
0.588
2.728
0.312
2.852
2.504
0.144
6.704
3.952
0.848
2.228
0.832
0.972
1.208
2.74
0.164
0.112
0.692
0.648
1.832
2.556
0.92
0.408
1.584
1.932
4.156
0.152
4.972
1.596
0.4
0.132
2.472
0.152
0.152
3.772
0.244
0.512
0.732
1.248
3.472
1.468
2.172
1.828
0.14
0.108
0.444
0.852
0.116
4.656
1.196
6.604
0.148
0.608
2.924
10.156
0.148
0.136
3.644
1.48
0.2
4.552
2.372
1.808
1.164
2.012
1.352
0.464
4.776
2.224
0.396
0.876
1.0
4.908
9.624
0.256
0.112
4.852
0.404
0.14
0.104
1.364
0.12
0.176
1.096
3.024
5.344
0.156
0.152
1.576
7.212
1.144
2.168
0.136
0.148
0.708
1.228
0.096
0.432
7.628
8.604
7.644
0.108
1.964
0.168
2.388
0.6
4.28
0.156
0.66
0.144
1.188
2.14
0.472
0.184
0.1
0.408
0.288
1.612
1.04
0.144
1.508
3.312
0.868
1.124
0.092
0.684
2.036
0.448
3.304
0.108
0.412
0.14
2.052
1.796
0.12
0.356
0.14
0.356
1.46
0.1
6.868
2.6
0.54
0.528
2.82
0.652
2.276
4.96
10.036
1.348
0.312
0.336
1.348
0.892
0.124
0.12
3.004
0.128
1.84
4.316
0.532
0.416
3.72
3.076
3.548
0.976
0.244
10.976
0.572
2.4
2.18
1.044
0.128
2.072
0.124
2.704
0.128
0.428
1.148
0.072
4.008
0.092
2.004
3.308
4.028
0.128
1.288
0.204
0.236
0.26
3.156
1.696
0.748
0.912
6.276
3.952
1.5
0.732
0.144
0.796
2.176
7.448
2.928
0.128
4.728
6.144
2.096
6.236
6.316
1.864
8.444
4.536
0.168
6.308
2.88
0.172
0.12
2.804
0.204
0.852
0.92
4.64
4.508
0.752
0.44
0.128
8.272
0.112
3.188
3.096
0.44
0.168
0.116
0.756
3.916
3.932
10.792
2.624
9.396
1.18
1.852
1.8
2.02
0.204
1.648
1.508
1.668
1.436
0.568
1.428
1.488
1.648
8.772
2.748
1.98
0.104
0.14
0.692
9.304
0.244
0.18
0.736
0.724
0.16
0.148
0.108
0.432
2.476
4.38
1.624
0.848
2.568
1.884
0.784
0.472
7.508
0.104
0.1
2.576
2.12
0.096
4.78
4.308
0.14
0.392
5.708
1.392
3.816
0.484
0.892
2.184
1.38
6.864
0.096
1.2
1.208
0.472
0.64
0.6
0.248
3.86
3.036
1.952
0.128
0.092
3.096
1.296
0.14
2.06
0.724
2.684
0.12
0.696
0.628
2.684
0.14
0.584
0.86
9.228
0.44
0.128
5.028
0.648
2.152
1.208
1.504
0.856
1.688
0.152
0.148
2.864
0.364
0.096
1.296
0.172
0.128
3.52
0.148
0.436
1.412
5.016
0.116
0.156
2.58
0.192
0.204
1.188
0.164
0.152
3.752
2.256
0.184
0.968
0.1
1.436
1.004
4.084
0.388
0.196
1.392
0.928
0.204
0.096
3.372
0.672
0.82
0.288
1.476
0.172
3.24
0.612
2.968
0.284
1.868
3.356
0.916
0.384
0.192
0.152
2.996
2.24
1.0
1.32
0.132
0.344
0.388
0.436
5.32
0.112
0.124
0.3
0.132
0.16
4.148
0.688
0.088
1.208
1.608
0.988
1.488
0.18
2.244
0.2
0.096
0.24
0.196
5.024
1.748
4.12
2.848
4.86
0.316
2.428
0.856
0.256
3.196
1.24
2.264
0.5
0.244
1.872
0.512
2.164
0.3
0.436
0.532
2.596
1.552
0.168
1.568
0.152
0.972
0.204
7.672
1.028
0.536
0.148
0.788
0.104
1.408
0.388
0.58
0.78
0.1
1.408
0.616
0.228
3.28
0.372
2.208
2.716
0.092
7.42
7.876
0.388
0.956
0.144
0.148
0.112
3.884
0.104
2.02
0.492
3.02
0.332
1.176
0.272
6.084
1.868
1.344
2.748
0.176
5.056
0.232
0.156
0.904
2.084
0.096
2.448
2.492
0.1
6.548
0.864
0.2
0.248
6.02
1.184
1.188
0.444
1.236
1.384
3.6
0.188
1.052
1.752
2.252
2.568
4.196
0.764
0.12
0.372
1.064
3.724
2.576
3.816
0.108
0.568
0.096
4.14
0.124
2.732
1.364
0.156
2.904
3.176
4.284
0.504
0.332
0.452
1.12
0.356
0.12
0.228
0.352
8.024
6.072
0.144
0.288
0.328
0.32
5.916
0.304
0.1
0.76
0.096
1.472
0.144
0.696
0.348
0.452
0.1
3.832
0.432
2.356
0.204
0.876
3.036
0.368
3.284
0.224
0.26
0.1
0.532
3.964
6.128
5.736
1.544
0.732
1.4
0.228
2.88
0.272
0.152
0.092
0.58
5.056
2.404
1.428
3.164
0.904
0.216
5.124
0.912
0.308
0.752
2.884
3.628
2.348
0.192
6.52
0.208
0.548
0.148
0.092
0.136
1.408
5.796
4.408
0.292
0.148
3.996
0.18
1.564
0.456
4.0
3.756
0.208
0.568
0.644
2.556
0.696
4.528
0.628
0.612
1.904
0.792
1.612
0.144
1.788
0.2
0.316
0.152
0.152
1.336
2.316
3.524
2.656
0.152
0.38
7.204
9.664
9.928
1.872
0.104
0.808
1.284
0.216
0.436
0.816
0.308
0.936
0.144
0.1
0.708
0.724
5.856
0.908
0.092
2.008
0.136
0.228
1.628
0.1
0.116
1.14
0.112
0.212
0.36
2.512
0.644
0.144
10.368
2.8
1.084
0.128
0.14
0.128
0.12
0.372
0.136
3.904
1.236
0.284
3.252
4.524
2.104
0.468
4.324
0.572
1.652
2.384
4.76
0.52
1.032
1.052
0.984
7.716
0.128
4.08
3.396
2.832
1.66
0.812
0.144
0.38
0.16
0.196
1.224
0.24
4.04
4.372
0.128
0.492
2.848
1.732
0.796
7.544
5.648
0.536
4.192
2.54
0.584
9.48
3.804
2.776
0.292
1.72
8.0
0.264
4.384
0.184
0.104
0.648
2.328
6.78
4.048
1.972
0.344
6.936
1.568
3.316
1.168
4.728
0.196
0.488
1.62
0.644
0.152
2.16
2.696
0.448
0.136
1.736
1.256
4.508
0.688
1.304
0.456
0.148
0.52
0.116
0.2
2.256
1.052
0.116
0.096
1.304
0.284
2.888
1.76
0.096
1.232
0.116
2.496
0.324
1.86
0.268
0.556
0.936
0.48
0.212
5.76
0.14
5.312
0.312
1.824
1.916
0.144
3.204
0.1
3.612
1.316
0.148
0.636
0.472
1.616
0.24
0.096
1.02
2.616
0.14
0.696
2.752
0.108
0.404
0.116
1.248
0.396
0.312
2.032
0.196
0.72
1.472
0.532
0.416
1.1
0.12
0.176
0.096
2.02
1.292
2.772
3.36
2.172
0.14
2.964
2.716
0.128
1.288
0.14
3.588
2.22
0.18
0.12
5.308
1.396
0.88
0.156
0.148
0.34
3.004
0.492
0.688
1.092
1.504
2.58
1.852
1.844
0.8
0.152
1.412
0.396
0.12
5.06
0.316
0.184
0.976
10.244
1.336
5.792
0.148
0.268
0.5
0.224
3.128
0.14
0.42
1.78
3.56
4.12
0.916
2.664
9.32
0.14
0.904
0.888
0.124
0.128
0.404
2.768
4.22
6.98
2.948
0.556
3.46
0.092
3.584
1.94
6.084
0.884
2.944
0.856
5.456
1.088
0.748
1.764
1.692
2.36
7.8
0.64
0.108
3.148
0.144
1.996
1.876
1.636
0.456
9.592
2.928
3.724
1.036
0.948
0.84
1.736
5.24
0.148
4.192
2.432
0.912
0.504
2.208
0.172
0.152
0.096
0.188
4.532
0.392
0.096
0.356
0.168
1.344
0.788
2.544
3.052
1.908
1.504
0.096
0.896
2.66
0.78
1.22
0.312
0.656
5.672
0.144
10.676
0.116
0.116
0.1
0.148
1.456
0.1
4.6
2.724
0.244
2.72
0.832
2.952
3.804
1.42
1.064
3.092
2.472
2.364
0.228
2.34
0.136
1.308
1.628
7.164
1.54
3.12
1.14
0.14
3.468
1.04
0.136
0.18
11.008
1.028
0.14
2.544
1.308
0.1
0.804
1.384
0.148
8.428
1.812
0.16
0.376
0.152
0.1
1.18
0.096
3.08
3.788
0.14
0.096
0.236
0.412
0.1
3.84
0.152
1.78
1.228
0.532
1.62
1.936
0.968
0.16
0.096
0.804
0.14
4.976
1.548
1.196
1.856
0.884
0.576
1.256
1.848
10.02
9.912
0.208
3.224
0.46
5.128
0.148
0.216
3.132
4.144
0.1
3.876
0.184
0.104
0.972
1.392
0.124
5.308
6.044
0.116
0.124
0.104
0.188
2.228
0.136
0.132
8.992
0.14
0.92
0.132
0.352
0.532
0.84
3.176
3.228
2.048
5.704
0.184
0.156
2.7
0.12
1.74
2.06
0.42
1.344
0.152
0.164
0.364
2.472
6.332
1.124
3.992
1.788
0.096
1.216
0.156
2.24
2.244
0.148
0.396
1.664
0.804
0.372
0.8
0.128
1.976
1.02
0.952
0.104
7.368
1.596
0.552
3.272
2.0
0.192
1.016
10.18
1.632
1.128
3.8
1.8
0.144
0.1
0.256
1.356
1.408
0.216
1.5
0.136
0.452
2.16
0.808
3.596
1.696
0.628
1.836
4.104
1.944
0.992
0.604
0.172
0.132
0.536
0.844
1.668
0.404
2.656
0.152
9.992
1.128
0.14
0.516
0.104
2.912
6.464
2.884
0.236
0.104
0.308
0.252
0.344
0.552
4.788
0.144
2.276
0.1
0.1
1.6
0.256
0.112
0.16
2.54
0.24
0.136
1.964
0.1
2.8
0.104
1.528
0.488
2.164
4.84
1.372
0.68
0.208
3.896
0.284
5.856
2.796
1.192
3.228
0.152
0.096
1.832
0.196
0.204
0.132
1.404
1.496
7.552
1.124
3.368
0.428
0.116
1.036
6.224
4.08
0.216
3.508
4.364
4.736
0.152
0.292
1.088
4.348
1.524
2.916
5.756
1.016
0.152
0.12
0.212
1.896
0.272
0.668
5.728
1.58
2.076
0.852
0.48
0.7
0.74
0.16
0.148
0.512
3.08
3.324
0.708
1.68
10.864
0.292
4.196
0.836
3.7
7.78
0.14
0.156
3.116
1.128
0.144
7.164
0.152
0.184
2.524
2.396
8.724
0.116
1.556
2.808
0.272
0.78
0.144
3.732
0.968
1.744
1.268
0.6
2.504
2.648
0.108
3.864
0.9
0.216
0.24
1.248
8.484
1.22
2.3
0.112
1.188
1.624
0.372
0.1
0.176
0.344
0.168
0.304
1.58
0.704
0.972
0.116
1.032
0.748
0.376
3.892
0.212
0.828
0.16
1.512
0.408
0.128
0.392
0.784
0.604
1.02
0.304
7.56
1.744
0.76
0.6
1.728
0.1
0.484
0.54
1.476
4.428
0.876
5.364
0.096
9.896
0.404
2.08
9.772
0.156
0.384
2.848
2.128
0.096
3.516
0.312
0.3
1.228
7.904
1.0
1.692
10.628
0.1
3.112
0.124
0.752
2.788
2.184
0.488
0.476
0.208
3.804
6.012
1.472
0.816
3.688
0.148
2.0
2.412
0.272
0.148
0.556
0.388
3.004
0.14
4.752
0.724
1.644
0.604
0.152
1.584
3.72
0.176
4.892
0.42
6.428
0.112
4.004
1.364
0.896
0.292
1.552
3.94
0.1
0.972
6.864
0.732
0.288
2.744
4.468
10.06
0.356
0.268
9.508
1.624
0.144
2.096
0.148
5.64
0.544
1.204
0.14
3.096
0.14
2.392
1.584
0.288
0.356
1.86
1.56
0.692
0.908
6.288
2.044
2.996
0.312
0.172
0.096
0.876
3.0
1.304
10.916
0.108
3.112
0.608
1.452
0.668
0.82
4.32
0.744
2.432
0.48
0.22
2.288
0.264
0.588
1.0
0.132
3.0
0.708
0.6
0.308
1.98
0.168
1.352
0.668
0.588
6.176
5.716
0.148
0.424
1.864
1.656
0.5
2.6
0.344
2.02
1.752
0.648
1.38
0.14
1.268
8.16
10.728
3.024
0.728
0.108
1.856
0.096
0.268
1.74
0.248
1.204
0.856
6.468
4.316
0.56
0.092
1.072
2.156
0.604
0.352
3.344
0.264
2.036
1.556
0.152
0.16
1.888
1.872
0.088
0.28
7.364
0.112
0.628
0.116
0.156
0.12
0.148
4.648
0.936
0.144
0.332
3.804
2.008
0.132
0.536
2.96
0.212
0.44
2.904
0.116
0.116
0.244
1.068
3.8
3.276
0.216
1.272
0.172
5.364
1.604
0.14
1.472
7.404
0.656
1.232
0.108
0.172
4.844
0.18
0.152
0.148
3.14
0.352
1.66
0.148
0.496
0.204
2.576
0.212
6.732
0.152
1.632
0.696
1.228
0.52
2.884
0.368
2.992
0.12
1.52
0.1
0.196
0.128
1.76
0.536
5.844
0.152
1.544
1.956
4.884
3.024
1.316
3.556
0.144
1.572
3.34
0.124
0.152
0.792
7.452
0.344
0.496
0.3
0.176
0.592
0.292
0.188
4.676
0.776
0.092
0.26
3.64
7.14
0.208
4.508
0.108
0.288
0.82
9.12
1.416
2.068
0.992
0.312
0.568
0.628
0.16
4.36
0.208
2.26
3.18
0.12
0.392
4.244
0.096
0.2
0.724
0.584
0.96
1.732
3.276
0.828
3.08
0.152
