2.44
2.668
3.14
1.808
2.488
2.372
2.32
10.732
3.488
0.32
0.88
1.216
0.468
1.436
3.028
1.44
0.072
2.012
1.948
4.696
5.7
1.888
1.58
3.476
5.336
0.776
4.376
0.872
1.228
0.948
1.916
4.396
0.496
3.7
0.076
1.544
9.408
9.572
1.604
1.828
9.208
0.92
0.252
0.94
7.288
1.572
1.068
0.824
1.496
7.94
0.076
3.992
0.676
3.148
0.616
0.876
0.676
3.152
1.156
0.848
7.656
2.192
0.364
1.384
0.516
1.4
0.82
1.304
4.976
3.616
3.92
7.36
1.444
0.236
0.572
7.048
8.672
0.056
1.052
1.312
5.0
1.16
2.552
3.26
9.968
2.124
4.588
6.736
1.668
0.812
2.336
1.044
2.8
0.816
0.884
0.776
1.56
2.504
1.044
2.364
1.164
0.848
0.044
2.664
0.416
2.8
1.044
7.036
5.308
3.288
0.292
3.28
2.044
1.928
7.204
7.292
1.812
5.868
4.516
1.12
3.336
0.236
3.084
3.828
0.2
0.788
6.176
1.924
0.344
4.384
0.548
2.148
0.552
1.96
1.408
1.2
1.46
0.284
3.54
4.296
1.476
1.2
1.12
2.988
7.204
6.26
1.576
0.464
0.292
6.248
0.076
0.928
0.216
1.04
0.528
0.364
2.884
0.188
0.628
1.76
0.916
0.156
1.252
11.1
0.852
0.332
3.28
0.696
4.588
9.02
0.432
1.256
3.036
2.344
7.308
0.46
1.94
3.156
0.192
5.612
1.7
2.368
3.5
0.296
1.48
1.656
0.628
9.324
0.72
3.988
4.044
0.792
1.16
2.224
0.108
1.668
2.536
1.224
5.696
1.272
9.28
1.0
0.956
7.592
2.804
0.244
0.816
1.364
0.444
6.552
0.1
2.824
1.268
2.764
0.712
0.144
2.136
0.208
7.452
4.532
0.084
1.216
0.872
0.4
2.208
1.044
0.08
5.216
0.212
1.648
0.776
3.776
2.432
2.72
0.364
0.916
1.892
2.988
2.052
0.82
2.38
2.568
1.056
2.572
3.264
1.476
4.536
5.928
0.292
3.156
3.004
0.848
8.884
0.32
1.192
0.772
2.412
0.236
2.292
0.252
3.216
0.7
0.108
2.644
1.988
0.704
1.756
2.976
3.116
0.76
5.476
1.02
1.496
0.976
4.828
2.328
1.4
0.584
1.9
0.22
1.472
3.108
1.984
0.252
1.12
5.516
6.084
9.884
2.448
2.628
0.412
0.568
1.716
1.264
1.232
1.312
0.716
3.28
0.776
0.14
0.652
0.224
1.644
2.156
0.296
3.156
3.172
0.532
0.368
1.568
4.2
3.912
1.008
4.004
5.72
7.904
3.124
5.36
0.92
0.04
0.5
3.832
1.32
1.032
5.748
8.844
0.624
2.712
0.456
2.848
1.228
0.34
0.356
3.2
9.816
6.088
0.92
1.924
3.068
1.612
0.356
0.884
2.332
1.292
5.176
1.312
5.88
3.548
0.904
5.788
2.156
2.452
8.092
0.152
6.26
1.38
1.312
1.56
2.576
6.612
3.452
3.916
2.084
4.148
1.372
1.164
4.652
4.1
2.656
4.516
0.532
2.068
5.424
3.088
3.408
1.568
4.108
5.396
10.076
0.172
2.492
0.264
0.216
1.284
0.74
9.268
0.432
4.228
2.112
0.248
0.376
2.252
0.304
1.532
5.38
0.544
0.928
1.488
0.536
3.896
0.384
3.356
3.26
2.148
0.996
0.12
2.16
2.664
1.988
4.064
2.452
4.108
4.408
5.772
1.088
0.312
0.924
1.296
0.668
3.112
7.176
1.008
0.784
0.704
4.324
0.392
3.98
0.296
1.532
0.056
0.432
2.184
1.596
2.904
2.708
3.996
0.252
0.92
0.22
2.064
1.148
1.152
0.96
0.868
5.564
0.088
7.38
9.836
1.52
0.044
10.392
0.34
2.332
0.332
5.62
0.428
1.708
0.884
0.196
0.132
1.364
0.316
0.58
8.26
1.236
0.208
1.176
4.26
2.864
0.804
0.196
0.472
0.876
5.004
0.9
0.144
5.148
0.64
11.028
1.336
6.612
2.608
9.664
3.328
8.712
4.588
2.644
1.316
2.828
2.256
1.948
0.692
5.992
1.248
0.676
0.812
0.348
0.132
2.44
3.024
0.736
5.284
2.228
0.408
2.988
5.912
8.06
0.248
0.208
0.12
0.688
3.288
1.428
0.424
1.968
4.388
6.912
2.444
1.536
2.48
5.032
0.56
1.188
0.416
10.36
1.864
0.616
3.484
1.756
1.288
1.216
0.216
0.504
3.564
1.42
1.192
2.588
5.752
4.588
0.272
0.624
0.628
2.484
6.18
1.028
1.9
2.092
3.32
3.06
0.052
0.832
3.172
1.98
1.968
0.328
5.212
4.232
2.064
3.92
1.376
1.652
1.368
1.32
1.488
0.7
1.368
2.6
0.244
0.776
7.704
0.084
0.128
1.712
1.796
0.476
2.7
0.388
1.568
1.928
1.052
1.0
2.112
2.228
0.4
2.964
1.176
0.252
1.544
0.984
0.944
1.276
1.26
4.196
1.72
0.616
1.164
1.028
9.004
0.696
0.488
1.404
3.392
0.868
2.016
2.064
0.404
7.336
0.12
0.58
0.08
3.144
0.472
1.344
0.944
2.144
5.104
2.416
1.872
5.808
1.516
1.436
1.016
2.584
0.384
4.24
0.488
0.436
0.604
0.74
0.184
0.968
2.392
1.896
5.692
3.32
0.776
0.132
11.096
1.936
3.112
3.248
0.264
0.852
1.548
4.54
2.708
0.56
3.296
1.744
3.552
1.352
2.196
3.496
6.16
1.876
0.92
1.232
2.42
0.552
0.432
1.972
0.676
1.248
2.536
1.944
5.236
0.504
4.556
6.432
0.692
0.204
2.192
0.812
1.056
2.96
2.036
3.02
0.3
6.78
0.944
2.692
2.624
10.948
0.06
0.084
0.992
0.988
3.636
2.176
2.076
2.948
1.456
2.084
0.128
0.944
0.82
1.34
10.964
0.18
4.208
10.932
1.204
1.376
0.836
8.488
2.288
2.488
1.2
4.388
6.128
5.184
0.936
1.784
0.708
0.544
1.436
2.192
1.744
10.576
0.236
0.416
2.616
1.48
1.048
0.756
0.256
1.792
0.052
7.736
2.316
1.428
1.224
6.56
0.864
0.136
0.924
2.912
4.608
2.764
2.696
0.088
0.776
1.364
6.18
2.916
1.26
0.904
2.148
2.728
1.808
1.5
0.872
0.832
0.576
0.408
5.34
0.452
3.156
1.48
1.904
1.508
7.112
1.02
1.992
1.312
0.3
0.164
0.532
2.388
2.292
2.532
2.368
0.5
6.112
2.032
1.2
0.096
4.188
3.996
0.2
0.84
2.964
1.68
1.336
3.036
4.264
4.332
6.296
0.2
1.856
1.4
2.916
6.744
0.22
0.896
0.184
4.772
3.924
0.616
2.828
9.164
2.124
1.056
1.028
0.44
5.856
3.896
0.448
2.344
2.964
4.856
2.612
2.608
2.284
0.224
1.156
0.304
1.928
4.964
0.956
5.196
2.828
0.196
1.26
1.28
8.624
0.284
4.756
2.896
0.904
2.612
2.892
1.12
4.808
0.356
0.996
2.236
1.136
1.432
1.216
1.632
3.536
3.756
1.36
1.128
1.536
1.868
0.064
2.112
4.272
0.18
2.628
4.436
7.364
5.476
5.552
0.464
0.984
0.964
3.888
5.856
0.996
1.268
0.5
0.764
0.616
0.68
6.848
0.804
2.0
1.524
0.268
9.704
0.22
0.14
2.796
2.596
5.536
1.812
0.74
0.724
1.42
2.132
1.104
1.452
1.56
4.404
0.1
2.524
2.464
2.84
3.456
1.968
3.952
0.184
3.804
2.504
0.276
0.652
2.792
0.18
3.804
0.732
5.38
0.676
3.42
0.124
0.472
6.952
4.888
9.584
0.912
3.408
2.6
1.64
0.42
0.58
0.072
1.96
0.816
0.972
0.8
0.456
2.22
0.064
0.5
0.86
0.488
0.416
0.536
4.104
9.884
0.704
0.908
0.44
1.428
2.4
5.556
0.792
1.94
1.808
0.62
0.124
2.328
4.404
0.364
4.032
8.652
10.496
2.284
2.816
4.288
5.132
2.272
0.508
0.72
0.472
1.828
0.456
4.004
3.832
6.156
2.124
1.148
1.572
0.908
1.004
7.392
0.276
8.164
0.7
1.872
4.764
0.504
5.344
1.472
0.22
0.288
4.356
0.632
1.18
1.24
0.224
1.048
1.612
4.392
2.612
9.656
1.684
0.22
0.252
0.944
5.4
2.04
1.24
2.268
1.128
5.724
0.612
4.708
0.296
0.056
1.188
6.768
5.184
0.296
0.088
1.368
0.64
0.904
1.952
2.764
3.852
4.736
1.028
2.548
1.268
2.096
5.368
1.828
4.056
0.452
0.296
2.492
4.2
5.968
5.468
3.384
4.808
0.144
0.16
2.112
0.788
0.296
0.216
4.072
2.424
0.352
3.456
2.236
0.148
10.1
0.22
1.176
0.184
0.424
4.312
0.544
1.956
2.532
4.396
0.296
9.592
0.384
4.184
2.972
5.352
1.52
2.256
1.624
1.904
2.604
0.896
7.008
1.492
0.68
0.712
2.44
2.296
0.972
1.84
3.436
0.484
1.524
0.76
0.9
1.96
0.68
1.94
0.052
2.124
0.648
0.516
0.292
0.708
2.752
7.92
4.556
7.336
1.1
1.676
0.588
0.16
0.244
3.38
0.812
5.212
6.416
0.992
2.336
1.768
0.22
0.06
0.16
0.252
0.864
0.508
0.84
0.912
2.932
1.476
0.652
0.584
0.1
3.596
1.576
5.276
9.816
0.612
2.144
1.14
0.688
2.836
0.316
1.056
5.184
0.508
0.336
0.044
0.448
0.308
2.632
6.268
5.1
9.06
0.044
0.144
0.744
1.544
4.016
2.18
0.708
0.268
0.084
0.068
0.868
1.172
0.6
3.332
8.288
0.936
1.024
1.556
2.692
1.188
0.488
0.828
3.068
0.244
1.988
10.136
0.36
0.844
4.648
1.716
2.06
0.672
1.336
2.448
0.368
2.256
3.228
2.976
2.828
0.956
0.804
5.5
2.744
2.028
6.868
1.472
0.604
2.26
0.612
4.776
2.276
0.36
1.588
0.232
1.84
3.308
0.84
3.788
0.884
1.008
0.152
0.932
1.128
1.168
3.704
1.164
2.288
0.736
5.216
5.216
0.372
1.008
0.688
2.164
0.336
0.208
2.512
2.608
0.416
2.072
3.276
1.452
1.776
2.0
2.764
0.508
1.324
0.484
3.04
0.072
7.828
4.704
0.244
3.236
4.484
0.896
0.708
0.38
5.8
0.772
5.596
4.26
2.408
0.788
0.08
0.312
5.592
0.512
0.612
6.232
1.432
5.572
3.192
1.14
0.144
0.376
5.716
0.22
0.94
1.984
0.448
1.536
2.696
3.216
2.232
0.196
0.88
6.336
3.712
3.14
0.396
8.124
9.068
1.968
0.152
0.704
2.212
1.516
0.472
4.104
5.928
10.928
1.848
0.616
0.224
0.956
1.228
2.316
3.524
0.184
0.132
1.104
1.012
0.708
0.184
3.316
0.756
2.324
2.064
1.936
0.36
2.736
4.856
2.728
1.552
4.624
1.196
0.692
1.084
0.216
3.596
4.216
5.46
0.256
0.2
1.832
0.376
1.192
8.12
3.164
6.156
1.568
5.124
0.312
2.82
9.576
1.06
3.296
1.652
1.008
5.064
0.9
1.556
0.604
0.304
0.716
1.664
1.756
4.436
0.724
2.236
0.984
1.376
0.708
3.728
0.144
1.196
2.68
0.36
6.616
1.084
1.06
3.824
6.016
0.204
4.156
0.82
0.04
3.916
0.732
1.548
5.04
2.596
1.08
0.76
2.612
3.368
1.732
2.156
6.944
3.828
0.344
6.464
1.548
1.308
1.688
0.572
0.116
1.084
1.888
0.324
4.84
5.808
0.532
5.14
7.028
1.252
1.536
1.272
5.028
1.56
1.576
0.7
9.04
1.016
0.712
1.6
7.188
0.48
1.968
0.364
1.724
1.4
5.024
1.304
0.42
1.756
7.24
0.6
0.896
1.588
5.476
2.316
1.596
0.588
5.168
0.64
0.252
2.168
1.052
0.82
4.044
0.22
0.064
0.624
0.412
2.432
5.472
0.156
0.068
0.62
1.728
2.464
1.804
1.544
0.208
0.236
0.3
1.612
6.96
6.628
0.544
1.616
1.392
2.464
0.876
1.172
9.024
2.66
0.616
0.956
2.62
0.596
1.08
6.304
8.636
0.716
3.396
2.524
1.02
1.592
5.164
0.732
1.276
0.84
0.28
3.608
2.504
4.34
2.756
0.052
3.844
2.212
0.952
3.012
1.864
0.08
0.388
0.272
0.752
7.768
3.908
3.908
8.748
0.12
1.912
5.276
0.82
3.68
1.132
0.336
1.4
4.516
0.16
6.748
5.612
4.264
4.668
0.128
4.544
5.744
0.596
0.848
0.764
0.812
1.12
1.936
7.408
4.452
3.188
2.324
2.22
2.796
0.236
1.012
2.584
1.444
8.184
0.1
1.512
0.496
0.98
0.952
1.664
0.188
1.336
5.964
2.408
4.416
8.016
3.068
0.464
4.576
0.616
2.32
3.888
2.496
0.164
0.052
0.78
0.904
0.848
6.132
3.76
2.404
0.172
1.1
2.012
0.976
10.44
1.224
4.368
1.476
0.208
0.108
3.34
1.74
1.0
1.172
1.888
0.248
1.548
2.1
1.356
0.268
2.444
3.968
3.344
0.964
0.916
3.168
3.316
0.048
0.08
2.272
0.768
1.036
2.3
0.512
4.232
0.44
0.328
2.952
7.328
1.616
3.816
5.732
0.76
6.06
0.8
3.448
5.168
0.132
0.952
1.012
1.296
2.94
0.28
1.784
2.632
0.252
1.696
2.504
0.844
2.876
0.208
0.568
0.068
0.996
0.4
2.812
2.508
1.312
3.944
1.128
4.752
0.796
1.448
0.132
0.04
1.864
9.256
7.136
0.132
0.904
3.268
0.16
0.548
4.04
2.032
1.788
1.468
0.64
3.264
1.348
1.356
1.26
0.312
1.836
9.392
0.136
2.188
9.192
3.076
2.504
3.628
0.736
3.096
1.344
6.508
5.428
1.724
1.524
2.784
0.316
1.7
1.928
0.64
10.708
2.24
1.352
1.028
1.32
2.56
0.652
0.104
0.788
1.344
0.436
0.512
2.412
0.464
0.492
5.924
0.956
10.76
8.256
0.9
1.064
2.572
2.256
0.292
2.696
3.692
0.068
4.86
2.684
0.488
0.808
3.632
0.164
5.116
3.752
0.628
5.732
1.908
2.972
1.864
1.652
4.396
1.084
10.904
1.348
1.144
1.004
0.584
2.276
1.928
1.976
7.628
3.388
1.052
1.116
1.492
1.032
5.32
3.304
0.956
1.032
3.776
1.044
5.764
0.952
0.112
6.852
1.896
0.268
0.292
1.468
0.144
2.0
2.768
3.396
4.616
0.292
1.26
7.444
1.504
3.14
0.852
2.232
0.052
2.416
1.328
3.028
1.424
0.7
1.412
0.072
7.216
0.172
1.116
3.796
4.92
2.932
0.208
0.18
0.532
1.792
1.68
1.804
3.24
1.956
0.18
1.848
1.032
6.896
10.128
2.412
0.204
0.984
1.792
3.164
5.484
0.208
3.392
8.068
0.968
0.8
10.288
0.948
0.392
0.996
1.796
2.1
1.092
0.416
1.196
5.536
0.988
0.592
3.948
1.476
0.996
2.508
3.268
9.16
5.12
1.716
0.132
7.428
0.624
0.304
1.696
3.188
2.956
2.812
0.708
1.996
0.32
2.252
0.644
0.484
0.844
0.6
0.912
1.644
8.988
8.132
3.44
5.652
1.284
3.268
0.156
2.216
5.196
1.14
4.152
3.34
4.62
0.364
0.424
3.332
4.16
2.728
3.244
2.168
3.236
1.48
1.404
0.608
5.54
1.172
0.252
1.532
1.824
3.204
1.42
0.156
8.592
5.584
1.408
1.552
0.604
0.424
1.552
1.772
8.68
1.516
0.048
0.196
0.092
0.312
6.488
0.048
0.456
1.24
0.812
10.628
3.952
0.264
0.536
1.916
1.0
4.148
0.364
2.66
0.116
6.444
5.948
3.048
4.04
0.424
3.124
0.076
0.632
1.156
3.948
1.852
1.348
1.26
1.596
2.484
1.296
0.648
2.64
0.08
3.148
4.224
5.68
4.96
3.164
2.656
1.416
5.264
1.976
4.528
3.26
3.1
3.996
7.276
0.86
1.468
1.428
2.804
4.044
0.32
3.9
4.896
3.724
4.548
1.208
0.164
0.176
1.392
1.888
0.14
8.76
8.868
6.048
1.364
0.672
0.248
0.36
3.572
4.996
2.996
7.056
0.324
1.496
1.064
5.792
3.792
1.344
5.44
0.86
1.252
3.148
0.752
3.208
4.06
7.832
1.524
0.528
1.828
4.92
6.528
0.384
0.304
9.244
3.524
1.288
3.232
1.82
4.752
0.512
4.0
4.864
1.048
5.612
3.504
8.576
1.596
0.448
1.404
0.188
4.92
2.036
3.016
0.22
1.84
1.216
6.068
2.512
0.852
4.552
2.78
0.672
4.416
0.56
0.664
5.056
0.228
2.584
0.172
0.056
0.408
0.208
6.56
0.264
2.692
0.392
9.336
3.288
3.752
0.516
1.048
3.64
3.708
1.476
1.076
3.804
0.528
4.496
1.472
3.524
0.516
0.524
1.044
0.508
4.6
4.656
5.832
3.36
0.8
3.536
1.244
5.7
8.992
1.992
0.224
3.332
2.136
0.6
0.244
2.556
1.556
1.032
0.976
8.684
1.96
2.128
1.916
0.368
1.848
5.428
6.26
2.248
0.304
2.02
1.604
1.072
2.812
0.316
2.952
0.148
0.912
7.58
4.152
0.324
2.432
0.184
1.744
1.548
0.86
2.532
2.596
0.444
1.54
1.228
2.068
0.352
0.668
0.284
0.872
0.104
1.984
0.82
1.22
4.12
1.332
1.452
0.588
1.708
0.26
3.56
0.092
3.88
1.992
0.824
5.536
3.924
3.608
2.04
3.256
2.92
1.088
0.468
1.04
3.0
0.392
2.12
0.208
6.852
2.584
0.844
0.092
2.336
6.244
0.552
10.272
0.444
6.092
0.608
2.196
0.164
1.38
6.6
2.576
1.992
0.172
1.48
1.944
4.692
2.044
0.244
2.364
1.632
2.172
3.112
2.776
0.66
4.732
3.132
1.9
0.072
1.452
0.904
2.34
0.692
0.192
0.084
10.796
5.556
2.288
4.172
7.556
0.192
1.712
1.108
2.064
1.556
0.056
5.464
0.368
0.644
2.892
3.068
0.188
1.936
0.756
0.792
0.568
0.116
0.9
0.22
0.448
2.004
1.08
3.772
0.768
1.848
0.656
2.496
0.644
2.952
10.252
4.084
1.316
3.208
2.78
1.812
1.928
1.144
3.356
6.56
0.472
0.428
0.156
2.512
0.224
1.696
3.48
0.04
2.192
1.72
0.532
0.06
2.904
0.2
0.092
0.86
3.18
5.296
0.92
1.372
0.524
4.816
3.792
0.856
4.396
2.428
2.312
0.92
9.46
6.616
0.492
0.208
2.98
0.404
6.144
0.376
4.064
1.688
0.628
0.092
0.132
0.38
0.352
6.548
0.584
1.008
0.14
1.488
0.44
2.372
3.808
0.592
4.956
0.604
7.288
1.428
2.316
4.16
0.848
1.244
0.528
0.168
1.292
3.76
4.82
1.152
1.688
1.472
5.428
2.044
0.084
4.484
0.108
0.132
5.192
1.2
2.86
0.912
1.012
2.308
1.068
1.0
2.044
8.324
2.916
4.736
2.04
0.412
5.864
0.492
2.508
0.648
3.244
2.276
2.072
0.912
1.2
0.404
1.708
0.996
3.792
2.012
1.82
1.504
0.428
0.804
3.116
10.448
1.68
0.868
0.288
3.036
1.336
3.96
1.768
4.748
0.532
4.552
1.728
7.016
0.044
1.876
0.768
0.88
1.692
1.284
0.196
4.336
5.896
2.932
0.356
3.276
0.176
0.04
0.904
1.304
1.024
0.596
5.12
4.344
3.832
8.6
0.364
6.524
0.816
1.444
3.016
0.712
3.86
2.948
0.32
3.796
1.672
0.08
6.124
1.18
1.304
0.188
1.224
2.612
2.396
1.392
0.52
2.396
1.452
1.612
3.332
1.748
1.016
6.872
1.732
3.952
3.524
2.852
6.26
6.444
3.096
2.476
0.056
5.664
1.564
0.696
0.484
3.648
3.948
2.78
0.744
1.736
2.36
0.964
0.112
1.388
3.36
8.068
1.248
0.976
3.208
3.964
3.156
4.888
6.74
5.308
0.56
1.308
7.704
0.976
1.884
0.772
0.388
10.056
1.948
2.6
0.436
0.772
1.84
0.188
3.728
2.48
5.696
0.372
0.192
2.328
1.176
4.988
2.444
4.556
3.672
1.784
4.112
0.512
0.492
0.548
1.728
0.108
0.7
9.104
4.064
3.592
1.256
2.284
1.488
0.416
2.744
3.736
3.128
5.456
0.496
3.044
4.412
0.46
1.032
0.052
0.592
6.476
2.272
0.128
1.692
0.148
2.152
2.276
0.2
1.764
3.24
5.308
0.16
3.112
0.428
2.096
2.08
4.788
1.888
0.612
1.344
5.068
3.252
2.072
2.712
4.332
1.1
3.38
0.376
1.296
2.056
6.1
2.224
2.02
0.392
0.796
1.404
3.016
1.892
0.936
1.356
4.54
9.46
0.916
0.312
1.192
9.22
2.332
2.0
0.388
0.652
0.252
9.42
3.932
4.088
0.884
2.4
2.736
1.172
4.768
9.6
1.192
2.464
0.66
5.588
8.34
5.96
0.224
3.876
1.672
0.712
4.428
2.94
2.676
6.22
0.16
2.88
1.052
1.232
2.356
6.988
1.704
0.376
3.376
4.132
5.168
1.428
0.064
1.172
3.236
6.716
3.556
2.532
2.58
0.264
0.34
0.656
0.24
0.636
0.372
4.328
0.164
9.796
0.108
4.612
2.568
3.812
1.86
5.324
1.588
0.524
0.444
0.236
3.868
2.728
1.1
0.988
0.388
0.112
0.932
1.76
0.076
6.516
0.308
0.96
0.164
0.68
0.968
1.316
5.268
3.636
3.396
1.916
3.32
2.628
1.004
4.924
1.76
0.496
0.716
3.2
2.0
3.26
7.892
4.624
3.616
1.348
1.56
3.42
7.856
0.584
1.764
0.58
1.452
6.36
2.828
0.088
2.712
0.104
1.328
6.464
4.596
1.812
0.084
0.904
2.776
0.912
9.108
4.08
1.38
2.06
0.852
2.824
1.56
0.292
3.496
0.444
1.332
0.948
0.26
3.4
0.508
0.092
0.816
0.876
10.268
4.016
0.28
3.388
5.272
8.656
0.776
1.572
1.76
2.032
5.692
1.952
2.44
2.64
2.792
3.636
3.868
0.736
1.124
0.704
1.788
0.12
1.232
1.212
1.708
1.356
3.628
0.832
3.28
2.48
1.8
0.108
0.352
1.168
1.736
1.444
4.776
2.252
3.784
10.296
1.12
1.164
0.1
8.632
1.58
0.448
7.132
1.296
1.7
2.804
0.188
0.688
0.144
1.168
0.836
0.84
0.944
0.664
1.232
0.956
1.908
1.452
2.072
10.692
0.916
3.436
1.2
5.1
1.6
2.1
4.472
0.528
0.616
7.512
3.288
1.092
5.484
0.648
1.684
1.332
1.168
1.288
9.204
0.896
7.26
1.28
2.036
1.452
2.164
0.164
0.52
0.572
6.872
0.132
8.968
1.124
1.62
1.396
1.676
1.2
3.008
0.052
0.076
1.452
4.336
4.928
3.404
2.644
1.812
0.056
1.636
1.232
0.5
2.372
0.48
9.012
4.176
3.856
8.852
0.096
0.416
2.524
0.16
5.396
0.096
4.42
0.26
1.852
0.556
1.112
3.104
1.448
0.772
1.444
1.656
6.504
1.664
4.46
3.248
1.68
0.656
0.5
5.684
1.216
1.992
1.732
2.724
4.152
2.1
3.94
3.464
4.516
0.988
1.812
2.864
3.328
3.636
1.0
5.068
0.792
1.332
5.436
0.868
1.416
5.524
1.876
2.968
4.952
0.104
6.78
0.236
7.552
0.844
3.624
0.936
5.816
0.112
3.404
7.884
1.428
0.632
2.852
0.844
3.524
2.804
0.452
8.632
2.844
0.148
2.872
1.76
0.516
3.076
1.98
1.432
0.356
0.256
2.464
4.152
9.196
3.672
6.364
0.816
2.948
3.716
0.256
0.88
1.468
0.164
0.14
10.204
2.156
7.492
8.692
0.452
0.36
1.804
0.248
6.908
0.656
1.276
1.452
5.24
0.548
3.696
4.656
0.524
7.136
1.404
1.396
2.54
0.468
1.824
0.184
4.108
0.5
1.176
1.492
2.86
4.472
0.496
2.408
0.448
1.484
4.372
1.676
1.316
0.94
0.912
0.976
0.216
2.684
4.084
0.404
0.472
1.36
0.436
8.784
7.536
1.056
0.856
2.824
1.4
1.06
0.216
0.476
0.164
0.608
0.544
7.2
3.012
3.596
0.604
2.536
1.956
1.028
3.884
1.772
4.912
1.228
2.1
2.512
0.688
0.4
1.876
2.352
1.744
1.192
0.804
2.8
0.204
0.928
2.84
2.34
0.064
0.504
2.184
0.092
0.384
1.552
4.268
0.636
3.528
4.828
3.256
1.216
1.928
3.352
0.968
6.152
4.272
2.028
2.392
0.924
3.188
0.432
0.436
0.836
1.532
1.58
2.88
0.54
4.352
4.672
0.34
1.192
2.532
1.168
1.004
1.524
3.992
1.088
1.92
3.896
3.372
5.612
1.352
2.924
1.096
1.492
1.268
2.54
4.036
1.4
1.088
3.244
1.472
7.288
0.512
0.536
4.428
2.096
8.044
3.032
1.732
4.444
2.508
5.088
1.492
1.84
5.892
0.048
4.228
1.876
2.56
1.196
0.26
0.884
0.176
9.6
1.448
0.644
10.176
1.572
3.356
2.888
6.228
6.416
8.18
2.324
0.824
0.124
1.232
0.272
0.184
5.768
0.56
4.204
1.06
0.412
1.748
1.948
0.548
6.744
10.024
0.12
1.12
0.544
5.292
1.22
3.848
3.752
5.48
1.544
1.192
0.444
0.404
5.956
0.096
1.876
5.176
9.584
0.524
1.44
1.728
7.52
2.312
3.664
2.396
2.136
1.944
2.104
3.412
3.016
1.868
0.912
0.404
1.052
4.596
6.116
6.128
6.3
1.5
0.696
7.56
5.276
0.164
6.548
0.264
0.468
2.1
4.496
3.224
3.268
7.12
2.532
1.92
2.856
0.3
1.148
0.3
9.568
3.596
0.36
0.236
0.36
0.228
4.672
0.976
7.42
1.964
0.34
2.576
0.704
0.2
0.832
4.964
1.78
1.064
0.312
1.524
0.908
1.9
1.408
7.368
1.696
7.812
1.084
0.98
5.16
4.604
3.064
1.872
0.564
1.912
0.092
0.3
6.052
2.792
5.164
1.16
4.288
0.196
6.072
1.776
2.476
0.816
0.952
2.02
1.772
0.124
0.924
1.492
5.252
0.48
0.472
7.084
6.996
0.944
0.84
10.74
0.408
6.58
0.56
1.268
0.412
1.056
9.78
0.732
3.444
0.292
1.012
0.408
1.008
10.384
4.076
8.12
2.136
1.9
1.964
2.636
6.484
0.552
4.116
0.164
4.876
0.788
1.216
2.528
0.452
1.964
5.376
0.644
0.616
0.616
2.0
0.736
1.432
0.076
0.908
1.936
3.504
2.488
0.208
0.76
3.172
1.628
3.824
0.156
2.868
0.636
1.6
0.124
0.684
0.268
1.192
3.964
1.696
1.896
6.456
1.784
0.364
2.54
3.192
1.916
0.496
1.072
3.208
6.912
1.936
6.728
5.344
1.176
1.488
3.088
0.4
2.292
3.272
8.984
0.064
1.648
2.416
11.056
1.656
2.028
0.248
2.344
1.204
5.264
2.568
4.728
6.824
3.036
10.456
0.512
1.756
1.568
1.28
0.16
7.456
4.26
2.004
1.116
3.82
3.068
6.276
1.132
1.304
0.8
0.044
0.804
1.58
7.804
5.284
8.312
5.644
2.572
1.732
3.656
0.86
4.94
1.864
0.752
8.856
2.424
4.548
0.684
2.608
0.212
4.58
0.108
1.072
0.376
0.584
5.552
0.804
10.448
2.608
2.78
1.052
4.092
3.756
6.804
2.148
1.94
1.564
3.928
1.068
2.844
0.472
2.4
0.964
1.856
0.872
0.188
0.396
0.296
2.188
2.136
0.344
0.98
1.628
2.956
2.324
1.252
4.628
5.148
0.436
2.032
1.9
0.868
0.068
1.644
3.808
1.004
1.776
3.468
0.58
0.552
1.392
0.168
1.128
1.84
0.384
10.276
6.444
0.068
2.572
0.364
8.672
0.376
7.36
0.896
2.764
0.468
1.392
2.244
1.152
0.588
1.836
0.872
0.664
2.084
2.952
0.44
1.436
4.372
6.376
2.896
8.904
0.784
1.416
3.036
3.492
1.02
3.264
2.372
1.0
1.636
0.192
2.752
1.776
2.284
1.196
0.904
0.236
3.716
4.648
1.812
2.664
1.808
3.312
0.284
1.384
0.7
4.184
2.988
2.26
0.04
0.16
0.356
4.548
0.604
1.476
2.128
0.424
9.532
1.248
0.324
7.08
1.66
2.52
4.568
1.208
1.148
2.16
10.824
3.648
0.944
0.04
1.16
2.368
4.444
0.204
0.06
4.06
5.008
0.236
3.052
0.764
6.7
2.56
2.44
7.344
0.948
0.708
3.892
0.38
0.324
1.42
5.564
7.068
1.5
4.928
2.772
0.828
9.552
0.584
0.876
6.916
1.768
5.972
1.58
2.564
4.868
0.496
10.66
0.664
1.452
1.04
1.232
1.176
1.48
0.172
2.88
1.268
1.94
0.408
1.776
2.624
1.836
5.364
1.772
0.432
0.632
0.872
0.744
4.244
1.184
0.912
0.488
0.256
4.66
2.664
0.412
2.648
6.072
5.168
0.872
0.112
1.204
0.108
0.464
1.964
1.3
0.944
1.464
0.452
0.196
0.12
0.864
3.084
0.396
3.504
0.42
0.92
0.664
1.172
2.772
0.412
0.808
1.164
0.568
0.292
1.98
1.772
0.9
0.308
1.104
1.968
0.092
1.028
0.616
0.92
1.936
1.576
0.704
0.508
2.764
3.52
1.68
8.32
0.152
8.948
1.02
8.884
1.324
1.016
1.728
0.132
3.376
4.352
5.116
4.068
4.644
1.22
0.22
0.984
2.24
1.944
1.812
5.936
8.036
1.324
2.472
1.568
0.152
3.724
0.816
0.124
2.844
1.272
0.408
2.56
5.456
1.792
0.092
0.452
2.752
6.96
0.776
1.524
0.6
0.436
3.532
0.256
0.184
0.668
2.388
4.136
3.536
10.392
0.552
2.724
6.832
1.072
2.58
3.972
2.056
2.236
4.836
3.704
9.008
2.52
2.136
0.752
10.752
1.096
0.224
3.348
0.596
1.048
3.076
0.128
0.876
0.24
1.996
2.568
2.168
3.24
0.6
3.508
0.12
1.452
3.788
0.836
0.944
0.78
0.048
3.804
1.24
0.676
0.284
3.052
1.484
0.084
2.688
0.772
1.104
2.592
0.352
0.388
0.652
1.64
2.04
3.908
1.084
5.04
3.592
0.072
0.952
5.008
0.888
4.0
0.56
1.844
0.404
1.808
0.24
0.32
1.376
0.044
1.092
2.148
0.308
1.456
1.032
5.208
0.348
2.992
1.208
0.756
0.152
2.168
3.092
5.548
0.672
1.464
2.52
0.856
1.188
1.584
1.604
0.208
1.036
2.992
4.112
0.904
0.28
1.524
0.672
0.888
1.304
10.096
6.244
1.128
2.464
1.136
2.336
2.888
6.852
4.272
1.504
1.88
4.608
0.62
9.42
0.916
0.704
1.464
8.928
0.888
0.048
1.14
1.876
2.112
1.664
0.32
0.372
1.928
1.176
0.188
2.016
2.484
2.44
4.628
0.184
2.972
0.596
6.264
1.824
0.98
0.216
0.492
9.096
3.052
3.876
6.388
3.464
1.96
0.252
8.176
3.016
0.196
0.316
0.716
0.684
2.332
0.272
3.436
3.684
0.7
4.196
6.536
1.244
0.44
1.132
2.668
0.268
3.232
0.472
0.548
1.06
1.172
1.188
1.268
3.5
6.072
2.78
2.3
2.244
1.488
1.064
0.764
5.316
10.044
0.084
1.38
0.144
2.22
0.248
0.2
1.072
3.484
2.128
0.072
0.28
2.356
7.956
6.796
4.228
7.24
10.908
1.108
1.336
7.512
4.008
4.912
0.524
0.716
4.576
0.8
4.408
4.836
1.488
0.616
2.528
1.936
0.604
0.112
0.604
1.344
2.444
1.072
0.132
1.344
3.796
6.464
0.324
0.984
0.08
6.5
4.656
6.008
3.088
0.724
0.06
0.824
1.136
0.732
0.528
2.668
2.452
1.432
0.588
6.008
3.22
0.184
0.352
3.288
7.552
0.044
6.8
10.528
1.056
6.484
3.588
0.564
0.656
5.58
6.996
3.668
3.4
0.2
0.108
3.396
1.176
0.212
1.516
8.092
1.148
0.676
1.692
2.8
6.0
0.472
1.976
2.388
0.976
1.984
2.572
0.44
0.164
1.816
0.308
2.336
0.252
0.104
1.7
5.824
2.32
1.268
0.796
0.124
4.484
10.388
6.692
4.068
2.156
0.136
6.82
0.864
0.132
1.116
10.676
1.296
0.712
1.468
1.264
0.048
2.116
2.976
2.052
0.668
2.108
4.588
0.98
1.092
3.748
2.864
1.748
1.636
10.656
0.128
1.388
1.116
0.8
9.692
3.388
4.224
1.788
3.452
7.708
0.44
0.144
0.884
3.128
2.324
8.696
2.128
0.952
2.54
4.124
0.996
1.532
2.992
0.624
1.348
0.416
2.332
2.256
0.168
4.432
0.92
1.848
1.356
0.86
4.152
0.676
0.352
0.848
0.236
0.216
2.764
0.172
0.548
2.564
0.32
2.18
0.908
0.94
0.044
2.364
1.644
4.4
4.116
0.044
1.456
0.52
0.224
0.288
0.188
3.476
0.312
0.044
2.468
0.384
2.604
0.696
4.252
0.592
0.208
0.352
4.588
0.276
0.48
1.124
2.016
0.172
5.532
4.28
2.396
2.912
8.8
2.036
1.5
3.3
6.232
4.872
1.328
1.36
1.664
0.32
1.588
6.08
0.652
0.744
0.128
9.744
3.832
1.708
0.748
2.076
0.74
0.36
0.5
0.616
2.556
0.368
3.06
4.22
0.992
0.244
6.448
5.628
1.276
0.084
4.276
0.74
2.816
0.56
0.296
6.248
0.624
1.536
11.636
0.792
2.096
2.464
1.676
1.472
0.676
1.636
0.196
1.368
0.344
0.724
0.704
0.968
0.276
1.048
2.524
0.08
0.564
0.992
3.172
0.088
1.092
1.296
0.912
1.86
2.464
5.18
2.964
2.552
0.86
2.152
3.828
1.316
3.444
1.24
3.9
6.824
1.34
0.276
1.392
1.408
7.3
1.836
3.748
1.612
3.428
0.256
0.184
0.272
6.316
1.468
0.712
0.672
0.1
5.312
1.352
1.432
8.816
3.192
1.848
1.42
2.352
4.484
2.032
1.148
0.828
10.124
1.74
1.256
1.376
1.148
1.44
6.8
1.516
2.52
5.608
1.568
1.712
0.256
0.572
2.8
2.376
5.564
0.092
4.376
5.44
5.876
0.856
1.18
5.38
0.036
1.368
0.312
0.384
0.928
0.712
3.596
6.008
5.116
0.72
0.916
3.072
0.08
1.144
0.532
2.984
0.124
1.852
1.296
0.484
0.4
0.18
1.168
1.264
9.996
0.656
5.548
4.712
3.264
0.276
3.824
0.148
1.356
0.416
2.112
0.204
3.584
3.644
0.592
1.136
2.808
2.756
7.024
0.168
1.548
0.296
4.012
1.496
1.916
2.576
0.848
3.08
2.54
0.536
8.324
5.348
4.9
2.096
0.184
4.64
0.524
1.8
2.028
1.136
9.956
1.412
0.136
2.36
0.816
0.976
1.06
0.108
0.732
3.656
2.108
0.508
6.744
0.524
5.604
0.308
0.74
3.364
0.756
0.272
1.636
1.524
1.832
1.168
0.732
0.44
3.16
2.06
2.656
1.732
2.696
1.788
0.728
0.148
2.604
2.348
4.532
1.604
0.936
4.952
0.248
8.6
0.44
3.824
1.844
3.028
4.768
5.06
0.484
0.356
1.124
1.524
0.868
0.624
0.592
0.348
0.108
1.86
2.312
2.22
3.916
0.912
4.38
5.768
0.3
1.288
10.108
1.472
0.192
3.572
3.956
0.956
4.872
1.304
0.372
0.712
7.672
6.244
0.644
4.656
2.508
2.336
1.92
0.92
0.068
6.196
3.048
1.256
0.72
2.208
0.984
0.232
1.044
2.46
0.316
0.872
3.256
1.2
3.936
4.372
1.232
1.588
6.416
0.508
4.988
3.308
2.884
1.372
0.812
0.708
0.428
0.524
2.608
0.936
0.312
1.116
0.612
1.436
0.524
9.64
1.96
0.168
3.636
0.864
6.864
3.956
0.336
2.368
1.46
0.424
1.268
1.556
5.068
0.968
2.744
5.996
2.092
2.884
1.056
1.192
0.756
1.204
2.408
3.168
6.744
1.756
5.6
1.836
0.972
6.732
0.844
3.448
4.412
0.984
1.292
2.352
2.532
1.896
0.664
0.596
1.144
6.072
5.952
0.18
0.656
1.924
1.976
3.284
0.208
2.5
0.208
0.86
0.504
9.228
3.96
3.0
2.396
5.58
2.112
4.192
8.072
2.048
0.544
2.596
1.608
0.42
1.72
2.548
2.352
0.224
0.628
1.044
2.692
8.276
0.148
1.552
7.988
1.436
2.476
2.104
1.104
0.696
1.852
0.832
0.652
3.412
0.192
6.02
0.468
2.052
1.048
0.392
3.62
0.224
1.14
0.152
2.464
5.724
0.236
2.056
5.304
7.66
2.748
2.156
7.06
0.788
8.496
1.392
1.324
0.96
1.628
3.28
0.848
1.908
6.928
0.664
2.252
2.128
3.168
0.352
1.284
0.688
0.52
2.36
6.552
0.708
0.04
3.512
0.392
0.4
1.112
2.756
1.848
0.548
1.244
1.312
7.876
4.04
0.12
0.756
0.548
3.124
4.772
2.184
0.244
0.52
2.308
0.768
2.796
6.948
4.768
1.228
2.796
1.136
7.22
0.128
4.568
2.132
2.076
0.74
2.116
2.0
1.344
2.06
1.132
0.264
0.256
5.876
7.144
6.424
5.004
1.22
0.12
2.412
2.6
5.924
0.976
7.252
1.068
2.96
0.256
1.712
0.1
2.936
0.548
3.34
0.856
1.256
0.336
5.672
5.32
0.6
2.0
0.984
1.492
7.732
0.164
0.58
0.54
1.524
1.16
0.272
1.18
2.172
0.952
2.816
6.0
2.808
0.236
0.268
2.156
1.284
7.276
0.38
2.316
1.548
5.46
3.116
4.848
1.848
4.636
4.432
2.188
0.104
0.108
1.516
0.48
1.96
0.824
1.476
8.34
1.068
1.556
3.252
2.968
1.12
6.768
1.16
8.36
0.232
2.0
2.752
0.104
0.828
0.148
0.912
0.376
0.324
2.116
0.356
1.188
7.64
5.076
3.908
0.2
4.16
1.116
0.904
2.732
1.792
2.384
0.3
3.78
1.276
7.744
1.884
1.828
1.832
0.372
0.096
1.372
7.832
0.704
0.2
0.38
8.212
2.656
6.192
8.972
0.06
1.796
0.116
2.86
1.968
0.476
0.448
2.432
0.948
5.252
0.652
0.956
1.0
0.048
0.592
1.144
1.016
1.748
2.452
0.244
4.248
2.272
0.184
0.18
0.116
0.66
1.004
0.76
2.212
1.228
0.04
4.868
0.62
0.256
1.504
4.508
4.488
2.248
2.584
3.616
4.376
1.808
0.932
0.644
0.236
7.44
0.756
0.332
0.44
0.524
11.076
3.996
2.536
0.136
1.38
1.74
0.272
8.176
6.456
2.476
4.86
0.804
6.176
4.444
4.684
0.136
9.82
0.34
5.052
2.904
0.364
1.528
0.424
1.172
1.228
4.124
2.028
0.848
2.768
2.376
0.1
0.5
6.436
4.0
2.2
1.084
0.296
6.548
3.936
1.788
6.476
4.176
0.192
0.656
2.308
3.508
0.2
5.852
0.772
2.12
1.192
3.676
0.096
7.604
1.132
4.304
0.56
0.476
1.472
0.796
1.896
6.7
0.196
2.96
4.68
3.856
1.064
0.468
5.492
0.872
3.504
0.528
3.42
3.964
0.088
1.092
1.052
0.864
2.248
0.944
1.552
3.672
0.2
3.272
1.912
0.256
3.948
0.16
2.692
3.592
1.276
2.82
1.932
1.12
3.152
2.092
0.128
1.496
1.312
0.312
0.852
0.136
3.5
1.536
0.504
0.08
6.108
1.936
1.864
3.848
3.272
2.348
1.06
2.8
0.644
1.984
1.956
1.268
1.544
3.568
0.128
5.02
1.332
0.94
0.584
1.012
0.592
1.116
4.76
1.092
0.704
2.82
1.208
3.268
2.972
5.344
5.66
0.72
1.224
3.788
0.74
0.756
1.704
0.376
4.196
0.292
0.204
0.432
5.112
0.432
3.468
5.48
6.872
0.232
3.472
0.236
4.264
1.224
0.384
1.5
7.444
2.328
1.368
2.1
0.208
0.284
2.46
2.916
5.168
3.984
1.14
2.5
9.408
0.416
1.72
0.22
2.172
3.264
2.756
0.7
0.408
0.128
1.128
5.672
3.056
1.884
2.42
0.34
1.94
2.1
0.292
1.876
4.12
2.016
2.68
5.628
3.268
3.54
0.3
2.2
1.764
2.544
0.3
7.32
0.144
0.476
0.108
4.024
2.344
0.088
3.756
0.6
1.028
0.32
0.488
0.092
5.724
2.336
0.092
0.892
0.24
10.32
1.116
2.312
1.68
2.736
3.732
3.436
0.736
1.5
1.732
0.072
1.904
2.028
0.228
1.788
3.204
1.068
4.184
0.252
6.636
0.128
2.336
2.052
5.336
0.4
4.268
0.384
2.224
1.996
0.92
1.168
0.832
4.796
0.052
5.216
6.912
2.344
2.728
0.064
0.624
1.52
5.716
1.096
6.104
2.872
5.136
2.98
8.624
8.284
0.48
1.312
1.548
3.392
0.568
0.872
3.268
2.804
4.44
1.692
1.188
0.572
0.8
0.784
0.748
1.22
4.248
1.272
1.036
4.224
1.268
5.504
2.752
0.992
1.312
1.704
0.624
0.652
2.188
0.86
0.912
2.492
3.776
0.588
2.492
2.096
1.012
1.992
4.776
3.332
4.416
0.592
0.088
9.152
3.628
2.02
0.464
0.088
0.372
9.656
3.496
6.272
0.264
1.032
3.484
1.996
1.9
8.248
2.168
2.168
2.616
1.916
0.38
1.724
4.808
3.06
0.296
1.188
0.412
1.276
0.524
1.636
2.44
4.848
10.5
0.068
1.716
5.536
1.248
0.624
0.544
0.132
3.192
4.092
2.376
1.924
4.5
0.244
1.94
0.1
0.672
6.552
0.832
7.868
0.796
0.948
1.008
1.832
1.084
8.32
0.756
0.584
3.78
8.624
2.508
1.108
2.004
1.94
1.284
0.356
2.972
1.764
0.268
4.596
3.144
1.312
0.824
1.24
2.192
1.588
0.844
0.908
1.324
2.732
4.252
0.344
3.028
9.504
0.664
0.304
1.852
1.772
1.94
2.444
3.604
0.184
2.108
3.04
1.784
3.196
0.504
1.98
3.152
0.264
1.08
2.328
1.192
1.232
3.92
0.736
2.636
1.78
0.528
8.136
1.896
0.836
0.936
1.328
2.16
10.728
3.46
1.356
4.208
0.552
4.896
0.076
1.948
0.748
2.72
3.276
0.652
1.832
4.984
2.724
7.0
0.612
10.192
6.428
1.124
4.392
5.556
0.2
0.056
4.18
2.072
0.396
0.484
0.756
2.556
1.912
6.68
1.44
1.356
2.192
9.908
0.16
3.992
1.14
1.184
7.6
0.712
10.928
0.544
1.012
0.272
0.936
3.568
0.272
0.42
3.184
0.764
3.636
0.852
1.716
6.612
1.384
1.26
2.172
0.384
2.7
3.412
2.624
0.56
0.22
0.548
1.456
3.232
7.248
0.916
0.068
0.06
0.208
8.436
2.444
1.276
3.208
1.624
0.052
10.984
3.004
1.044
4.948
1.536
0.104
1.152
0.22
4.836
0.88
3.412
0.088
3.932
5.356
0.368
2.596
1.488
1.68
0.8
2.252
6.256
2.36
1.184
0.884
0.112
0.64
1.864
3.796
6.316
0.2
1.708
0.632
1.284
0.248
1.436
0.972
0.552
2.908
3.092
1.732
4.916
0.624
0.408
0.484
0.248
1.912
4.016
4.024
4.448
2.424
0.22
0.928
2.764
6.224
2.468
3.908
0.664
0.436
1.264
4.136
2.584
0.62
0.832
1.332
2.452
3.6
2.404
0.104
7.704
7.424
0.364
6.536
1.948
0.124
2.348
3.224
6.252
0.528
0.06
5.328
0.26
2.804
0.764
4.404
0.148
1.06
0.74
2.172
0.692
0.92
2.708
2.348
1.412
0.568
3.104
0.504
0.588
2.412
1.616
0.56
0.688
1.896
3.812
10.124
1.952
1.788
0.632
0.076
3.76
2.02
2.984
10.812
7.108
1.54
1.144
0.788
4.076
0.664
1.556
1.228
0.568
2.056
3.664
0.28
0.656
4.564
0.092
1.544
0.504
0.912
1.196
3.404
0.224
0.76
9.812
3.272
2.368
3.092
10.616
4.32
0.436
3.416
2.684
0.2
0.76
10.476
0.2
3.296
0.184
10.22
1.108
2.388
3.24
4.608
2.444
0.756
1.188
0.488
2.988
0.652
0.672
0.096
1.304
4.196
3.868
0.696
1.82
0.66
0.944
0.508
0.568
0.488
0.204
0.364
0.064
3.692
0.08
5.272
0.4
7.128
4.24
0.356
0.212
2.044
0.144
2.184
2.784
2.144
1.544
0.74
2.992
2.16
6.072
5.388
0.08
4.536
4.916
0.532
1.188
0.168
1.18
2.46
0.828
1.26
0.524
4.948
8.2
2.036
3.332
4.732
1.768
4.684
4.52
0.484
0.204
2.324
0.548
0.212
0.504
0.056
0.16
0.956
2.556
5.444
5.452
2.412
2.204
4.004
6.488
0.584
2.836
2.108
2.584
0.784
2.12
4.776
5.252
1.02
3.832
3.552
3.732
1.452
0.908
0.628
2.16
2.208
0.376
2.272
0.66
6.036
1.732
8.828
4.832
0.284
4.328
0.288
1.856
3.192
2.76
5.32
5.376
0.936
7.58
3.82
3.264
5.064
0.428
5.5
0.424
2.1
0.52
2.0
0.92
0.92
1.936
5.908
1.84
9.808
2.312
2.732
6.016
6.964
3.492
9.1
1.956
2.256
1.792
4.16
1.412
2.548
8.088
4.464
7.612
10.728
0.6
1.024
2.816
1.16
2.496
1.084
0.596
2.968
1.008
3.66
0.644
0.108
1.936
0.316
0.28
0.176
4.4
3.484
5.344
0.752
0.9
0.62
1.452
1.468
0.44
3.08
0.52
3.624
0.8
0.68
0.468
0.708
3.58
0.42
1.236
1.088
4.16
2.028
0.612
3.404
1.38
1.772
0.988
9.824
0.216
1.252
0.62
1.236
7.7
0.384
0.376
2.028
1.82
0.616
4.044
2.096
6.696
0.808
2.604
1.272
0.62
1.552
2.948
1.916
7.212
0.4
3.08
2.104
0.732
3.036
1.064
2.364
2.532
8.176
2.988
1.08
3.92
1.036
4.7
0.44
6.312
5.74
7.608
1.364
0.496
1.924
0.348
0.836
0.732
1.856
0.3
0.74
0.528
2.28
0.132
4.932
0.472
0.648
1.084
0.36
0.996
4.264
1.228
2.092
2.436
0.144
3.344
4.456
0.344
6.412
10.804
1.524
1.06
1.98
0.74
0.048
6.24
1.492
1.636
0.608
3.612
1.072
1.988
1.46
1.28
0.668
2.208
0.588
10.468
0.52
2.22
0.348
4.196
0.092
2.28
0.208
1.288
7.372
3.66
3.408
3.076
4.112
1.72
1.856
1.828
0.848
1.712
4.036
1.264
0.32
4.176
8.42
0.068
1.644
2.896
0.324
4.508
0.208
0.656
0.212
2.3
1.024
7.96
1.952
2.308
9.536
1.64
0.04
2.244
0.248
0.56
0.2
1.356
6.84
2.992
3.036
0.208
1.352
0.8
1.56
2.604
0.504
3.916
2.628
1.4
1.156
0.144
0.532
0.448
6.288
0.964
10.716
2.436
0.136
2.584
3.052
0.236
1.848
0.48
0.388
0.04
0.792
0.256
4.772
9.336
1.528
0.22
3.124
0.328
2.732
1.94
0.276
0.212
10.768
3.072
1.58
1.296
4.7
1.712
0.26
1.124
6.46
1.408
2.464
3.556
5.056
2.872
1.924
0.528
0.228
1.436
4.068
0.788
1.28
0.616
0.52
5.736
0.92
0.336
0.304
8.148
1.204
2.972
2.084
1.144
2.484
2.576
1.94
3.632
5.104
0.832
5.552
0.644
1.004
1.908
0.552
0.452
2.916
0.048
0.872
1.196
0.376
6.208
1.888
0.836
3.468
5.248
1.016
4.692
2.824
0.352
3.524
6.388
0.752
1.024
6.04
0.564
0.256
1.888
1.7
5.552
0.144
1.872
6.416
3.56
1.072
2.296
2.96
0.24
1.556
10.136
3.064
1.412
2.144
0.588
10.336
1.048
1.912
8.532
3.188
3.616
11.188
6.236
5.624
5.404
0.608
0.264
0.836
0.252
1.588
5.492
5.076
2.428
7.116
0.74
0.08
1.996
2.708
1.164
2.384
2.64
0.352
3.86
8.728
8.76
1.016
0.524
1.256
3.664
1.644
3.264
0.744
5.292
0.364
7.02
0.668
6.156
0.584
1.6
1.852
5.368
0.384
1.576
0.46
1.7
1.1
1.04
10.12
1.992
4.32
8.508
2.344
10.596
2.248
3.768
3.036
1.344
2.056
1.892
2.892
9.488
0.788
0.736
2.252
1.38
0.44
1.644
1.472
4.96
6.648
4.72
3.332
0.292
2.356
1.608
0.076
0.972
0.416
2.82
2.296
0.884
0.896
2.116
4.576
1.176
2.028
1.152
0.364
0.9
7.532
0.388
1.044
4.344
1.84
2.752
1.94
1.468
0.584
0.104
4.34
1.088
0.772
9.944
1.28
1.752
2.34
3.524
1.54
0.628
0.752
6.692
1.208
1.176
0.264
4.272
2.952
2.484
0.452
1.728
1.3
1.388
0.052
1.392
2.208
5.616
1.972
2.632
1.248
2.176
0.784
3.888
3.196
0.676
2.436
1.636
10.988
3.404
0.724
0.3
0.756
2.884
5.36
0.78
6.76
0.252
1.584
1.556
1.12
3.56
0.676
1.96
1.084
3.2
5.244
3.112
0.552
3.692
4.048
0.304
0.604
3.056
0.924
2.548
0.52
0.672
6.668
0.836
1.908
0.412
4.584
3.208
5.308
0.564
5.28
0.712
5.224
9.392
0.816
2.672
3.804
1.892
1.968
1.372
1.068
5.36
0.88
0.68
4.948
4.072
2.388
0.332
1.896
3.204
0.432
9.84
3.536
9.108
7.908
1.38
0.46
10.288
0.116
0.18
3.596
0.164
4.432
1.676
4.936
7.388
0.456
0.332
0.744
7.92
0.56
0.08
0.108
0.652
3.944
3.396
2.48
1.516
1.072
1.632
6.268
1.244
1.452
0.968
2.12
0.628
0.2
0.324
1.052
0.908
0.404
1.316
0.276
2.524
5.984
0.356
0.56
3.004
0.096
1.912
0.864
6.092
3.676
9.06
3.192
3.628
1.624
0.476
0.296
0.812
1.836
1.536
0.104
0.636
1.992
0.576
0.112
0.924
0.224
1.392
0.584
3.368
7.888
0.876
2.172
6.052
0.532
2.496
0.552
0.396
0.82
0.088
4.964
1.884
1.752
2.34
0.584
3.964
2.096
1.54
0.376
6.72
3.216
6.612
2.012
0.316
1.052
1.016
0.28
1.164
0.368
0.432
2.528
3.0
1.32
1.092
1.12
5.596
1.5
0.952
2.84
4.788
8.864
0.036
2.396
7.0
0.968
4.272
1.612
1.496
8.72
5.344
6.24
2.94
4.2
1.144
5.652
0.532
5.936
0.136
1.064
3.276
1.192
1.68
2.768
0.504
1.076
0.292
2.732
0.392
0.72
1.304
1.132
0.2
0.924
1.456
2.124
3.532
0.052
1.272
0.32
8.66
0.68
1.828
2.836
0.976
0.6
0.904
0.208
2.34
1.948
0.212
0.248
0.368
