1.796
0.884
0.536
0.32
4.328
0.392
8.724
3.536
6.252
1.912
0.34
2.544
0.24
0.584
1.024
7.556
0.208
0.252
6.752
1.392
0.432
1.568
1.144
0.4
0.404
1.084
1.008
1.548
2.436
1.424
2.092
0.42
2.116
1.02
6.052
8.372
0.64
1.056
0.692
0.876
1.364
0.724
1.496
3.56
2.44
1.24
3.98
4.784
0.208
0.932
0.764
1.82
2.14
3.084
5.716
1.2
4.884
4.832
0.432
4.288
1.884
2.672
0.812
0.996
0.372
2.128
2.116
2.384
0.94
0.808
0.82
3.508
5.292
3.312
0.488
0.444
0.604
6.132
1.22
0.904
4.572
1.784
0.884
0.916
0.364
5.884
4.768
1.308
0.684
0.904
0.612
2.24
1.176
0.248
2.036
3.34
0.272
0.348
1.1
10.06
7.86
3.316
1.168
5.088
0.648
4.388
1.432
3.924
3.024
1.568
1.764
2.344
3.384
2.476
1.044
1.1
1.472
4.692
4.996
1.104
0.688
0.272
2.208
1.756
1.656
1.032
0.236
6.16
2.14
3.052
5.464
1.156
2.0
0.852
2.248
0.332
0.516
0.54
3.608
2.008
0.444
0.52
5.256
0.54
6.556
1.94
0.464
1.804
1.828
4.584
2.792
0.224
3.668
1.396
0.364
0.94
2.708
7.748
1.652
3.084
1.168
1.36
0.324
5.632
0.22
8.64
1.928
1.448
4.968
0.676
1.228
0.508
1.44
0.228
2.384
4.82
10.752
2.82
0.688
1.008
8.42
4.456
1.404
0.38
0.764
3.136
0.824
0.22
0.392
7.028
0.384
0.632
5.648
3.088
3.68
2.74
0.856
1.82
0.3
8.492
9.708
0.66
0.744
2.588
1.912
3.768
3.664
0.9
0.192
2.7
1.148
0.628
5.0
3.024
0.38
4.744
5.932
6.08
0.208
0.94
0.308
2.084
0.76
2.644
3.764
0.352
1.052
1.108
2.856
0.26
1.208
1.392
0.204
0.984
2.544
2.192
0.292
3.192
0.744
0.852
3.096
4.244
0.54
1.184
2.956
0.584
0.732
4.496
0.364
0.42
1.404
4.476
1.628
1.404
0.548
5.324
0.292
1.632
2.68
3.784
0.252
5.916
1.164
0.352
2.26
5.868
1.424
6.0
0.212
4.34
2.356
0.532
1.452
0.76
0.208
2.204
0.404
1.628
1.544
4.52
2.852
0.26
3.944
0.556
0.38
0.768
3.572
0.816
0.58
3.752
2.148
5.6
1.164
2.596
0.26
0.28
7.54
5.376
0.876
7.364
0.208
1.732
0.232
2.992
4.264
0.912
2.796
0.832
0.736
2.876
2.52
2.044
1.516
4.784
2.148
0.352
0.7
2.504
9.488
3.672
0.736
9.596
2.288
3.068
2.912
0.676
0.28
1.932
3.252
5.104
1.684
1.22
0.48
4.128
5.4
0.72
0.196
1.336
1.512
1.296
4.888
0.26
3.004
1.34
1.764
0.192
2.76
0.584
0.456
5.924
2.324
2.54
0.52
0.904
0.708
1.804
0.524
2.004
3.3
0.576
3.704
0.816
1.98
1.528
2.14
9.44
0.864
1.676
1.692
1.76
1.468
1.38
8.212
0.78
0.812
7.048
0.828
3.192
2.308
0.82
1.448
1.192
2.456
8.832
0.308
3.56
9.56
2.532
0.204
0.532
1.632
6.84
6.18
10.88
1.792
0.536
4.352
0.208
0.304
0.296
1.492
1.724
2.184
0.2
0.94
4.264
3.612
0.272
0.872
0.356
0.56
2.064
1.104
7.864
0.276
1.888
6.828
6.988
1.84
1.048
1.684
5.844
3.628
0.724
2.892
3.68
0.912
0.82
0.596
1.124
1.968
0.24
1.316
1.04
1.372
4.18
8.528
6.172
0.64
8.308
0.22
0.204
1.764
1.424
1.076
4.452
2.268
1.588
2.136
0.52
0.868
2.904
0.66
1.836
0.612
1.848
4.836
1.208
0.532
1.856
0.664
0.78
4.672
0.716
10.188
1.432
0.448
1.66
0.368
6.052
4.304
0.192
6.116
1.964
0.968
4.608
0.624
0.24
0.948
2.864
2.244
3.224
1.764
2.82
2.224
2.704
0.6
0.792
2.612
0.944
3.828
1.62
0.24
2.852
3.052
0.36
2.752
3.644
6.136
4.976
2.488
4.852
2.124
1.756
1.492
0.888
0.612
3.632
2.256
2.144
0.728
1.888
2.444
2.38
1.16
0.62
0.904
1.064
0.528
2.036
1.644
2.272
0.556
7.16
0.804
2.656
0.248
0.644
1.612
1.748
0.788
2.844
3.6
0.216
1.284
1.648
5.456
0.476
0.412
0.748
9.448
3.868
1.44
4.744
3.372
0.344
4.412
1.396
0.336
2.488
2.232
1.316
1.42
1.496
2.484
2.876
1.968
5.848
0.98
0.572
1.192
0.888
1.304
0.844
0.812
1.632
0.512
0.224
3.32
3.62
1.688
1.608
0.632
1.344
0.368
5.192
0.308
6.864
2.708
3.616
0.804
0.964
0.888
2.588
0.328
1.448
3.8
0.476
7.068
0.512
0.828
2.552
0.424
4.58
1.36
0.692
8.42
3.168
3.248
0.6
1.08
0.44
0.408
0.912
4.136
0.432
2.592
0.308
1.928
0.392
0.236
4.636
2.652
2.892
10.828
9.328
1.308
6.536
8.412
6.996
1.408
2.72
1.032
6.504
0.22
1.028
1.012
2.86
0.884
0.404
0.368
0.32
0.44
5.548
7.1
0.436
10.348
1.172
1.196
0.32
1.5
0.436
7.124
1.104
3.552
1.44
2.868
2.736
0.412
2.2
3.24
3.068
2.804
4.536
0.792
0.544
1.62
0.304
1.392
0.3
1.84
2.244
0.256
1.172
0.4
0.36
0.46
0.5
0.936
9.432
0.396
1.544
1.548
2.552
4.16
1.688
1.924
3.1
2.312
9.328
2.464
2.484
6.876
1.084
0.552
0.624
3.14
1.688
3.1
1.256
1.816
0.28
0.368
0.212
2.48
0.852
4.204
6.32
8.68
0.836
2.58
0.508
0.392
5.684
0.204
1.204
2.66
2.472
0.516
2.804
1.536
1.108
3.496
0.624
4.056
0.4
0.24
0.724
9.232
0.756
1.356
1.308
1.152
0.788
0.844
1.488
1.692
0.62
5.4
0.496
0.508
0.948
0.604
0.552
5.84
2.724
1.1
1.36
2.024
5.664
0.912
4.212
8.816
1.2
2.964
0.428
1.928
3.476
0.244
3.984
5.128
0.244
1.588
3.328
1.188
0.944
2.092
3.36
1.24
0.332
0.916
2.212
0.532
1.716
0.828
0.34
0.784
0.672
0.48
1.932
0.296
4.484
1.16
4.0
2.408
1.376
3.676
1.28
3.096
1.904
0.72
0.68
3.256
1.244
0.732
0.324
0.584
3.488
0.204
2.22
3.608
4.88
1.224
1.188
7.232
1.984
0.372
2.976
8.312
0.708
4.972
1.82
7.672
2.568
0.412
1.096
1.48
0.588
0.468
4.104
1.184
0.348
0.796
9.296
2.732
2.14
3.872
0.6
0.364
1.304
1.964
1.616
0.22
0.6
6.372
0.264
1.824
1.308
8.212
0.66
1.572
1.116
0.352
1.232
2.196
8.308
4.68
1.612
0.348
1.344
0.848
1.104
1.684
0.388
6.4
0.464
0.324
0.688
0.912
2.384
2.1
0.216
6.452
1.668
0.78
2.712
0.296
1.612
3.404
2.8
0.732
7.688
2.472
0.584
0.844
1.828
5.832
2.896
1.052
1.056
0.252
0.66
0.212
1.48
0.588
8.624
0.26
0.368
1.32
0.676
4.516
1.104
5.184
0.2
2.26
3.236
1.788
2.352
0.4
0.204
4.672
7.844
7.052
2.432
2.62
3.148
10.68
2.38
2.708
6.252
0.284
7.92
2.056
0.96
8.512
1.576
8.056
0.936
3.056
0.692
2.332
1.196
3.436
5.492
3.224
3.076
2.18
2.92
2.564
1.0
1.472
4.516
0.42
0.292
1.548
8.76
0.62
0.476
1.288
3.044
0.988
0.3
0.192
1.08
1.376
0.924
1.092
0.348
1.232
10.584
2.032
0.392
1.832
0.208
1.78
0.216
1.624
0.976
0.324
7.072
0.204
7.28
2.04
2.192
0.3
0.324
4.008
0.328
3.388
9.4
2.308
3.34
1.04
0.296
0.272
0.324
4.104
1.012
0.724
10.696
0.52
4.132
0.74
0.356
1.488
1.068
1.456
1.636
0.644
9.088
2.156
0.264
0.968
0.356
2.888
2.164
2.32
0.196
2.32
0.264
7.432
1.568
0.564
0.476
0.344
4.68
0.5
2.008
0.992
1.02
2.388
0.296
3.052
2.14
0.404
0.328
8.48
1.516
0.708
1.664
0.932
0.288
9.508
1.412
1.6
2.988
0.228
3.28
1.2
1.956
0.776
0.94
0.28
0.776
1.276
2.348
4.544
2.42
2.176
8.232
1.968
0.836
3.42
1.252
0.544
0.26
0.216
0.656
1.944
0.524
2.864
4.888
2.048
2.188
0.804
2.356
0.592
1.208
1.592
2.9
2.264
5.344
0.272
1.456
3.492
1.444
0.4
1.02
2.724
0.276
2.84
0.76
0.912
0.292
0.412
0.824
0.748
1.92
0.828
10.82
2.736
1.948
4.716
0.916
2.336
1.416
7.944
1.764
7.708
6.812
0.844
0.2
3.412
3.388
3.46
0.384
1.66
4.844
0.396
0.78
0.956
5.44
1.224
0.528
1.928
3.692
1.168
1.516
0.392
1.94
1.82
5.992
3.5
1.492
2.284
0.236
2.472
0.896
1.7
5.604
0.668
1.12
3.7
1.992
0.816
1.512
0.74
0.356
4.012
0.632
1.836
0.808
4.436
1.796
1.648
4.816
3.052
2.668
0.74
3.244
0.492
2.08
1.796
1.144
1.14
1.36
0.664
0.348
5.148
10.156
3.952
9.892
1.052
1.828
1.416
3.636
0.556
4.976
3.616
5.696
3.976
1.516
1.848
1.232
0.5
0.44
3.596
6.396
0.204
3.388
2.224
0.94
1.26
0.38
0.964
0.288
1.276
3.76
8.944
1.228
1.764
1.016
0.252
0.98
4.728
1.932
1.548
0.404
0.2
2.336
2.108
0.62
3.876
1.352
2.732
0.248
2.804
1.456
2.08
2.156
2.516
0.808
1.052
5.332
4.672
0.376
3.304
0.852
2.196
9.432
0.416
0.208
3.684
0.208
1.228
0.432
0.332
0.804
0.556
0.288
2.348
0.212
1.592
0.24
0.376
3.256
1.448
4.416
1.432
2.408
0.772
3.712
5.268
4.02
2.14
4.688
0.476
0.884
2.14
0.388
0.668
0.652
3.744
1.348
0.78
0.792
1.9
1.876
0.42
2.376
3.86
4.384
0.92
1.604
0.524
0.832
1.312
3.348
1.628
3.612
2.376
2.448
0.34
4.824
0.624
0.828
4.028
1.072
6.276
3.064
1.104
0.396
3.096
0.324
0.228
2.98
4.18
0.696
6.248
2.332
2.604
4.172
6.536
1.112
1.168
1.136
0.292
0.252
0.316
3.376
2.912
3.36
6.78
1.704
4.648
10.764
2.136
0.216
1.552
1.576
0.288
0.82
0.32
3.716
0.504
1.728
0.308
0.368
0.832
0.864
1.96
3.476
1.432
0.66
2.696
1.016
4.712
0.62
3.028
0.252
2.512
3.6
1.268
2.188
1.296
1.444
0.924
3.72
0.98
3.74
0.296
1.236
0.38
0.26
0.248
0.72
1.876
1.6
6.068
2.052
0.472
1.008
0.66
0.628
0.756
2.668
1.88
0.196
1.568
2.324
0.456
9.68
3.496
4.808
2.992
3.708
0.5
0.248
1.116
4.264
6.692
8.476
0.384
1.468
0.848
0.816
1.144
8.056
2.896
0.276
2.744
1.156
1.048
1.04
5.532
6.164
0.356
2.812
1.252
4.3
0.636
1.588
2.336
1.356
8.4
1.596
0.204
1.108
0.484
5.356
0.232
1.976
0.204
3.944
1.272
6.876
2.068
1.568
1.784
3.3
1.184
0.384
0.244
1.912
1.816
1.432
2.416
0.208
0.632
3.084
0.22
0.424
2.048
1.48
6.604
0.272
0.848
1.428
10.88
8.024
1.496
5.44
2.896
0.288
4.232
0.328
6.464
5.084
1.996
1.996
1.244
7.092
2.776
1.404
2.012
0.644
1.056
2.06
1.616
0.772
1.256
3.52
0.224
1.216
0.832
2.052
3.508
1.872
1.312
0.268
8.78
1.96
2.068
1.096
0.332
4.592
2.452
2.828
6.604
4.62
0.608
8.052
7.516
0.252
1.052
0.464
0.608
2.384
2.968
1.792
3.772
2.896
0.208
4.604
0.652
2.444
2.4
0.68
0.792
0.544
1.188
8.8
1.36
3.788
0.692
2.072
1.88
5.412
5.828
6.976
0.772
1.7
0.208
0.728
2.62
0.648
1.692
10.396
0.904
0.872
1.1
1.592
0.504
0.684
0.332
0.66
2.916
1.08
1.604
0.96
7.276
3.456
1.252
0.636
0.296
5.688
1.388
3.04
0.836
3.424
0.248
0.496
0.344
1.092
1.268
1.096
2.448
1.456
1.896
1.244
2.992
0.732
2.148
1.048
1.988
0.216
1.308
8.748
1.988
0.204
5.936
4.008
2.62
1.544
2.332
0.528
0.7
5.9
6.812
0.268
6.284
1.544
3.98
0.916
1.824
0.212
0.524
5.472
0.212
1.504
0.368
3.8
2.672
1.748
1.972
0.756
1.692
0.244
1.86
0.624
0.828
1.708
6.4
2.372
0.86
2.864
0.328
5.148
1.284
0.36
0.5
2.696
0.452
1.7
0.436
9.196
7.532
0.48
6.072
6.444
1.18
6.368
1.188
0.216
4.46
1.508
0.204
2.432
1.636
2.564
1.364
0.952
1.0
1.884
1.912
2.832
4.352
2.964
6.304
1.716
0.7
0.24
0.384
0.444
4.108
0.972
2.108
0.872
2.672
0.392
2.836
0.628
0.568
0.548
0.72
0.452
0.976
0.216
1.748
0.312
2.952
3.668
2.968
1.836
4.304
5.572
2.26
0.46
0.492
1.852
3.176
0.864
0.552
1.12
0.456
0.924
3.768
3.976
0.228
2.316
1.768
2.464
3.64
2.352
1.868
3.156
0.532
0.316
1.796
2.592
4.652
2.32
4.08
3.444
3.592
7.236
0.488
0.616
1.504
1.976
2.056
0.552
3.768
0.232
1.328
0.192
5.296
2.424
1.468
4.048
0.348
2.456
5.856
0.232
0.388
1.432
0.82
0.516
2.824
1.752
7.856
0.416
9.336
0.36
2.18
0.24
6.476
1.952
0.46
0.844
2.02
2.272
6.368
1.92
0.644
3.256
0.292
3.796
9.116
0.296
4.256
1.288
5.032
1.292
1.072
0.208
0.2
0.272
1.2
1.248
0.744
0.64
2.564
0.756
2.404
0.24
1.732
0.944
4.176
2.644
0.24
3.08
0.208
0.576
0.26
2.5
2.62
2.052
0.756
0.3
0.492
2.948
1.588
2.636
1.444
0.308
0.684
1.776
5.732
0.692
0.652
5.26
0.924
1.996
8.1
6.312
1.596
1.172
3.52
3.084
2.256
0.212
0.716
1.028
1.404
0.232
4.472
0.496
1.308
0.844
3.316
1.256
0.664
10.492
0.376
0.22
6.628
0.964
0.26
0.24
0.804
7.78
0.348
0.72
0.3
0.892
5.916
5.948
10.516
3.648
3.436
2.2
1.044
0.332
0.516
1.088
0.204
6.572
6.624
1.484
0.624
1.528
1.272
2.6
1.888
0.716
0.38
3.312
2.384
1.596
0.404
0.836
3.08
0.84
2.86
1.732
1.516
0.208
2.452
1.592
2.68
2.348
1.072
0.448
1.668
3.516
2.024
1.032
1.576
3.096
0.38
0.404
1.048
3.128
2.448
2.92
0.304
0.648
2.476
1.32
0.3
2.276
1.096
6.972
7.412
1.78
0.436
3.524
1.068
1.256
0.936
4.848
0.204
5.84
3.692
2.424
5.1
0.196
5.456
4.384
0.568
1.24
1.652
3.096
1.388
0.556
0.572
0.916
0.42
1.204
7.78
0.44
8.1
2.828
2.044
0.356
0.8
1.136
0.624
6.8
1.38
1.508
5.492
3.384
0.376
0.248
0.364
3.6
2.816
0.62
2.648
0.236
0.2
1.508
1.22
0.364
3.328
1.508
0.536
5.644
2.024
1.648
0.8
0.412
0.244
1.204
0.764
3.696
1.716
1.508
0.444
0.62
0.372
0.508
0.824
2.204
0.216
0.488
8.28
3.048
5.108
0.768
1.552
0.644
0.24
2.572
3.032
2.416
0.256
2.08
3.44
7.908
1.992
6.44
0.756
0.372
1.128
1.88
0.208
4.812
0.972
0.42
0.84
1.672
1.372
0.864
0.552
0.236
0.332
0.836
6.0
1.324
8.24
1.572
1.848
0.256
4.32
1.044
2.776
0.74
1.48
0.94
3.096
0.812
0.288
3.42
0.404
1.008
0.268
0.568
0.348
6.464
3.152
0.208
0.44
0.208
3.42
0.368
1.34
0.552
1.868
3.876
0.656
3.508
0.436
0.512
0.836
0.328
1.772
0.404
2.492
6.98
0.208
0.32
0.44
2.836
0.296
3.176
2.372
1.936
1.02
6.644
3.376
3.028
2.16
0.256
3.644
2.704
1.356
0.476
3.488
1.428
0.34
1.696
1.836
2.088
0.656
2.552
8.356
4.072
0.264
0.62
2.284
0.56
5.208
0.316
2.876
3.812
3.0
4.936
2.116
3.74
1.484
0.28
1.216
1.728
2.696
3.076
1.492
0.304
2.628
0.824
1.58
2.52
1.308
0.392
1.84
0.412
2.004
1.708
0.58
0.488
1.104
1.28
4.728
6.768
0.896
0.66
1.676
1.948
0.856
1.752
0.488
3.036
0.544
0.296
1.892
1.656
7.232
1.724
1.616
1.068
2.096
0.636
3.94
1.004
0.324
4.076
0.892
1.328
1.44
2.116
1.58
0.716
8.196
4.3
5.116
7.572
0.86
6.36
0.356
1.02
0.704
2.752
1.016
0.288
3.464
0.208
0.376
1.116
4.824
3.292
0.56
9.128
0.592
0.412
2.14
2.16
7.848
3.096
0.452
0.312
1.692
0.752
0.424
0.424
1.684
2.868
0.212
8.964
2.588
5.452
1.688
1.832
1.244
2.152
0.724
8.028
1.368
0.608
1.204
1.608
4.884
0.252
1.468
0.54
0.852
0.212
1.132
1.696
2.556
2.136
0.924
0.396
0.228
1.468
5.52
0.64
1.632
2.848
0.228
0.52
0.256
5.752
0.616
0.636
0.96
1.104
2.268
0.232
0.52
5.344
2.36
0.204
1.288
0.536
1.328
0.276
1.408
0.224
0.716
0.404
3.88
2.296
1.964
1.736
4.408
3.3
1.556
0.392
1.664
3.988
0.76
2.224
1.112
9.232
0.876
1.536
2.16
0.388
0.428
0.536
2.04
0.268
3.48
4.068
10.74
0.808
1.896
1.624
1.204
1.056
5.808
0.22
6.012
0.78
0.232
0.78
0.376
0.296
1.3
1.012
4.28
4.132
0.384
1.496
1.604
2.128
1.872
0.504
1.1
3.252
1.652
0.332
1.384
0.212
5.64
0.356
0.992
1.96
2.652
0.944
0.196
3.844
1.784
3.956
1.808
0.452
5.104
2.116
3.028
0.772
0.7
0.284
1.924
1.04
0.216
0.828
0.248
0.564
5.092
1.116
1.64
6.2
2.852
4.544
2.664
0.204
0.208
0.988
6.584
0.728
1.704
0.196
2.388
1.56
0.196
2.2
5.572
1.36
2.808
0.868
0.208
1.136
2.556
0.488
2.16
2.932
0.788
3.932
0.82
1.48
1.88
1.724
4.352
3.54
0.484
2.488
1.584
0.356
0.984
3.96
0.36
3.388
0.432
2.024
0.912
2.94
1.428
0.216
4.544
0.656
1.08
2.136
1.456
4.12
0.564
1.2
1.264
4.128
4.94
2.292
5.084
0.9
0.5
1.808
2.42
0.34
2.732
4.952
1.1
0.272
1.412
3.528
1.616
3.876
1.18
2.844
0.292
1.324
1.42
1.028
1.584
1.552
1.132
1.144
3.008
0.436
3.412
1.232
0.252
0.352
3.544
7.832
0.264
3.768
1.464
7.7
6.504
3.352
1.088
1.776
1.136
1.768
7.776
2.216
2.836
2.012
2.096
0.9
2.06
1.96
0.548
0.316
1.332
7.592
3.584
0.264
2.36
2.216
3.008
0.56
0.392
1.288
1.744
0.92
2.5
2.4
0.508
0.252
0.824
0.928
1.264
1.196
1.844
2.104
5.392
0.428
4.888
0.372
0.492
3.744
6.344
0.312
0.268
1.936
0.368
6.52
0.596
2.868
2.472
6.012
7.216
0.66
1.388
0.26
1.764
1.736
0.256
0.516
1.112
0.492
1.24
3.18
0.272
2.308
9.84
1.656
1.54
0.716
1.984
1.404
0.416
8.872
2.14
3.036
0.192
0.44
0.296
0.236
1.052
2.1
3.068
3.704
0.336
0.264
7.188
0.644
0.796
2.428
2.0
0.22
0.648
5.9
2.004
0.516
1.792
1.408
1.012
0.992
9.012
0.652
1.64
0.26
1.176
2.776
1.528
6.488
0.196
1.708
0.264
2.916
0.452
2.768
2.632
2.888
4.024
2.328
0.264
5.184
3.716
5.204
0.232
0.88
0.3
2.736
3.532
0.608
1.684
4.74
1.08
9.348
1.028
2.26
1.156
0.284
3.892
2.296
0.604
0.364
4.112
2.072
0.336
0.364
3.652
1.64
2.24
1.76
1.408
0.26
0.204
1.116
2.204
0.728
9.584
0.304
4.244
1.532
1.32
3.984
1.968
0.212
0.684
5.532
3.948
0.356
0.584
0.804
0.708
0.232
0.748
1.52
2.368
3.872
0.632
2.324
1.988
0.336
0.192
0.692
1.968
1.296
0.344
1.44
0.564
0.212
8.728
0.928
1.764
0.508
0.56
2.344
2.408
1.716
3.22
1.424
0.492
0.612
3.644
0.24
2.9
5.748
1.88
2.448
0.384
2.76
1.472
1.42
0.996
0.368
4.096
0.424
1.404
0.404
0.684
1.984
4.1
2.132
0.404
0.196
0.444
2.388
3.428
0.704
6.98
0.808
0.324
10.336
2.024
4.172
1.184
2.212
0.564
2.28
1.56
1.024
0.38
0.272
0.588
1.1
1.9
0.76
2.264
1.744
2.228
1.28
1.016
3.228
0.292
0.872
0.436
0.816
2.104
0.28
8.092
4.276
0.252
4.348
3.688
5.644
1.156
0.4
1.18
0.884
3.66
3.796
4.072
1.648
7.112
3.772
0.768
0.924
1.084
0.708
2.0
0.54
4.64
0.98
0.636
4.628
2.796
0.948
0.984
0.2
3.468
0.32
0.652
0.288
2.228
1.988
0.884
0.404
1.428
8.448
0.74
5.788
2.92
9.296
0.552
3.084
2.3
0.996
2.04
2.44
0.448
2.344
4.84
3.196
2.424
0.548
0.232
2.36
4.476
1.204
2.212
0.944
0.82
4.736
0.908
7.436
0.904
6.932
1.272
3.708
1.072
3.672
2.76
6.552
1.448
0.784
2.604
0.3
7.78
6.9
5.048
6.96
2.22
2.712
7.708
1.236
2.484
2.2
1.0
3.772
0.692
1.224
2.64
1.168
5.548
0.452
0.744
2.404
0.32
1.008
0.308
5.944
1.348
4.848
5.976
4.488
3.608
0.936
1.508
0.908
8.148
0.504
1.62
0.232
1.684
10.684
1.516
4.3
0.88
0.248
7.256
0.904
2.116
0.548
0.58
0.296
0.844
2.188
1.192
5.824
1.036
3.824
0.208
0.476
0.832
0.996
0.788
3.928
6.796
1.024
0.336
2.212
0.992
0.34
1.24
1.552
0.54
0.528
1.164
9.02
0.22
3.084
4.092
1.912
0.996
0.524
2.088
1.008
3.924
1.076
2.084
1.172
1.284
3.148
0.204
0.392
0.204
3.556
0.456
0.796
0.392
2.856
2.124
2.476
2.544
0.984
0.752
0.96
2.528
0.204
0.968
0.924
1.532
2.196
0.712
8.012
5.428
0.668
1.912
1.18
4.128
4.388
0.276
1.58
5.636
0.592
0.484
8.98
0.204
4.068
1.312
0.94
1.984
9.82
3.416
2.928
0.952
6.268
0.864
1.912
0.208
0.404
1.084
2.372
0.248
4.044
2.78
0.892
0.276
0.46
5.948
0.268
2.808
3.544
0.208
0.796
6.84
0.272
1.26
0.212
8.348
0.24
0.208
2.66
0.464
5.2
1.184
0.36
3.0
1.888
7.14
5.044
2.168
1.46
1.22
1.52
5.476
1.272
5.376
0.268
7.876
2.024
0.636
9.7
1.736
1.164
0.624
0.796
4.86
1.264
1.328
0.328
1.816
1.108
8.8
0.876
0.82
1.072
1.152
0.576
0.984
6.304
3.496
5.3
0.656
0.488
4.464
1.088
0.32
1.096
3.948
0.22
1.644
1.9
0.752
11.096
4.04
2.068
2.776
0.436
2.456
5.288
1.772
1.592
3.316
3.112
5.312
1.488
6.536
0.216
0.656
3.088
0.676
3.128
9.364
0.568
1.028
3.8
3.768
0.824
2.204
5.28
1.416
1.168
0.316
0.84
0.604
0.9
0.488
1.72
1.292
0.5
0.208
1.344
1.296
0.932
6.532
1.716
1.876
9.284
0.564
3.328
0.256
7.248
1.096
3.192
5.352
7.524
4.028
2.932
1.668
4.9
4.644
0.388
8.044
1.86
1.768
1.52
1.3
9.296
3.4
8.352
1.036
0.368
0.74
2.628
0.648
7.532
1.14
3.18
2.376
3.732
3.176
4.964
2.808
1.376
1.96
1.124
1.4
5.472
10.196
0.324
1.632
1.172
0.816
0.652
0.46
0.868
3.516
1.252
0.204
0.74
3.8
2.812
0.912
2.0
6.536
1.396
0.208
0.216
2.952
2.544
4.124
3.06
0.828
1.196
1.748
0.296
2.66
1.588
0.66
0.372
2.436
2.44
0.324
0.212
1.776
0.708
1.644
0.884
8.308
1.056
1.1
0.376
1.032
0.912
0.204
0.872
5.384
2.74
3.052
2.44
3.74
0.22
3.116
0.944
1.204
6.288
6.292
2.12
0.72
4.272
1.448
2.108
1.116
0.192
2.26
1.596
5.888
0.688
5.664
4.484
5.24
1.512
0.34
5.136
0.876
0.392
0.3
6.796
0.216
2.004
2.316
0.504
0.908
1.388
0.356
2.08
0.24
2.096
10.952
1.116
0.312
1.808
2.192
0.552
9.704
0.204
3.456
9.172
0.68
0.596
1.228
3.224
6.388
0.712
1.02
1.276
0.344
0.712
3.036
0.28
4.72
3.976
0.236
0.852
0.452
3.824
0.588
1.432
5.392
5.404
4.528
1.348
0.888
2.68
0.98
2.788
0.972
0.248
1.288
1.368
1.148
0.312
0.552
0.3
0.268
2.632
0.676
1.94
1.132
1.524
0.7
0.624
7.376
0.404
4.34
0.56
2.772
0.372
1.228
5.928
2.584
0.868
0.784
0.484
1.248
3.428
3.032
1.332
0.464
0.66
3.772
1.772
1.108
1.048
3.652
0.52
3.548
3.092
1.776
0.56
1.672
0.212
0.208
2.472
3.556
3.128
1.108
0.904
3.42
5.024
5.084
4.796
0.856
1.436
3.212
0.836
0.524
2.704
1.78
2.684
4.688
2.72
0.376
2.508
0.376
0.916
0.256
0.792
5.396
1.62
3.332
0.9
0.476
4.316
4.16
6.76
0.644
0.224
0.46
0.216
1.712
3.456
6.096
0.448
0.548
0.832
2.26
0.888
2.56
1.448
2.456
1.12
4.968
0.936
1.2
3.056
3.548
1.22
1.276
5.624
1.852
0.412
1.064
0.48
4.696
0.684
1.188
0.872
2.62
0.672
4.96
6.532
5.448
0.92
0.264
2.444
1.512
0.716
1.02
6.868
0.636
0.972
10.004
3.416
0.784
0.88
8.416
2.544
1.58
0.384
0.48
4.36
1.98
1.284
0.996
0.572
2.204
4.604
1.188
0.868
1.064
0.844
1.496
1.096
1.124
0.928
1.892
1.896
4.44
2.56
2.104
2.184
7.94
2.568
3.248
0.624
0.236
4.404
1.296
3.012
0.328
0.98
0.66
2.12
0.536
4.632
2.012
1.316
3.404
0.324
1.872
2.512
3.6
0.636
1.716
0.512
0.264
1.744
1.66
0.82
3.54
2.848
8.56
0.204
1.596
0.196
6.524
4.032
4.528
2.36
3.768
6.868
2.164
1.02
5.624
4.792
0.288
0.288
5.232
5.444
2.376
3.532
1.6
5.988
0.288
1.352
5.164
1.724
1.864
2.304
6.512
1.2
7.896
1.792
5.1
3.876
2.616
1.276
0.456
9.2
2.948
6.528
3.708
9.72
1.848
0.284
0.924
5.62
2.568
0.896
0.848
1.368
0.416
6.284
1.416
3.496
5.104
0.416
0.556
0.204
0.688
2.052
0.572
1.02
1.092
1.692
2.088
2.752
2.212
0.832
1.572
0.444
0.212
1.08
9.52
1.32
2.74
1.408
8.124
1.664
3.82
2.356
0.268
0.232
5.064
1.704
1.8
0.832
1.072
10.308
2.76
0.78
0.308
6.848
1.02
3.444
1.3
4.236
4.952
2.024
1.52
3.708
1.9
2.004
0.312
5.528
2.82
0.816
1.156
4.276
2.192
4.116
7.548
0.612
1.328
0.508
0.62
0.548
6.072
1.712
0.688
4.092
1.564
2.132
2.46
5.256
1.188
1.232
0.456
0.384
0.908
5.98
1.852
0.308
2.816
1.284
5.812
0.336
0.856
1.8
6.844
1.776
2.692
1.424
0.644
3.632
1.352
1.8
0.768
1.568
2.296
0.252
4.12
2.072
4.184
0.372
8.6
0.86
9.012
6.232
2.644
0.308
1.36
1.804
0.228
0.888
4.276
3.152
3.408
1.624
0.276
0.912
9.72
1.136
5.86
5.66
2.788
0.424
0.232
1.348
4.384
0.996
0.284
0.68
0.832
0.56
0.964
2.64
1.228
4.964
0.72
2.508
2.864
6.0
4.972
0.7
0.292
4.748
0.604
0.784
0.488
0.208
1.572
3.72
0.94
2.848
1.112
0.344
2.536
0.864
0.324
1.3
6.848
0.928
0.208
0.496
3.008
3.116
0.788
7.844
2.1
1.064
0.864
3.828
1.544
1.984
0.416
0.264
8.284
7.644
1.792
0.236
0.624
0.692
0.472
5.488
2.024
1.816
0.856
0.412
1.236
0.28
1.104
1.82
2.896
0.244
5.284
1.804
5.132
1.108
2.38
0.252
4.772
2.592
1.724
1.944
0.98
10.376
1.74
1.136
2.112
1.264
5.44
2.724
0.776
0.764
3.864
0.604
3.044
1.376
0.832
1.168
8.88
3.156
6.616
0.848
0.32
4.008
0.984
0.196
5.172
0.232
0.6
2.432
2.752
0.556
7.412
0.236
0.86
9.536
0.992
0.296
0.424
5.752
0.436
1.996
9.656
0.32
1.232
1.228
7.98
2.724
0.52
0.964
0.636
1.1
0.236
1.784
6.792
3.488
3.14
2.356
3.256
0.764
1.872
0.344
3.64
0.74
2.344
1.372
3.072
3.308
0.488
0.68
0.352
1.236
1.228
0.892
1.488
0.348
3.428
10.728
0.82
0.992
0.372
0.304
1.936
0.748
3.392
0.996
1.384
0.924
0.272
1.06
0.38
0.744
4.432
0.796
2.192
2.916
0.208
2.524
2.168
2.088
0.708
0.82
5.788
1.932
0.788
0.62
3.2
0.2
1.176
0.752
6.032
3.044
7.28
0.292
0.568
2.796
2.452
0.656
3.684
0.932
1.736
7.516
3.256
2.64
0.58
0.256
2.18
0.572
1.128
0.428
0.288
1.676
3.172
4.072
0.364
4.472
0.2
3.844
0.58
0.396
1.356
2.428
10.632
0.6
1.788
0.284
6.992
0.86
0.32
0.344
2.8
1.964
1.968
0.2
1.248
1.604
1.276
6.968
6.24
0.24
5.756
1.212
4.044
0.732
0.264
1.86
2.036
1.624
0.364
2.648
0.428
9.096
2.088
3.092
3.436
0.916
0.544
0.916
0.888
0.648
2.924
3.652
1.32
0.232
0.244
1.7
9.992
1.112
4.508
1.016
2.436
1.128
8.216
0.592
1.628
0.712
0.548
0.6
3.776
0.664
7.012
1.468
0.204
6.936
0.264
1.132
2.128
0.212
0.668
9.324
8.168
1.308
0.212
0.928
3.424
2.824
0.62
7.876
1.632
1.68
1.752
0.32
3.836
1.0
1.148
5.82
0.696
1.484
0.564
0.72
4.372
1.236
1.336
3.968
0.368
0.608
1.512
6.596
1.604
0.644
0.592
0.92
0.276
0.344
1.556
0.408
3.84
8.344
0.872
9.724
4.26
3.536
0.252
0.932
0.808
2.54
0.216
4.672
0.212
0.272
2.776
8.52
0.284
5.712
1.164
6.688
2.372
1.96
4.14
3.94
0.276
2.652
0.736
1.524
0.272
1.628
0.696
3.496
1.08
6.732
10.652
0.328
3.596
3.688
4.372
1.104
0.32
7.236
0.756
0.32
1.94
3.544
4.696
0.86
4.148
0.772
0.696
4.784
2.652
0.232
0.332
1.676
10.608
0.444
4.132
2.804
6.76
3.928
1.0
10.348
3.188
0.2
0.204
6.452
1.828
1.256
1.324
4.716
1.176
10.772
1.04
1.228
0.392
0.972
1.7
1.024
3.824
3.312
0.212
4.952
1.972
0.212
0.212
1.312
1.444
6.224
1.696
2.876
5.048
0.416
2.42
0.264
0.596
4.38
0.812
2.096
0.752
0.224
0.948
0.248
3.636
2.744
5.688
6.008
3.576
1.16
0.348
3.256
0.432
2.116
2.724
1.356
1.064
6.932
2.336
2.968
0.516
1.24
1.156
0.248
1.668
10.456
0.948
0.988
0.792
0.864
1.888
5.528
1.14
5.916
8.632
0.256
0.484
0.256
0.332
1.576
0.26
2.096
1.368
3.244
6.228
2.664
3.26
2.584
0.3
0.712
0.78
1.644
2.536
2.148
1.984
1.02
1.384
1.632
1.036
2.436
0.536
0.324
1.296
3.86
1.468
1.092
4.588
0.236
3.344
3.876
0.844
0.5
2.156
1.068
2.076
0.86
3.328
0.488
1.976
1.924
2.348
0.252
5.684
5.148
0.336
0.464
8.62
3.236
4.608
0.672
2.28
3.324
0.768
1.296
0.328
2.44
1.172
0.224
5.556
1.544
0.292
2.38
0.228
0.252
3.008
5.216
2.188
0.836
0.776
3.132
1.424
4.36
1.02
1.056
3.592
1.204
2.636
6.224
0.556
0.396
4.384
1.04
0.904
2.204
0.224
4.452
2.32
0.644
0.348
1.452
1.248
0.512
2.144
3.276
2.088
3.212
0.916
0.964
3.688
0.324
2.78
2.812
2.54
6.976
0.504
0.824
0.932
0.716
0.468
0.684
0.8
0.788
0.536
10.752
1.34
3.652
0.588
2.476
0.284
0.444
0.396
3.596
0.948
0.84
1.868
0.624
3.6
0.54
1.188
2.12
1.188
1.3
0.984
0.888
0.484
0.452
1.16
0.548
0.864
0.208
0.696
10.348
6.028
1.488
1.724
0.864
3.164
8.064
1.372
3.156
4.404
0.824
0.236
9.372
4.836
0.932
1.168
0.92
1.856
2.844
0.952
3.988
2.9
0.52
0.776
3.348
8.344
0.332
1.616
7.244
2.824
5.66
2.732
0.428
1.372
6.324
0.808
1.312
1.448
0.716
0.904
1.72
4.184
1.004
4.676
4.18
0.38
4.872
3.308
1.34
2.36
0.2
9.264
1.652
2.304
3.78
2.692
1.984
2.636
3.016
9.072
0.644
2.62
0.256
1.5
0.72
1.928
0.292
1.188
2.376
4.868
0.196
0.596
1.956
2.956
1.5
4.524
2.6
3.592
2.484
6.612
1.472
1.684
0.252
5.224
7.06
1.536
3.108
1.672
2.22
1.02
3.848
0.608
1.628
3.344
1.264
1.036
6.648
0.884
2.496
6.236
3.312
1.564
0.368
0.328
5.828
0.56
2.644
3.348
1.96
1.256
0.38
0.892
1.016
1.864
0.876
1.876
0.504
0.344
0.712
3.488
2.296
4.532
1.668
3.996
2.1
1.252
0.512
11.012
1.784
2.68
1.324
0.204
3.74
2.164
0.888
0.836
2.516
0.216
3.092
3.028
0.448
0.636
0.972
1.484
3.628
5.672
5.4
6.6
0.896
2.2
1.648
4.476
3.368
1.048
5.98
0.888
0.56
2.872
3.768
0.516
2.14
4.16
0.972
0.848
0.736
8.736
5.424
9.572
1.02
0.54
1.464
0.708
1.484
0.256
1.024
4.104
0.448
1.176
0.924
1.164
0.3
0.368
4.352
1.46
0.336
1.072
4.196
2.516
2.9
1.344
5.468
3.628
6.192
0.724
6.54
2.536
3.16
5.168
1.176
0.672
1.848
0.696
0.116
0.54
3.924
4.092
2.14
7.404
5.564
0.924
0.268
7.62
1.06
2.2
0.792
0.632
0.524
0.288
0.776
0.276
0.236
1.86
0.664
1.584
3.672
0.568
2.58
6.884
1.524
0.436
3.408
5.644
0.188
1.904
10.208
0.732
1.432
3.448
1.656
2.028
0.492
0.956
3.564
1.112
8.92
3.672
10.408
2.992
2.4
3.764
9.492
0.748
0.648
0.864
4.7
2.692
0.32
1.464
4.812
0.264
1.86
3.828
0.444
8.924
5.64
0.284
9.092
1.768
3.536
4.036
2.448
1.672
5.816
0.544
9.984
1.56
1.392
0.668
2.124
1.684
9.752
2.32
6.932
1.152
5.42
1.268
0.772
0.172
0.228
0.572
0.304
0.144
8.004
3.82
2.98
0.092
0.104
1.632
0.2
1.332
2.964
1.584
2.18
2.712
10.048
0.124
0.98
0.356
1.672
4.116
5.936
1.192
3.116
0.424
8.848
4.416
1.888
0.216
0.82
0.924
0.324
4.368
1.468
0.228
0.348
3.736
8.808
0.132
3.78
1.752
1.228
2.072
1.188
1.608
1.068
6.444
0.268
2.08
9.392
1.316
0.312
0.784
0.636
3.692
0.4
0.32
7.304
0.56
4.432
10.564
1.244
0.18
0.764
5.784
2.164
1.212
0.824
1.792
1.448
2.44
7.74
3.68
0.144
0.76
1.44
0.284
0.74
1.912
0.612
5.088
0.284
0.152
1.636
2.02
0.228
1.376
1.296
2.932
2.46
0.16
0.748
2.272
1.336
8.024
5.384
2.156
0.78
1.58
1.448
0.6
0.744
0.572
5.204
3.084
1.588
0.968
7.06
0.132
1.172
3.564
0.788
3.116
0.844
0.144
0.416
1.272
0.948
3.696
1.032
1.664
3.728
2.544
6.56
3.0
4.0
1.008
2.564
0.372
4.884
1.74
7.38
0.64
2.364
0.776
4.816
0.232
7.892
2.192
6.672
1.296
2.4
0.296
0.264
1.08
0.788
3.036
0.316
6.632
1.212
6.724
2.808
0.492
6.444
4.332
0.536
4.74
0.208
7.232
1.908
0.364
10.404
2.856
2.188
6.584
0.072
1.084
1.776
1.628
3.632
1.4
0.128
1.636
2.884
0.3
3.188
1.244
0.384
0.4
2.34
8.612
2.3
0.832
0.708
1.192
6.752
9.276
1.8
0.608
0.5
1.584
4.348
1.504
1.284
9.572
2.192
0.376
1.376
0.488
0.292
0.3
3.956
0.44
2.264
1.08
9.452
0.252
0.74
2.348
6.192
0.528
1.068
0.752
1.448
1.02
5.208
1.02
2.6
0.604
2.512
2.492
1.572
2.02
1.028
0.844
5.544
1.456
6.088
0.176
2.448
1.792
1.344
3.092
1.644
1.244
3.944
1.44
0.208
0.728
2.692
6.568
0.336
3.836
1.604
2.336
0.204
10.692
2.036
2.184
1.524
0.26
8.944
7.032
3.328
1.804
2.8
2.88
2.392
5.356
2.332
1.824
2.988
2.032
1.94
0.884
1.336
3.956
0.528
0.192
1.116
1.856
1.576
1.172
1.676
2.068
2.572
3.4
2.236
0.592
0.32
0.336
1.196
0.188
2.828
0.552
2.492
1.304
1.74
6.092
0.984
0.12
4.12
1.852
2.16
2.212
1.588
0.248
0.548
1.068
9.76
5.8
1.188
0.244
0.488
3.088
1.744
1.712
0.252
0.348
1.312
1.304
0.916
6.436
0.796
1.872
0.3
0.34
0.116
0.512
0.44
0.46
0.216
6.252
1.28
3.248
1.832
0.62
8.372
7.184
2.408
5.776
3.008
0.252
2.756
0.544
2.056
0.912
2.032
0.1
3.084
0.512
0.72
7.916
0.952
2.14
2.128
0.272
1.984
0.376
2.468
0.924
3.656
3.792
2.244
0.56
0.552
0.728
0.664
0.08
0.584
2.02
0.072
6.184
0.76
2.76
2.64
0.152
0.548
3.768
1.864
1.296
4.74
0.544
2.192
0.392
3.676
3.552
1.568
1.632
0.456
0.112
2.512
2.832
3.196
1.62
4.932
0.532
0.756
2.1
2.716
0.516
0.344
8.052
3.62
0.3
0.096
1.664
8.512
0.148
0.5
0.356
1.08
0.136
2.2
1.92
0.82
7.144
6.056
3.024
2.008
2.492
3.412
1.036
6.092
0.508
2.36
0.42
0.532
0.528
3.42
3.34
3.124
2.4
0.508
0.244
0.1
2.96
0.68
1.224
0.168
2.816
1.356
1.376
7.012
1.94
2.1
0.12
0.804
0.444
1.108
6.016
4.42
0.7
5.388
1.476
0.456
2.152
0.136
2.128
1.132
0.824
0.348
2.052
2.212
0.272
2.792
2.444
1.092
0.264
0.188
0.272
1.06
1.292
0.688
3.696
0.94
0.78
5.36
4.568
0.536
1.864
9.864
1.26
0.064
1.036
0.64
5.264
0.268
1.104
2.412
0.16
0.64
0.172
6.248
1.616
3.748
0.556
1.676
1.108
0.092
3.292
2.684
1.204
2.476
0.368
3.364
7.864
1.252
8.16
0.724
0.192
1.644
1.92
0.088
1.576
1.112
5.956
5.068
0.68
3.236
3.012
0.42
3.304
1.22
1.512
3.66
0.208
0.596
0.156
0.556
9.94
3.056
0.416
0.436
4.864
0.2
0.1
2.472
0.452
0.284
0.692
1.08
0.828
1.032
0.316
0.124
0.536
2.036
0.588
1.124
4.016
8.304
2.156
10.892
0.436
7.64
0.832
1.812
3.392
2.0
4.232
8.748
1.704
2.744
9.14
0.868
0.5
0.068
0.276
6.744
4.432
1.52
0.14
0.788
9.42
1.308
2.324
0.232
7.964
0.588
8.496
0.436
0.664
0.348
0.124
0.264
1.028
7.288
0.352
1.516
8.92
0.536
0.796
3.752
0.36
10.844
2.592
0.768
0.232
0.32
5.644
0.716
3.732
5.56
0.816
0.364
0.492
0.38
1.428
5.768
0.504
1.18
1.668
0.912
0.12
1.668
5.48
9.54
0.588
1.908
0.444
1.644
0.508
0.288
0.248
0.244
0.508
2.124
0.24
0.808
0.836
2.24
0.3
4.616
7.196
1.312
2.136
7.972
0.788
2.988
0.068
8.66
0.28
4.5
3.036
0.492
0.984
0.328
5.72
0.58
0.708
0.292
0.436
4.204
2.372
0.28
0.232
0.396
0.3
2.932
4.736
1.98
0.884
0.324
0.764
8.584
8.78
3.328
1.448
1.564
0.604
1.696
5.84
0.644
3.312
0.584
1.832
0.2
1.668
3.86
1.228
1.292
0.744
3.332
0.82
2.468
0.86
0.992
4.044
0.224
0.16
2.392
0.644
2.172
0.888
4.464
1.38
0.244
0.284
5.408
1.884
4.992
1.844
0.44
4.896
0.848
8.4
1.436
3.432
1.628
0.284
1.396
0.912
0.692
1.068
0.124
0.428
0.448
0.176
10.336
0.104
0.076
1.124
5.172
1.304
3.4
1.508
0.128
0.752
3.856
1.836
2.04
4.872
3.524
0.256
6.396
0.248
3.06
4.268
3.356
3.528
3.924
0.728
4.524
0.328
5.08
0.2
0.184
1.124
4.16
5.664
0.348
0.088
2.572
1.036
9.172
3.368
0.424
5.664
2.572
5.032
1.332
2.248
2.28
1.188
2.612
2.3
3.784
3.56
2.492
2.928
1.0
0.104
1.536
2.856
1.82
8.812
2.96
0.424
5.812
1.588
2.096
0.172
1.792
2.628
5.536
2.024
4.344
0.44
0.396
5.028
1.624
3.884
4.456
5.0
2.6
1.584
1.372
0.556
9.38
0.216
0.572
1.08
1.564
0.328
0.54
0.976
0.432
0.62
1.096
0.228
2.132
0.184
0.78
0.34
9.3
0.188
0.44
2.184
4.764
0.216
0.192
1.112
0.708
4.188
2.404
0.848
4.64
0.108
2.336
0.504
4.896
2.712
0.588
0.88
6.04
1.704
0.744
0.504
2.268
0.26
0.716
1.824
5.508
1.832
3.964
4.252
10.192
0.384
8.22
2.792
0.848
0.492
0.468
1.78
5.184
6.924
3.972
0.836
3.072
0.304
4.04
2.268
7.428
1.976
2.8
0.172
7.464
1.396
1.652
1.28
0.888
5.608
0.136
1.628
2.844
1.856
4.38
2.608
1.996
1.436
8.084
0.732
0.164
2.384
6.028
0.716
6.232
2.08
4.46
5.764
1.784
0.812
3.46
0.296
0.128
0.48
0.324
2.388
1.624
8.152
0.2
0.976
0.132
0.56
0.236
2.648
9.036
6.568
10.44
5.364
3.588
3.712
1.552
0.944
2.848
0.492
0.512
8.88
4.216
1.156
10.972
2.32
1.748
4.104
0.884
1.42
0.908
0.268
0.256
6.4
1.128
0.928
0.34
0.212
0.696
1.5
0.184
4.376
0.772
0.444
0.08
0.176
8.08
0.408
2.324
0.88
2.008
0.896
1.62
2.364
1.44
0.196
2.4
0.216
1.42
1.088
1.152
1.3
4.44
1.32
2.396
4.252
5.532
0.132
4.156
1.268
5.664
0.992
0.804
2.624
0.372
0.208
4.036
0.948
1.088
1.208
2.128
7.324
6.224
3.948
4.628
1.532
1.364
2.436
0.856
1.552
6.46
0.592
0.864
0.72
0.296
0.252
2.132
2.396
9.0
10.292
1.468
0.7
7.848
5.0
0.44
2.824
1.404
2.12
0.576
0.668
1.788
2.252
0.396
2.144
0.216
2.396
0.944
0.328
4.988
0.112
1.66
7.144
2.372
0.632
1.968
2.48
9.944
1.324
3.876
0.752
2.508
0.78
1.668
0.3
5.888
1.168
2.648
3.072
0.568
2.052
1.036
3.192
0.252
10.896
0.96
2.172
1.38
1.648
0.852
4.72
1.1
0.388
1.272
0.344
0.156
0.908
0.364
9.724
9.928
1.388
0.636
4.14
7.364
3.032
4.444
0.528
6.888
2.736
0.152
2.384
0.44
1.74
5.592
1.972
0.232
0.472
4.124
1.052
1.06
1.656
6.4
0.612
0.336
1.012
0.42
2.336
0.86
2.3
7.256
2.832
2.944
7.464
0.388
0.66
0.876
0.196
0.444
1.252
2.168
1.156
0.64
1.076
5.888
6.412
0.268
3.384
0.22
1.436
2.792
1.64
1.192
0.5
4.556
7.556
1.236
2.932
0.652
0.82
4.532
2.644
1.268
0.36
2.98
1.4
1.616
2.536
0.868
0.444
2.188
2.368
0.388
0.312
2.004
0.912
1.56
3.168
0.936
0.368
0.148
1.644
0.212
7.02
1.86
6.34
0.204
3.896
2.88
2.956
0.78
3.236
1.032
4.648
5.008
10.16
1.272
0.468
0.12
1.12
1.132
0.144
6.584
1.632
2.012
3.084
0.796
2.192
5.276
0.288
1.428
1.568
0.708
2.204
11.044
0.48
1.884
0.764
3.224
8.116
3.948
2.768
1.968
6.092
0.872
5.936
0.284
1.328
5.932
1.644
3.372
2.368
0.696
1.824
0.94
0.684
0.676
1.492
1.92
6.216
0.496
3.808
2.652
0.5
0.524
0.388
0.64
3.948
0.236
0.228
1.2
1.172
3.0
2.32
10.076
2.544
1.836
1.552
0.848
0.932
0.084
0.536
4.572
8.576
0.488
1.304
5.06
3.308
0.308
0.352
3.104
2.664
1.776
6.044
1.336
0.196
4.624
7.688
0.936
2.052
2.516
1.804
2.064
0.868
0.944
0.9
8.268
2.804
5.472
1.06
1.128
4.456
0.212
1.592
0.12
1.008
0.888
3.136
0.544
1.604
0.888
0.836
6.912
0.448
0.424
0.592
2.42
0.272
0.236
0.784
1.068
5.868
0.136
0.24
6.708
0.08
0.424
1.472
0.54
0.144
1.788
0.804
5.952
0.104
10.872
0.528
0.796
0.408
1.448
0.2
0.8
2.728
0.512
0.572
9.532
0.104
1.248
2.392
0.92
2.516
0.212
1.056
0.096
0.568
4.04
0.612
0.172
0.628
0.076
1.652
0.304
0.252
0.644
0.336
0.76
4.252
0.956
2.716
1.396
8.168
3.856
5.764
2.664
1.34
1.376
0.844
0.072
7.064
6.976
0.768
0.184
0.992
1.052
2.308
4.784
1.792
1.04
0.868
0.072
5.368
3.128
0.408
3.988
1.844
1.232
6.796
3.264
0.668
1.356
4.528
0.832
9.104
9.148
4.048
1.38
0.184
0.144
5.66
1.34
2.136
1.628
3.02
5.416
2.616
0.524
5.888
0.628
1.6
3.06
0.316
2.836
4.14
1.528
8.968
3.152
7.476
0.876
2.128
7.864
0.468
6.54
0.808
0.18
0.548
1.572
0.224
1.0
4.988
2.096
6.624
0.988
1.388
1.016
1.128
3.42
2.936
1.148
1.8
5.872
0.828
1.252
2.688
3.896
0.556
6.512
10.548
0.36
0.856
0.944
1.684
0.512
6.524
0.668
3.532
4.14
0.436
6.4
6.036
5.556
1.308
0.088
6.472
0.36
1.276
0.26
0.072
3.816
3.72
0.616
0.808
9.884
5.452
1.304
2.54
0.8
2.644
10.06
0.864
0.364
3.9
0.764
2.872
1.644
3.66
1.196
1.492
1.516
0.628
2.132
0.864
4.1
2.292
3.136
0.396
1.9
4.268
4.048
6.14
0.852
1.672
1.064
1.232
0.568
0.816
0.108
0.488
3.932
2.396
2.74
0.968
2.412
4.968
1.948
2.008
0.392
10.392
0.624
3.772
0.108
0.212
3.312
0.348
0.844
0.276
5.096
2.82
0.984
0.084
0.664
1.108
0.2
5.136
0.52
2.296
4.552
0.6
0.428
1.18
0.248
1.552
3.46
0.544
0.376
3.344
0.444
3.676
0.284
0.152
4.204
0.844
0.308
1.628
1.724
0.216
3.836
0.204
7.32
2.28
0.416
1.128
3.344
1.952
0.256
6.276
4.648
1.176
3.152
0.524
3.276
1.08
2.772
9.016
3.04
0.564
0.536
1.332
1.628
0.444
0.076
0.472
0.3
0.292
5.572
5.152
4.66
6.424
5.644
1.024
0.628
0.732
0.808
0.192
0.404
0.564
2.648
0.644
0.808
0.22
0.156
0.184
1.324
1.232
1.044
0.54
6.74
0.74
0.572
1.084
8.332
0.372
2.656
0.252
3.232
0.452
1.528
0.212
5.332
3.908
4.884
3.4
5.388
1.988
1.84
2.472
0.408
0.552
0.988
0.124
7.648
1.076
4.972
3.724
3.32
1.48
0.644
0.556
1.808
0.728
0.132
7.784
1.696
9.012
9.012
1.384
3.32
1.588
0.628
0.872
1.172
0.688
0.168
1.732
0.236
0.752
2.576
0.612
1.444
0.912
3.684
1.76
5.5
0.932
2.0
7.096
4.172
7.968
2.124
3.544
4.364
0.728
2.44
0.64
0.24
1.94
5.188
2.08
1.624
2.364
1.248
4.332
2.112
1.0
1.692
1.248
8.444
2.676
0.628
1.392
0.224
0.464
6.684
1.892
3.932
6.016
1.796
2.032
4.844
2.656
7.788
4.768
1.644
2.716
0.4
0.208
4.84
2.756
0.824
0.616
1.232
4.112
0.996
2.236
3.832
1.096
0.532
2.872
8.892
3.6
0.964
9.076
1.392
0.116
0.632
0.092
0.824
1.384
4.492
1.716
2.74
3.72
3.376
3.836
1.588
10.728
0.364
1.508
1.536
1.296
1.676
3.72
3.86
7.932
1.08
4.688
3.308
1.4
0.12
0.072
1.832
3.972
0.516
4.144
0.26
0.824
0.652
0.204
0.876
0.676
3.228
0.16
3.436
1.832
7.068
0.56
1.364
5.076
0.744
2.968
1.404
5.76
0.66
1.54
3.764
6.216
7.396
4.18
2.032
0.1
3.384
3.608
0.14
0.404
0.172
1.276
0.428
2.592
1.224
0.744
1.552
0.652
7.016
3.672
0.532
2.032
9.956
0.476
10.38
0.616
1.02
1.688
0.46
0.6
3.804
1.036
1.552
1.368
0.256
0.32
0.32
3.472
0.26
0.92
2.984
0.364
0.472
4.528
0.632
1.148
0.596
2.072
5.396
5.328
0.104
0.288
0.996
10.696
2.18
4.184
2.292
2.216
6.184
3.804
1.272
6.192
0.504
2.736
0.596
0.356
0.308
2.66
2.636
1.74
2.308
1.168
9.24
1.956
2.808
0.184
4.876
0.252
0.348
4.18
1.216
0.936
9.176
0.58
4.156
10.308
0.108
10.524
4.968
0.096
0.66
2.096
2.092
0.432
1.388
2.024
1.952
2.116
0.08
6.096
6.672
1.624
0.964
0.748
1.144
0.472
0.408
4.752
8.764
4.892
3.908
1.508
0.132
0.308
0.204
0.088
1.068
1.592
5.548
0.496
4.108
2.74
0.408
1.076
0.736
2.696
2.092
1.748
0.688
0.252
3.852
0.1
0.848
0.208
3.044
8.268
0.776
4.996
3.592
2.244
3.144
1.74
0.956
1.74
0.356
1.076
0.724
0.496
7.076
1.176
3.268
0.752
0.364
3.1
1.28
6.816
2.412
2.54
0.416
0.524
2.612
0.62
1.012
0.932
1.22
2.372
2.948
1.332
0.96
1.284
1.776
0.628
0.444
4.188
2.64
7.3
3.024
0.504
0.164
1.276
1.616
7.248
5.24
0.856
3.032
1.756
1.496
0.256
2.136
4.676
0.272
3.18
0.16
0.276
1.156
2.696
4.912
0.252
5.1
2.288
2.1
3.324
1.3
1.888
2.52
5.972
1.968
0.08
1.4
0.616
0.356
1.392
4.472
7.816
0.324
0.96
0.828
1.18
6.808
1.452
4.356
9.72
0.652
5.644
1.244
0.804
2.092
3.1
0.98
2.044
0.62
0.104
2.88
0.16
8.548
2.664
3.104
5.748
1.204
1.732
2.532
0.432
0.224
5.26
3.868
0.144
1.58
4.432
4.212
1.764
1.636
0.308
1.54
0.296
0.464
0.256
0.856
1.18
1.612
1.324
1.964
3.324
2.748
2.368
1.048
0.476
0.548
1.888
2.54
0.764
2.332
0.1
1.924
0.972
1.628
0.084
0.072
4.916
7.476
5.08
4.748
0.94
0.112
0.708
2.496
2.648
1.836
5.46
0.132
2.652
4.448
1.076
1.152
0.84
5.792
6.744
5.692
4.432
6.612
5.904
3.0
0.188
2.408
0.288
0.608
2.668
1.26
0.12
1.76
6.992
5.512
9.932
3.452
1.96
1.24
3.644
1.388
1.568
4.968
0.944
1.968
1.596
3.408
0.416
3.516
2.22
1.496
1.028
4.964
2.008
0.692
4.224
0.824
9.916
0.872
6.88
4.12
1.892
2.956
1.324
1.444
1.276
6.744
1.564
1.168
7.488
1.068
1.096
1.032
2.604
4.428
0.26
0.46
2.3
0.808
6.944
0.692
3.86
0.612
0.712
8.824
1.456
3.552
0.856
2.364
1.084
0.348
3.228
4.048
0.836
0.492
3.624
3.304
1.876
0.864
0.944
1.16
1.712
0.596
2.824
0.496
1.596
1.14
0.66
1.772
3.824
3.376
2.808
0.316
0.66
1.976
4.66
0.248
2.516
2.82
1.684
2.396
0.52
3.492
4.78
1.948
0.688
5.444
2.952
1.54
0.744
1.868
1.892
6.48
2.156
6.816
0.812
1.336
0.312
4.292
6.364
0.084
2.012
8.116
8.192
2.092
2.636
7.096
3.66
3.128
6.212
3.336
0.864
1.168
5.76
1.964
2.968
0.64
2.276
2.784
1.712
2.656
0.796
2.676
1.188
1.232
2.988
0.932
1.944
0.876
0.48
3.708
1.056
1.324
2.184
1.78
1.424
3.216
2.42
0.816
0.148
6.316
2.408
0.244
0.068
3.256
2.984
1.192
4.196
0.588
0.496
0.932
2.772
0.484
3.796
0.088
5.508
0.712
1.336
1.392
0.304
1.144
0.108
3.532
4.788
1.22
2.472
2.196
4.028
0.372
0.284
1.808
1.132
2.84
3.476
1.02
7.624
2.564
1.768
1.312
0.648
2.648
6.932
5.224
4.716
1.284
1.348
6.304
0.876
0.608
1.976
0.416
0.468
2.056
0.768
1.288
1.576
2.732
0.232
7.716
1.208
0.728
4.292
3.156
3.58
4.184
0.108
8.088
0.332
4.516
3.468
0.976
1.032
0.176
0.096
0.244
1.116
0.136
0.484
0.12
5.868
3.636
4.508
0.824
0.832
3.448
0.672
0.508
0.816
0.124
1.92
0.412
0.232
0.848
1.98
7.872
0.528
3.992
0.156
8.148
1.048
4.392
2.592
0.132
1.1
3.836
2.46
4.136
7.688
0.408
0.096
0.204
7.38
3.324
1.228
4.092
0.928
2.276
10.892
0.716
7.264
2.132
7.284
1.036
1.312
2.072
2.684
2.016
3.688
0.788
0.7
3.544
1.448
0.828
6.64
0.9
0.692
1.72
0.844
0.608
0.548
1.784
3.016
0.8
3.436
1.708
3.548
2.072
7.372
1.284
8.48
3.144
4.696
0.164
1.996
3.348
1.776
1.72
1.524
1.468
2.22
1.22
1.312
7.02
0.708
0.416
1.548
2.668
4.128
1.768
6.032
0.128
2.388
1.572
1.624
4.292
6.58
1.94
0.476
0.088
0.332
1.336
4.132
1.268
0.736
4.788
2.016
1.992
1.356
7.068
1.996
3.96
0.216
1.04
0.08
4.448
0.116
0.808
4.752
1.04
2.212
1.992
8.332
4.888
2.456
1.38
3.86
4.616
1.108
2.304
1.172
1.896
2.184
4.024
2.268
0.128
5.176
0.492
0.436
4.872
1.324
1.228
1.04
1.092
1.772
0.5
0.196
6.764
1.604
2.5
1.04
1.404
0.572
0.452
4.408
0.304
3.616
5.24
3.144
0.9
1.692
0.808
6.024
2.08
2.288
0.916
1.14
2.648
2.992
3.892
1.696
1.144
5.72
10.28
2.636
4.016
2.12
3.544
1.332
2.212
8.468
0.116
7.172
2.636
0.164
1.0
2.46
5.636
3.988
0.316
0.776
1.652
0.112
1.756
0.912
9.056
0.588
3.632
0.2
2.376
0.816
0.424
1.8
5.5
1.548
0.296
3.172
0.744
0.172
2.432
2.452
1.18
4.068
2.504
6.552
5.568
10.196
1.672
1.824
1.048
2.256
6.024
6.628
0.932
5.476
0.376
0.072
0.364
1.824
7.964
0.12
6.056
3.384
7.14
2.7
0.1
1.54
4.796
1.828
0.324
0.336
1.468
0.332
3.692
2.464
0.688
2.42
1.556
1.768
0.324
0.664
2.636
2.6
6.584
4.288
4.78
3.148
1.456
0.188
2.12
6.032
1.244
4.896
2.508
1.168
0.156
0.824
1.776
3.784
0.128
0.148
6.7
0.536
0.884
4.028
3.756
7.58
0.536
6.0
2.568
0.952
2.052
0.984
0.204
9.44
0.156
4.652
1.044
2.612
4.324
0.216
4.436
4.82
0.136
4.292
5.092
0.412
1.436
0.16
1.992
4.5
3.108
0.94
1.864
0.46
0.928
1.28
3.604
7.42
1.62
0.336
5.016
3.2
6.208
0.136
2.456
0.224
4.296
8.024
1.048
0.392
0.092
0.448
0.42
1.232
2.688
0.62
2.524
0.896
1.672
2.016
1.748
1.38
0.532
0.16
0.996
1.392
2.976
0.636
1.076
0.568
0.54
0.376
4.156
4.28
0.12
0.868
0.084
1.036
0.804
0.564
6.372
2.54
2.68
6.872
10.272
2.14
0.308
4.752
0.856
0.276
0.92
0.368
1.1
3.008
0.768
0.656
0.568
4.544
3.756
3.54
0.752
2.476
3.88
2.8
1.024
0.52
5.188
1.964
0.564
0.716
1.448
7.404
0.532
0.704
8.472
0.392
1.332
0.84
0.272
2.176
0.476
4.724
1.096
3.228
3.948
2.792
1.384
1.52
1.008
0.988
5.412
0.488
0.948
3.048
1.724
1.736
0.48
2.356
0.504
9.96
1.92
0.552
1.284
1.296
1.676
2.36
1.628
1.584
1.244
0.74
4.44
3.056
0.52
2.608
5.496
1.268
0.568
2.068
0.14
2.32
4.348
0.084
0.712
1.268
0.724
2.904
1.38
3.684
2.208
1.58
2.768
6.48
4.412
4.736
0.744
0.828
0.136
0.704
2.072
0.572
2.512
1.928
0.988
5.2
7.872
4.572
6.96
0.34
2.964
1.0
1.896
2.86
1.796
1.668
3.172
1.228
0.796
1.564
3.788
3.124
3.412
2.036
0.936
2.624
0.1
1.428
0.804
4.288
0.912
0.224
2.568
3.72
2.232
0.276
0.072
4.08
4.228
0.672
3.02
3.668
4.344
0.6
6.684
0.128
0.816
1.508
2.556
0.808
1.864
5.28
1.628
0.088
0.636
0.988
2.92
0.484
1.936
0.628
2.256
0.468
2.216
2.448
0.272
3.804
0.736
4.4
5.516
1.836
0.268
10.12
2.86
4.684
4.604
3.892
1.02
0.84
1.56
0.436
2.08
4.348
2.356
2.564
4.58
2.812
1.484
0.288
1.1
2.908
0.84
0.092
2.9
8.168
0.164
2.132
2.976
1.0
1.996
0.764
1.376
1.512
0.808
0.296
0.276
3.316
0.464
0.072
4.62
0.26
0.336
1.736
0.42
0.692
3.812
0.124
2.16
1.232
0.24
0.884
1.084
0.408
5.924
0.276
1.112
7.448
2.524
4.752
2.984
2.652
0.312
1.196
2.552
1.532
2.04
0.996
6.484
0.588
2.58
0.824
0.528
0.088
7.24
0.112
1.864
4.676
7.3
0.8
1.668
3.216
0.972
0.68
2.044
3.348
0.296
1.512
3.256
0.12
2.972
0.744
5.5
0.608
0.268
5.96
1.364
4.896
4.144
0.208
1.024
2.148
1.544
8.624
0.228
3.056
0.32
0.84
3.936
2.992
0.456
3.584
1.784
2.304
1.736
10.64
2.66
2.204
10.208
0.756
0.448
7.5
3.752
0.488
1.344
4.492
2.148
0.924
0.904
1.712
10.852
3.512
4.18
0.732
1.38
1.52
3.2
0.22
0.568
0.816
0.376
0.764
2.648
2.52
0.172
6.02
3.08
1.86
4.924
1.388
2.628
4.34
3.008
0.848
4.82
3.716
2.612
1.404
1.268
2.612
1.404
0.096
1.332
0.244
2.964
2.616
0.216
9.284
2.504
2.428
1.78
10.392
1.224
0.684
1.896
3.916
0.448
0.14
0.36
1.244
0.504
0.124
1.404
0.472
2.012
4.372
8.016
0.172
2.052
1.184
1.072
1.052
0.2
2.88
0.576
1.96
4.7
0.512
1.316
5.392
3.476
0.192
0.168
0.332
4.628
0.828
0.752
1.54
2.028
1.88
5.304
3.988
3.036
0.792
1.064
2.536
2.568
0.888
4.628
0.644
5.256
0.384
2.196
0.244
2.724
0.512
0.608
0.284
4.336
5.176
1.104
3.74
1.312
10.704
0.3
3.152
6.812
10.884
5.532
0.312
7.844
1.5
2.812
4.648
1.592
1.04
5.3
1.644
3.424
1.712
0.312
0.992
0.8
6.936
2.656
1.064
2.116
1.316
1.444
4.152
1.796
0.86
4.384
0.52
3.82
3.404
1.06
0.876
3.104
1.236
0.484
1.0
1.744
0.756
1.452
0.64
0.472
0.072
1.688
3.14
0.28
0.188
8.428
9.98
0.48
8.184
1.576
1.48
2.536
3.084
1.936
1.14
1.3
3.196
1.472
0.408
3.992
3.072
1.896
1.836
0.792
1.368
2.432
0.708
2.396
1.652
1.376
0.832
1.416
3.436
3.428
1.66
0.232
1.588
3.904
10.244
10.052
0.328
3.556
2.172
2.24
1.772
1.588
6.948
1.184
1.544
0.412
0.128
0.244
0.808
0.176
1.072
1.964
0.376
1.16
0.1
0.516
0.536
0.396
1.468
0.356
0.644
1.064
7.584
4.5
0.752
2.616
0.496
6.664
1.876
8.996
4.2
0.532
0.824
1.816
8.26
2.44
4.544
2.492
8.328
3.52
0.112
0.428
3.06
0.32
0.596
4.38
2.388
0.772
0.336
0.992
2.44
3.804
0.396
2.516
1.132
1.916
5.82
4.112
0.416
0.096
5.004
2.852
2.264
0.12
9.948
2.54
1.84
0.128
3.344
0.104
3.304
6.144
2.408
0.636
2.008
0.892
8.52
0.936
0.776
0.512
5.98
6.604
2.64
1.76
2.176
0.48
4.92
4.808
0.888
0.728
0.312
2.444
8.86
1.944
9.092
3.116
3.004
1.968
3.336
0.596
0.672
0.076
0.676
3.108
0.272
6.196
0.388
1.116
0.74
6.876
3.248
0.2
1.744
1.376
0.696
0.156
1.356
0.196
1.304
4.208
1.184
0.408
1.024
4.536
1.484
9.056
5.556
1.128
2.152
0.832
2.284
7.272
2.352
9.6
10.04
4.836
4.304
0.436
0.76
5.22
3.592
1.932
0.172
3.168
0.38
5.016
9.172
1.328
1.316
0.38
0.368
1.612
0.312
0.516
3.024
3.2
0.716
0.548
3.892
4.88
0.564
2.076
0.452
10.364
1.32
0.828
0.112
3.28
0.712
2.972
1.672
1.58
6.02
5.028
2.164
0.372
2.26
1.192
6.388
0.6
1.368
3.404
4.328
2.944
1.312
9.092
0.892
1.256
0.736
0.388
6.62
2.196
0.556
6.584
1.656
0.924
1.208
0.596
0.088
0.636
0.128
5.344
1.26
0.488
1.264
1.616
5.356
1.016
3.708
0.168
4.004
0.636
0.64
1.752
1.336
1.708
0.46
8.548
0.608
0.404
0.14
3.472
6.016
2.244
1.876
1.556
1.796
0.356
0.124
0.28
0.116
2.328
5.188
10.072
0.136
0.976
0.556
1.02
0.908
0.8
4.828
2.72
0.48
0.328
2.08
0.236
0.38
2.028
2.076
9.564
2.392
1.188
5.324
5.196
4.644
5.252
1.156
1.316
1.02
2.0
4.816
1.612
1.648
2.664
9.808
1.364
0.216
2.092
1.596
7.656
0.436
5.528
2.736
1.736
4.264
6.724
2.844
0.216
0.576
1.924
2.676
1.66
0.248
3.184
4.156
2.644
0.208
3.608
0.5
2.632
1.436
2.764
0.364
0.244
1.856
0.676
2.576
1.268
0.688
0.508
0.496
1.22
0.916
7.256
0.688
0.58
0.788
2.012
0.996
0.344
0.452
0.204
1.28
0.436
5.052
0.692
0.476
8.568
1.108
0.4
3.656
0.352
3.316
2.312
0.748
5.6
2.056
0.228
0.52
0.188
4.032
0.432
2.912
3.112
0.648
1.648
1.684
3.732
0.132
0.1
0.808
1.12
5.408
9.724
0.976
0.096
7.356
1.276
2.132
7.848
0.728
0.672
0.596
6.24
2.724
3.656
1.024
0.248
0.588
3.056
3.384
1.264
2.424
1.208
0.96
0.692
0.164
2.328
1.952
0.464
1.14
4.912
0.556
1.788
0.316
0.244
3.728
10.168
1.828
1.512
7.844
3.092
1.416
3.48
0.452
0.268
1.084
1.556
0.408
2.68
3.348
3.408
4.8
2.724
3.416
0.416
0.184
1.908
5.052
2.364
0.648
0.08
2.74
0.42
0.96
5.996
0.22
1.28
0.724
6.496
7.412
1.888
0.432
1.36
2.948
1.768
3.844
2.668
2.772
4.42
1.028
3.728
0.672
7.172
0.08
1.388
7.12
1.168
0.84
0.12
0.772
0.8
0.244
1.06
1.3
2.16
0.56
2.124
2.244
0.924
1.688
1.476
2.512
4.172
1.056
0.144
2.276
0.828
3.34
2.252
0.464
0.24
0.668
10.516
0.172
2.072
2.616
1.288
2.716
1.676
2.6
3.308
1.996
4.76
3.828
7.888
2.996
4.0
1.344
5.348
4.68
0.476
1.032
0.16
3.796
2.036
1.6
1.024
4.128
0.512
0.62
4.724
5.096
5.076
4.92
1.092
2.352
3.096
4.1
6.864
1.016
2.124
2.62
1.348
2.2
4.732
0.228
4.44
4.94
5.424
1.428
1.172
4.752
2.376
0.428
0.816
0.34
8.38
3.364
8.336
1.528
2.224
1.084
3.792
2.592
1.396
0.612
0.828
1.452
0.36
4.3
0.312
4.068
0.584
0.836
3.876
0.356
1.008
1.712
1.944
1.496
0.748
0.08
5.98
0.408
2.024
0.692
2.416
2.124
0.332
0.968
0.996
1.876
0.148
0.256
3.412
1.056
0.412
0.74
4.844
0.788
0.728
0.504
1.928
0.592
3.88
0.464
5.996
6.236
3.3
1.024
5.356
3.74
1.796
3.44
1.376
0.388
3.416
5.836
0.916
3.376
0.292
2.572
0.668
0.948
8.92
1.18
7.736
0.432
2.828
3.668
1.588
0.768
0.684
1.532
2.804
1.488
0.78
4.244
10.616
0.712
1.06
2.892
5.268
0.972
4.816
5.236
1.952
2.284
1.164
0.792
3.772
0.38
3.348
0.932
0.636
0.252
3.948
2.58
0.876
1.516
2.992
2.308
1.364
2.512
1.972
1.844
10.92
2.528
1.996
7.188
6.144
2.92
2.828
0.956
1.176
2.732
1.88
2.84
0.96
2.496
1.872
1.032
0.236
2.248
7.8
5.1
0.56
1.272
1.644
0.156
3.424
7.084
0.368
0.42
0.108
0.976
2.056
0.732
1.84
5.716
0.752
1.396
8.308
0.292
1.548
0.572
0.872
0.412
0.372
0.584
0.888
1.94
1.784
0.308
2.784
3.592
1.196
3.796
1.672
1.72
0.732
2.968
0.58
1.78
0.808
0.228
1.364
0.296
0.924
2.208
2.06
1.66
5.476
6.54
0.344
0.216
4.86
6.268
1.74
0.424
6.404
1.736
4.16
0.58
0.188
1.732
0.084
1.048
3.104
5.56
1.044
4.464
2.096
2.312
1.056
0.184
3.068
2.0
5.716
1.54
0.76
3.508
1.064
7.084
5.932
2.56
1.44
0.372
3.608
1.056
1.484
0.088
1.66
2.196
0.532
3.588
6.032
6.576
5.456
0.164
1.064
2.784
4.184
2.704
9.536
0.144
0.228
3.084
1.34
4.452
3.116
7.604
2.604
2.028
4.652
0.384
0.368
0.5
0.296
2.356
0.856
4.592
2.216
0.192
1.016
0.968
0.144
11.064
0.176
3.548
4.368
1.088
0.108
1.088
6.688
1.168
9.536
1.604
3.36
1.1
0.076
0.984
1.616
2.5
0.3
3.356
5.148
0.688
0.716
0.944
2.68
2.188
0.08
3.356
3.504
0.28
1.324
0.288
1.74
0.556
3.52
9.432
0.316
2.576
0.772
3.036
0.136
6.696
3.112
2.616
1.676
1.088
3.712
1.708
4.392
1.284
9.836
0.22
0.172
2.372
9.816
0.872
0.528
1.116
1.74
2.396
0.24
0.308
4.584
0.604
4.028
1.6
5.532
7.056
3.256
6.248
1.916
7.704
1.74
7.696
3.628
1.868
0.152
3.008
0.78
1.1
6.1
0.868
0.696
0.856
1.328
2.48
5.908
3.344
3.236
1.264
0.084
0.948
0.452
0.148
0.316
4.096
0.72
2.888
0.34
2.132
4.304
2.8
1.288
2.368
0.376
4.156
6.324
0.86
1.168
0.4
0.156
1.208
1.368
10.592
1.144
2.728
0.348
3.428
2.684
2.116
4.96
1.932
2.616
1.6
0.58
0.164
4.58
1.66
2.436
0.436
0.852
4.956
1.096
0.14
3.256
0.464
0.228
5.996
7.316
3.092
0.4
0.972
0.644
2.24
1.524
1.328
0.524
1.656
6.824
1.784
1.148
5.916
3.904
1.668
1.948
7.308
7.564
0.252
0.272
10.94
1.3
3.944
2.2
0.524
2.932
0.64
4.532
7.616
0.264
3.012
2.456
3.84
2.3
7.096
0.532
0.364
0.872
4.012
2.048
1.46
4.864
0.832
1.124
1.724
0.868
2.916
9.476
5.096
2.62
2.936
0.356
5.044
0.196
9.62
1.476
2.988
1.72
3.508
2.904
4.108
9.348
2.652
0.452
1.016
1.904
0.172
10.868
2.076
5.732
9.672
0.452
0.264
0.86
1.084
1.896
0.196
9.564
0.544
2.896
1.416
1.42
1.896
0.616
1.644
0.9
1.58
0.756
0.312
2.464
2.616
2.196
6.108
0.36
0.232
0.28
1.4
0.368
1.148
2.468
0.396
0.6
0.76
0.78
8.468
1.9
2.284
2.432
2.672
6.66
3.304
4.088
1.376
3.984
3.412
2.736
1.924
1.612
3.544
4.872
1.36
3.372
0.204
4.296
0.92
3.604
0.16
10.18
0.864
0.608
1.348
1.336
0.476
2.644
0.34
0.184
10.816
1.336
9.2
1.892
0.556
1.928
3.204
5.184
0.224
3.568
1.46
0.14
0.932
0.968
3.116
2.392
1.9
0.412
3.636
0.908
0.564
0.496
0.208
1.352
4.824
0.568
2.132
6.34
1.044
1.212
6.664
2.836
0.708
3.708
3.22
0.42
0.116
5.736
1.592
2.116
0.132
0.24
1.744
2.872
2.688
4.368
0.672
0.624
0.112
4.356
2.576
1.2
1.316
0.088
2.788
1.924
0.924
3.096
2.816
4.036
4.664
4.248
0.408
5.988
0.224
0.712
4.968
1.776
1.888
2.98
1.32
0.268
1.504
0.092
2.38
0.368
0.604
3.596
2.416
3.66
3.428
0.356
1.232
2.26
3.568
4.036
7.14
1.672
3.804
0.068
3.176
3.984
0.304
4.904
0.616
2.572
0.912
0.24
2.768
0.12
2.824
3.192
2.884
1.584
0.98
6.752
0.516
5.2
5.912
0.068
1.156
0.72
2.032
0.188
1.796
2.548
0.1
1.032
0.228
0.384
0.856
2.364
6.524
1.708
2.58
4.08
0.156
1.068
4.584
0.532
6.752
2.34
1.94
6.596
0.744
0.412
2.64
2.18
0.692
0.976
0.8
9.608
5.724
7.148
1.712
4.56
0.164
2.076
6.412
3.052
1.252
1.72
0.192
3.684
1.464
0.68
1.2
0.676
0.112
1.54
1.56
7.308
6.404
0.804
2.208
0.148
7.936
3.216
1.704
0.64
2.0
1.528
2.964
0.956
3.5
0.544
0.584
3.24
3.984
1.152
0.212
0.328
1.496
0.72
1.68
0.572
1.536
2.328
1.828
3.184
2.244
2.968
0.412
4.788
0.252
5.264
4.676
0.788
0.244
0.72
0.576
2.96
0.24
1.904
1.716
3.748
6.272
0.768
7.22
7.616
0.392
0.504
0.468
0.74
2.468
1.868
2.188
3.42
3.864
0.664
4.416
2.868
10.996
3.992
1.56
0.228
0.8
1.224
6.404
3.836
1.116
5.872
0.984
1.6
1.58
0.504
0.72
0.764
0.188
2.124
0.856
1.056
4.708
2.336
0.812
0.228
5.52
0.332
1.676
3.04
0.216
5.168
1.796
0.856
0.096
7.352
1.616
1.052
0.18
0.604
2.376
4.94
0.764
0.112
1.248
0.248
2.628
3.996
2.608
8.564
4.244
1.204
8.04
2.092
10.336
10.784
4.12
3.576
1.34
0.7
0.22
3.524
0.832
1.54
4.956
0.94
0.128
0.368
1.724
0.428
3.82
1.376
0.316
6.628
0.812
0.276
3.284
0.624
0.316
2.548
8.084
0.448
1.096
4.06
1.164
5.688
1.32
0.544
3.1
7.488
1.432
0.604
1.456
1.476
0.772
4.016
3.84
0.336
1.292
1.452
2.628
2.208
3.064
3.456
1.64
0.7
1.464
1.116
0.852
1.38
0.072
0.98
0.064
4.784
0.368
0.98
0.476
4.516
3.584
2.88
1.82
9.808
2.512
0.188
1.012
0.584
2.832
1.136
0.132
1.48
1.46
0.188
1.952
5.308
3.544
5.96
2.756
1.392
0.412
2.464
1.908
4.548
0.624
0.804
1.224
2.84
0.272
0.484
1.34
2.488
1.32
1.008
2.332
4.676
0.644
2.872
0.452
3.856
2.296
2.784
3.752
2.0
4.98
4.12
0.736
3.012
1.86
0.14
0.576
6.152
3.008
1.46
3.676
1.136
0.744
0.572
1.852
3.74
0.144
0.668
0.832
2.32
8.736
0.424
1.876
0.192
1.196
3.124
0.392
5.22
5.236
0.228
4.46
0.716
5.0
0.512
2.376
8.648
2.42
0.36
1.868
0.58
0.156
4.516
5.46
0.28
0.4
2.0
4.164
1.02
4.104
4.08
1.416
2.252
6.916
9.812
5.14
6.808
0.136
1.04
0.756
3.768
0.9
2.876
0.1
1.732
0.892
2.316
0.84
8.352
1.488
2.272
0.556
2.772
0.084
4.012
1.124
1.728
2.684
3.772
7.948
2.692
9.148
3.516
5.24
0.188
1.52
0.612
6.644
0.72
1.22
0.384
2.196
0.388
0.976
2.876
5.4
0.836
1.96
0.368
6.604
1.072
5.556
2.232
1.76
6.528
1.208
0.276
1.648
0.088
0.084
2.192
4.184
6.52
0.744
3.112
1.412
0.46
1.792
2.268
0.212
0.884
0.244
0.9
0.12
1.028
4.272
5.18
1.044
1.352
0.484
0.076
2.328
3.2
1.204
4.16
2.284
1.584
0.576
0.14
4.312
1.076
6.304
0.188
2.04
1.252
1.512
9.316
3.184
5.568
1.876
6.84
4.86
6.004
1.092
0.296
1.736
1.072
0.4
3.76
2.924
9.368
0.836
5.544
2.056
4.124
5.128
0.292
0.132
3.68
2.908
2.928
0.816
0.692
0.248
1.456
1.288
0.708
1.248
1.108
5.38
0.86
0.18
2.012
10.268
1.576
7.82
1.012
0.436
0.768
9.844
0.432
1.008
4.656
1.96
11.036
2.6
7.044
0.936
5.06
0.18
1.456
1.196
5.664
1.144
4.58
3.0
2.296
0.332
6.112
9.912
1.536
0.912
6.42
4.076
1.508
0.532
1.968
0.456
0.116
8.592
7.212
0.612
2.888
5.956
2.548
1.204
3.664
4.56
0.648
0.94
5.268
6.28
4.848
8.1
1.152
2.9
2.104
1.1
9.4
0.588
7.724
5.516
2.052
1.02
5.696
1.992
0.908
0.384
1.816
4.456
9.024
0.156
3.712
2.16
0.924
0.476
3.08
2.728
0.128
2.384
1.444
7.196
1.892
0.664
4.74
6.688
0.82
1.088
7.46
1.456
0.688
7.068
1.5
0.464
4.392
1.088
7.932
0.152
4.408
0.22
1.04
1.352
1.192
2.924
7.108
6.768
6.808
3.792
0.824
7.568
5.876
0.228
0.408
1.508
1.448
2.108
1.1
0.216
5.512
2.312
4.364
1.196
0.468
4.408
8.192
1.956
0.408
0.308
1.812
7.088
4.28
1.0
0.7
0.408
1.54
3.468
1.86
3.936
3.564
1.516
2.416
1.316
0.988
10.172
0.468
0.128
0.868
7.868
0.636
1.344
3.384
5.924
2.764
3.904
4.888
1.588
3.8
0.884
2.96
3.372
0.976
0.48
1.744
3.0
3.288
2.772
3.508
0.092
0.792
2.444
0.28
0.736
0.64
7.284
2.368
3.272
1.728
0.84
5.388
6.616
0.176
2.532
2.184
0.572
1.092
0.448
0.868
1.276
0.36
2.948
1.648
3.208
0.556
1.552
0.196
6.74
0.132
0.996
1.592
5.128
0.212
3.992
2.78
1.028
0.588
0.98
1.904
1.576
0.588
0.816
0.868
0.088
11.052
0.928
1.6
6.488
1.056
2.152
3.176
0.52
1.104
2.56
0.476
6.76
4.744
1.092
1.732
0.584
2.852
2.996
0.484
8.804
0.628
2.604
0.928
0.836
0.152
2.476
7.344
0.496
1.748
0.708
0.656
2.704
0.94
0.524
1.092
0.896
0.312
4.2
1.42
0.66
2.284
1.004
0.22
2.192
0.556
0.372
1.916
7.492
2.492
3.564
9.784
0.136
2.888
0.46
2.012
0.828
0.284
5.156
5.34
6.512
1.432
0.512
6.592
1.12
1.564
5.448
1.252
3.236
1.324
0.648
5.08
7.412
3.736
3.22
0.984
4.88
1.14
3.544
0.704
1.3
1.552
8.188
1.224
1.736
1.912
0.28
2.352
2.256
0.292
1.384
4.132
0.84
6.244
2.756
1.74
3.548
1.428
1.984
0.228
4.024
5.844
0.712
1.32
4.34
3.68
1.916
1.408
1.82
0.74
2.792
0.368
2.628
2.448
0.844
3.84
0.924
0.108
1.588
6.036
0.172
1.54
0.168
6.324
0.864
4.136
1.592
6.1
0.792
1.868
1.356
0.328
0.56
7.64
0.204
2.568
10.844
0.44
2.844
1.336
0.824
0.424
0.92
0.904
0.592
1.06
6.16
0.948
0.424
1.888
2.936
1.456
4.812
6.332
2.692
9.404
0.36
0.18
2.116
1.964
0.364
0.196
0.364
2.324
2.6
1.124
0.296
5.948
1.704
2.348
3.328
1.548
0.82
1.492
2.16
0.468
2.94
0.876
0.672
6.296
4.632
0.516
5.656
2.524
5.64
0.896
2.896
0.184
0.756
1.856
0.096
2.344
6.68
10.068
2.872
0.728
0.872
2.116
1.0
0.604
4.8
1.268
2.24
1.256
5.072
0.368
6.54
10.128
0.428
4.564
2.76
1.096
1.92
1.952
2.324
3.568
2.9
0.688
2.78
2.496
3.624
0.344
2.096
0.472
4.032
4.292
3.292
1.612
1.388
7.072
2.772
3.028
5.128
2.592
6.556
8.212
4.312
1.572
2.636
5.252
4.828
4.532
1.668
1.744
4.852
0.416
0.348
0.744
5.28
5.228
0.4
4.608
4.072
2.108
0.816
0.664
0.956
4.124
2.088
4.496
7.968
0.344
1.308
0.696
0.612
1.008
6.12
0.448
2.568
0.268
4.38
0.452
0.18
0.28
3.396
1.912
2.296
0.364
0.624
1.124
1.416
0.568
10.36
0.932
2.78
3.936
5.636
8.652
1.6
0.508
4.624
7.564
0.716
6.688
3.564
0.08
0.404
1.88
2.012
4.872
2.516
1.168
2.588
0.216
1.86
8.62
1.832
10.292
1.784
2.1
0.328
0.304
1.32
10.232
1.296
2.336
0.964
0.16
2.556
1.968
2.236
4.008
1.444
3.484
0.896
3.78
1.512
1.616
11.032
2.732
3.548
0.292
1.448
0.52
2.964
6.012
0.936
4.816
0.116
4.968
0.604
3.18
1.632
1.172
2.284
5.396
4.532
5.056
2.244
2.0
2.612
5.752
6.304
3.616
2.68
1.976
0.944
0.968
5.68
1.604
1.956
3.008
0.328
0.496
1.492
4.188
1.104
1.184
2.028
0.64
2.036
0.228
2.64
2.524
0.44
0.112
2.272
0.884
2.264
1.704
0.284
0.896
3.488
1.3
2.616
0.788
1.876
1.172
9.68
2.128
1.564
0.496
1.256
1.884
0.564
1.564
9.152
0.904
2.708
10.496
0.676
1.448
5.672
6.516
0.48
0.216
3.932
3.368
3.668
0.1
3.96
3.6
5.864
1.648
4.272
2.364
2.076
2.196
2.612
7.788
3.616
0.204
3.14
2.912
1.968
3.136
0.224
0.296
1.136
0.836
0.24
1.5
0.484
2.084
0.308
3.356
1.428
0.216
4.088
9.416
0.7
8.376
0.84
7.044
3.908
0.42
0.572
5.068
7.4
0.28
2.552
4.168
0.832
10.016
6.268
1.524
0.148
3.468
2.2
9.752
3.992
2.764
6.048
5.276
1.096
5.764
1.168
0.08
1.42
0.248
4.96
3.692
7.94
0.628
5.808
6.292
2.82
8.624
2.588
3.82
0.672
1.008
3.464
6.776
6.216
0.328
0.552
5.304
0.304
3.792
0.536
3.12
1.652
0.58
1.152
3.38
0.508
3.608
1.184
0.464
1.112
5.164
2.9
2.816
1.292
0.348
1.456
10.848
2.252
0.2
1.252
0.336
0.2
2.504
5.504
0.208
0.516
1.62
0.108
1.668
0.22
4.072
6.304
2.284
0.148
4.184
2.088
4.976
3.856
3.068
4.444
0.524
1.796
2.192
0.068
2.04
1.86
0.984
6.096
0.548
2.124
2.136
2.764
1.332
4.58
0.38
3.416
3.148
6.548
1.104
7.932
1.968
1.564
3.08
1.236
0.688
0.132
2.976
1.764
0.552
2.008
0.98
4.78
1.164
0.8
3.872
1.608
1.772
6.084
2.408
5.188
0.48
0.62
1.916
2.112
1.588
2.112
0.18
4.252
4.076
5.756
3.12
1.56
2.852
1.412
0.592
2.676
3.7
0.996
0.336
0.944
2.636
0.492
1.552
5.556
2.716
0.96
1.332
2.92
1.376
2.52
8.96
0.42
1.28
7.152
3.332
0.892
1.276
0.948
1.304
7.16
1.06
1.088
2.936
1.044
0.76
1.76
0.936
6.26
3.54
3.056
0.436
2.14
2.008
3.888
2.828
0.108
2.04
1.004
0.86
0.124
0.552
0.44
0.432
0.952
5.84
4.964
0.268
0.832
2.312
4.948
1.688
1.184
8.852
0.232
0.8
0.832
5.784
0.688
4.944
0.888
5.884
0.252
10.256
0.828
0.608
6.732
2.352
2.28
9.544
0.72
1.464
6.128
0.22
3.516
2.24
0.524
0.452
0.896
3.632
7.28
0.444
0.212
2.968
6.804
3.972
4.36
1.64
1.576
0.432
0.452
1.052
1.424
1.516
1.084
0.524
1.584
3.352
1.368
0.148
4.168
1.46
6.668
1.548
4.356
0.78
0.432
1.392
1.148
0.084
10.872
10.916
0.348
0.888
1.496
2.356
7.064
1.628
0.196
8.576
6.532
1.404
7.992
0.444
2.992
2.08
7.152
0.608
1.14
1.652
5.084
4.368
2.144
2.92
4.428
0.58
3.128
1.312
1.696
0.26
2.452
4.812
2.264
2.324
0.708
0.38
0.976
2.9
0.496
3.58
0.924
0.088
0.784
0.208
0.956
0.972
1.24
10.028
1.676
1.752
5.796
1.484
2.444
0.876
0.364
0.188
3.768
2.508
11.052
1.772
3.12
0.7
1.744
0.812
1.696
2.096
10.792
0.888
0.776
1.952
0.592
3.38
1.82
0.18
0.716
1.088
0.516
0.704
0.372
0.196
2.46
8.016
5.252
0.592
0.192
3.0
1.924
0.732
0.588
1.672
0.42
0.624
0.836
0.416
0.48
3.368
0.932
1.464
10.54
2.1
0.996
3.708
10.6
4.452
10.212
0.804
8.436
0.084
0.36
0.58
0.74
3.72
7.484
4.132
0.868
0.152
1.84
4.184
0.32
6.58
6.108
0.372
0.476
2.104
0.108
0.296
1.556
0.736
1.376
3.064
1.1
1.312
2.88
2.812
3.924
0.208
0.248
1.224
6.848
6.936
1.52
1.464
3.732
0.972
0.94
2.12
0.628
3.988
0.588
7.204
0.256
1.536
0.444
4.836
0.284
2.476
2.268
3.984
0.784
3.436
2.784
2.452
1.272
0.768
3.36
3.824
2.552
0.544
2.152
2.444
1.588
2.764
1.344
5.232
1.336
1.132
1.128
0.712
0.368
4.108
5.928
0.884
1.008
0.612
1.168
2.812
4.192
2.776
1.112
0.396
1.392
5.124
1.604
1.36
5.864
0.604
4.412
0.544
3.88
0.728
3.824
1.356
5.244
0.12
1.124
8.788
3.968
6.948
7.544
0.448
4.604
0.812
6.376
0.872
4.44
0.132
1.936
1.604
0.096
0.356
1.568
8.02
0.464
0.236
9.304
3.32
1.496
2.56
3.332
0.352
0.688
1.288
0.368
1.992
0.268
7.44
2.792
1.912
0.1
0.384
1.788
1.104
1.444
0.872
1.512
3.244
0.236
1.468
2.048
0.132
2.016
3.524
0.656
0.464
2.028
1.064
4.076
2.204
0.844
2.4
0.248
0.228
1.148
1.096
1.46
5.512
0.472
2.356
4.844
4.248
0.116
1.884
0.964
6.364
6.296
1.892
0.132
6.6
0.288
2.932
5.796
0.516
0.992
2.484
3.752
1.536
3.596
1.364
0.636
2.896
3.056
6.516
0.864
0.248
0.864
9.748
2.736
3.52
0.42
0.976
4.428
7.876
4.692
8.38
1.352
8.864
1.744
4.776
0.288
0.836
0.192
2.856
2.124
1.344
1.584
7.3
0.472
0.376
3.408
0.252
0.192
5.488
4.708
0.54
0.852
0.744
1.832
0.904
7.964
0.116
0.932
4.86
0.24
0.388
6.624
0.072
1.248
0.996
1.752
0.176
1.48
0.896
0.976
0.084
1.72
4.912
0.344
2.664
1.544
3.516
0.4
2.892
2.932
1.012
2.904
2.324
0.78
0.8
0.676
0.948
3.184
0.372
2.892
6.692
5.188
1.872
2.58
4.176
7.364
2.44
1.988
4.652
0.104
4.408
2.72
1.976
7.14
5.088
1.084
1.732
0.528
3.612
0.124
1.648
3.368
0.452
1.268
1.212
3.024
0.248
7.52
7.468
1.984
2.436
1.3
0.164
4.248
1.924
1.736
1.888
1.496
0.912
0.18
3.76
1.572
2.264
3.616
0.94
1.956
1.076
3.172
10.752
1.092
0.088
0.356
0.36
0.244
1.116
4.06
2.216
5.452
0.268
0.376
1.796
2.7
2.084
4.652
0.936
1.22
1.56
4.116
0.968
7.24
6.212
0.136
1.888
2.784
2.592
6.3
3.328
1.348
1.972
3.804
4.408
0.888
2.46
0.928
1.904
2.72
1.504
9.972
0.224
9.132
0.216
0.264
0.604
1.988
9.064
3.42
6.368
10.912
0.98
2.78
2.116
0.66
4.168
1.16
0.364
0.08
7.212
0.284
1.876
0.424
6.876
1.248
0.464
0.568
7.528
4.04
0.344
2.564
0.312
0.192
0.104
1.924
2.044
3.584
1.088
0.26
1.436
1.2
1.288
2.144
1.548
3.432
0.264
1.196
3.104
1.272
0.132
2.212
0.956
1.6
0.332
0.584
0.788
6.252
2.196
0.332
2.036
0.748
5.772
2.104
3.948
2.02
0.664
3.868
4.408
0.94
7.252
1.044
0.56
2.728
2.08
0.752
0.176
0.664
0.452
3.316
0.992
0.584
1.544
1.372
6.572
1.792
3.076
0.42
2.944
0.24
2.312
1.256
0.412
0.4
5.78
2.28
1.684
0.332
3.068
6.496
1.436
8.748
10.464
5.348
3.284
0.144
0.636
0.4
0.848
4.12
1.076
1.32
5.212
0.628
0.956
1.82
2.308
0.988
2.22
3.184
1.136
0.864
2.316
2.3
1.44
0.952
2.344
3.236
0.484
0.292
2.968
0.884
2.528
2.744
7.604
2.82
3.552
3.808
1.852
1.928
5.088
9.276
3.284
1.252
5.3
0.436
0.596
0.224
6.548
0.896
4.764
0.8
1.996
0.668
2.504
2.144
7.392
2.452
1.136
0.48
3.38
10.764
0.528
0.128
1.608
5.296
0.52
0.996
2.096
2.848
7.504
0.376
4.352
1.212
0.168
0.28
0.92
0.856
3.0
1.024
1.772
0.808
2.112
0.516
6.836
1.124
0.892
3.524
0.192
4.236
1.272
0.372
1.588
0.756
3.992
0.208
0.392
2.128
1.696
1.54
0.928
0.6
3.592
1.8
0.908
0.36
9.264
3.336
10.48
2.136
0.268
1.28
4.336
3.216
2.12
0.756
0.972
0.672
1.688
2.196
0.568
0.468
0.268
2.748
1.484
0.284
0.872
0.5
1.84
1.976
0.96
3.68
1.68
6.164
0.164
8.568
2.024
2.672
0.224
8.668
1.512
6.804
2.324
4.496
3.276
2.38
1.216
1.828
0.144
3.092
0.42
1.636
0.296
1.348
0.756
0.384
0.388
5.644
2.004
9.1
7.12
0.636
1.492
0.36
3.66
2.752
0.508
3.748
4.104
1.36
7.212
0.72
0.624
0.916
1.808
2.888
0.296
0.712
5.536
1.584
0.312
0.396
3.104
0.152
3.744
0.396
3.076
0.82
2.132
1.112
4.308
0.644
1.32
1.34
3.22
2.232
1.88
3.868
3.46
0.876
2.348
0.876
3.976
0.448
3.748
3.192
0.08
0.44
0.376
0.308
0.78
2.1
5.952
2.64
0.192
3.344
1.476
1.308
0.144
3.476
3.756
1.844
10.76
0.748
0.632
2.096
2.78
0.284
0.64
6.072
2.964
1.34
5.472
10.252
3.328
0.668
0.576
0.092
1.304
2.644
0.28
0.392
1.812
0.364
0.236
4.128
0.968
0.796
1.412
2.236
1.724
1.108
6.668
6.548
3.812
0.416
5.136
3.5
0.136
3.344
0.336
0.78
0.152
0.932
2.78
6.044
0.156
10.688
2.192
1.624
0.776
0.336
1.468
3.488
2.5
0.432
0.428
3.24
0.412
0.08
0.2
0.364
0.684
0.28
2.628
10.972
8.6
1.728
4.664
6.188
3.152
1.104
0.104
1.656
2.972
0.852
8.04
1.508
1.94
3.42
4.628
0.188
2.292
6.772
0.388
0.184
5.772
1.932
2.624
2.104
0.856
4.232
6.308
3.34
0.196
4.24
0.44
2.252
1.152
1.816
2.052
4.836
1.6
0.704
1.22
1.756
4.08
4.556
2.332
3.012
0.6
1.832
3.208
1.288
9.328
2.444
2.9
4.968
1.92
0.272
0.936
0.188
1.044
0.276
1.304
0.7
1.628
1.464
1.716
2.956
10.756
4.584
1.328
4.596
3.292
2.684
1.048
2.752
0.996
3.732
2.264
6.824
1.024
1.536
1.596
4.192
4.472
0.524
0.316
0.12
4.276
3.812
1.228
0.788
6.228
1.816
8.928
2.688
3.204
2.94
7.048
2.328
0.356
2.9
6.308
1.908
1.06
3.864
7.484
1.38
0.932
2.492
1.356
0.652
3.896
0.96
8.252
1.16
1.136
6.792
1.42
3.112
2.736
0.156
1.728
2.424
0.76
1.6
2.08
3.76
3.112
0.184
4.82
1.5
0.88
0.58
1.444
7.056
0.112
0.688
0.42
2.132
0.108
1.18
8.116
1.328
1.984
0.52
1.356
0.756
4.832
1.204
0.652
7.544
2.62
4.924
1.132
6.052
0.328
0.332
3.928
1.948
0.976
0.548
1.296
8.284
4.924
2.644
4.392
0.632
3.86
1.82
0.272
0.26
2.884
1.808
2.104
0.944
1.228
2.832
0.216
1.26
0.428
0.528
6.444
4.584
0.616
1.32
2.944
1.872
1.896
5.808
0.356
0.472
2.204
2.5
5.32
9.024
1.504
0.12
0.532
1.536
2.992
1.552
9.128
0.256
1.056
1.304
0.348
8.116
0.588
0.08
0.288
2.408
4.936
1.456
0.356
9.3
4.236
1.112
3.784
2.592
4.716
1.856
3.096
8.964
1.816
0.932
0.22
2.256
1.56
2.084
1.0
0.116
5.14
0.452
1.328
4.732
2.428
0.284
1.912
1.784
0.204
0.616
0.48
0.084
0.68
1.12
3.172
2.084
0.74
1.36
2.684
2.164
0.112
1.292
1.328
1.46
2.908
3.508
0.552
3.86
0.676
1.74
1.332
8.332
2.26
7.504
2.624
0.892
1.668
1.368
5.156
10.828
1.384
0.772
0.66
3.796
0.588
1.308
5.82
0.664
1.212
0.46
1.292
6.932
2.204
2.116
0.616
3.768
7.352
5.608
2.632
0.46
4.42
0.956
1.456
2.224
7.736
1.052
3.38
0.144
10.916
1.228
0.312
1.72
2.22
1.304
0.088
3.84
0.432
4.572
1.636
1.812
4.496
0.792
4.696
6.632
6.316
3.968
0.872
0.988
1.744
2.18
1.368
0.472
3.56
2.124
4.908
0.58
8.808
1.156
1.716
0.144
1.896
0.712
3.524
0.728
2.02
0.904
0.6
0.896
1.164
5.492
0.164
0.304
1.704
1.108
2.532
0.724
0.232
1.56
0.476
1.148
0.24
2.164
0.772
6.648
0.332
0.248
1.772
6.916
7.596
7.232
2.3
0.444
1.168
1.316
1.46
0.176
3.064
1.508
0.1
0.472
10.66
1.24
2.116
1.26
1.356
4.492
2.052
0.36
3.384
0.092
1.684
0.36
0.748
1.768
0.92
0.88
0.364
3.492
0.932
0.592
6.292
2.152
0.604
0.604
0.908
2.224
3.716
2.64
0.972
3.704
1.132
1.012
0.64
0.176
1.18
0.496
1.156
0.088
1.456
1.148
1.924
0.28
0.74
6.668
0.288
0.472
2.08
1.072
2.436
2.912
2.508
7.3
2.404
0.164
1.748
0.164
7.836
7.332
0.804
0.612
5.052
5.16
4.452
0.372
0.476
4.368
0.672
0.744
3.52
1.72
1.284
1.844
0.552
0.08
0.796
1.036
1.612
0.74
3.636
0.68
0.788
0.532
4.996
1.852
0.592
0.94
5.396
0.936
6.012
0.4
5.812
9.84
1.244
1.38
0.112
6.716
1.112
10.792
10.896
2.236
2.444
3.476
2.04
0.24
11.008
2.456
2.236
8.628
1.072
3.012
3.692
1.876
0.564
3.448
0.416
1.076
1.392
5.052
3.78
0.62
3.356
1.284
0.228
4.656
0.2
0.66
0.296
1.164
0.672
0.9
0.2
0.748
2.896
0.252
0.58
0.832
0.6
1.388
0.332
3.08
1.22
5.904
1.668
3.556
2.924
1.156
1.38
2.62
4.444
0.752
0.58
1.576
5.92
1.868
0.1
0.34
6.888
0.764
0.408
4.528
2.7
4.424
2.844
0.656
1.208
0.58
0.248
6.62
0.608
0.244
3.908
1.736
0.392
1.052
0.528
0.708
2.88
1.944
3.168
0.172
1.656
0.768
1.996
2.188
1.224
0.28
2.884
0.12
3.308
0.72
0.476
1.308
7.876
1.084
1.716
0.132
4.548
0.72
10.48
1.228
0.348
3.92
3.268
0.088
5.588
0.764
1.456
3.288
0.096
6.204
0.928
1.904
3.584
5.112
5.504
1.148
0.896
0.396
0.62
1.412
0.26
0.184
1.548
10.808
2.448
0.68
4.492
1.408
6.948
1.216
7.992
1.928
1.268
0.852
1.964
0.216
0.716
1.516
8.556
9.1
1.6
3.64
0.74
0.132
1.168
1.684
0.264
0.572
6.684
0.092
0.1
8.952
4.928
1.292
0.692
2.284
1.196
2.136
0.768
2.804
4.496
0.436
1.896
0.64
0.232
0.2
10.996
5.46
0.412
2.672
1.884
0.396
1.22
4.072
0.552
0.192
0.112
6.696
1.292
4.7
0.992
0.592
1.476
2.116
0.796
1.2
4.004
2.728
1.656
0.204
4.224
3.9
1.684
3.412
1.34
5.82
1.516
0.832
2.676
3.536
2.396
1.496
1.784
0.38
0.528
2.344
0.672
3.008
2.944
5.572
0.7
0.208
0.464
0.3
0.364
1.652
0.848
0.072
4.54
1.408
0.084
4.068
0.46
6.32
1.988
1.292
2.82
2.508
2.968
3.52
0.668
0.656
8.668
5.88
4.884
0.808
0.64
0.852
2.608
1.028
0.632
7.032
0.44
3.824
3.608
0.744
1.164
0.256
4.24
1.208
0.868
0.22
0.276
0.26
0.428
1.82
0.476
1.728
5.144
3.78
2.908
1.016
0.132
0.464
1.264
0.644
0.636
0.368
4.076
6.624
2.136
0.768
1.412
6.708
0.944
0.268
0.82
4.684
10.268
0.552
0.508
5.132
0.344
2.08
2.104
0.136
1.848
1.176
0.32
3.54
0.436
4.604
0.62
6.844
1.768
1.544
6.112
4.592
0.716
0.84
0.208
1.948
0.776
7.4
4.964
4.892
7.532
1.728
0.584
0.168
0.724
0.8
2.592
1.744
2.472
0.148
5.672
0.116
0.94
2.808
0.248
0.62
0.168
4.764
8.48
6.14
1.108
1.136
1.036
0.524
0.484
0.712
4.216
1.068
3.74
1.46
1.548
0.156
5.536
0.076
1.788
5.784
0.976
0.924
0.904
7.888
2.116
3.58
4.536
1.288
3.488
0.936
1.224
2.088
5.728
1.1
1.068
4.144
7.168
0.672
0.32
0.976
3.484
2.384
4.024
4.336
4.712
3.148
0.184
3.984
4.856
3.184
0.332
0.548
2.416
0.584
1.944
6.576
1.268
1.244
0.468
0.972
0.752
5.728
0.168
3.308
5.672
0.464
1.272
0.568
4.568
2.544
2.628
1.548
1.24
1.532
1.104
3.8
3.204
3.728
0.996
0.348
1.268
4.56
2.388
0.876
0.808
2.244
3.848
8.112
0.552
0.64
0.156
0.944
5.064
2.588
0.712
4.132
1.196
5.94
0.324
2.112
0.916
0.688
1.212
0.56
0.384
3.512
1.292
0.212
5.128
0.78
0.244
1.676
2.532
2.528
2.84
0.132
0.856
4.552
0.248
1.804
0.512
0.152
5.02
8.972
2.628
0.936
0.5
5.84
6.032
3.188
8.16
0.696
8.72
0.34
1.144
6.4
0.096
0.384
3.608
0.256
0.2
5.384
2.856
0.524
0.756
1.564
1.044
9.208
1.324
0.284
1.328
1.864
0.172
0.632
0.124
0.688
0.144
1.556
2.008
3.564
2.54
1.56
2.228
3.92
0.436
1.872
1.224
0.568
3.092
0.388
1.3
0.784
4.164
0.596
3.624
0.316
1.256
0.328
0.428
9.796
0.3
6.252
4.452
0.7
0.196
0.38
0.272
3.884
2.156
0.148
0.432
4.428
2.676
2.196
0.696
0.376
1.184
0.252
4.828
2.888
1.464
2.66
0.708
1.364
0.724
10.856
0.9
9.308
5.112
3.028
2.052
0.364
1.324
2.088
2.348
1.0
0.228
1.628
0.92
0.44
1.752
3.828
0.672
5.236
0.16
5.292
0.944
0.72
0.932
0.184
2.408
3.256
3.708
1.508
1.036
1.76
1.184
0.084
1.844
0.608
0.64
0.668
2.708
1.592
2.88
3.348
1.268
0.252
0.1
0.476
2.572
6.816
3.504
0.612
5.112
0.628
0.112
0.668
0.148
0.668
0.604
1.652
1.24
0.196
7.976
0.156
1.664
4.648
2.86
6.94
0.564
0.344
2.928
3.128
1.656
0.644
0.224
2.116
0.376
3.568
2.612
2.308
1.552
0.228
0.828
7.968
1.236
1.98
1.808
0.28
0.8
0.58
3.384
0.116
2.5
1.752
5.64
1.372
4.292
4.752
1.16
0.736
0.68
0.772
6.196
1.576
0.876
0.16
5.908
2.184
2.74
5.06
4.268
0.372
4.12
2.124
0.096
2.456
2.244
1.236
0.676
6.072
4.672
0.2
0.204
0.552
1.656
4.912
0.584
3.088
0.904
2.852
1.044
0.368
2.776
1.192
0.404
1.268
1.848
4.48
5.328
3.532
0.14
6.148
3.524
2.06
9.5
5.036
0.476
8.352
0.504
3.444
0.228
7.176
0.08
6.98
5.852
1.84
0.216
5.604
2.736
2.504
0.468
1.188
1.808
3.912
1.864
4.648
2.024
2.764
1.516
0.876
0.7
4.624
1.188
3.012
0.664
2.852
0.212
0.256
0.46
2.468
8.18
1.796
10.708
0.292
2.504
2.092
1.904
7.332
1.436
0.74
2.428
0.52
0.364
0.912
0.14
0.836
2.852
0.232
1.464
1.124
2.22
0.688
2.004
1.268
2.12
0.276
0.316
0.4
0.256
4.7
1.436
6.528
1.052
3.804
3.596
0.244
0.292
2.124
0.996
8.488
1.928
1.136
3.088
1.788
2.924
0.532
4.976
1.564
3.748
2.932
1.624
0.768
0.66
2.132
9.772
0.392
1.224
2.708
1.06
8.56
1.312
0.26
7.336
5.928
0.428
0.928
2.888
0.772
0.628
0.744
0.264
1.584
1.212
2.652
2.248
1.144
0.208
0.852
1.256
0.196
11.04
1.016
1.468
1.664
0.12
1.268
6.372
0.996
8.676
1.14
0.504
0.888
1.968
1.744
1.796
0.076
1.332
0.524
2.184
0.264
0.696
2.444
0.792
2.856
3.104
0.2
0.576
0.264
1.14
0.252
0.52
4.144
0.072
0.384
4.048
7.22
2.624
0.672
0.196
4.316
0.908
0.176
4.76
0.928
1.056
0.88
0.352
2.416
0.7
2.656
0.38
5.204
0.352
3.372
0.74
1.24
0.724
4.564
2.488
0.8
0.668
2.412
0.632
0.348
0.868
0.696
3.62
1.676
5.664
2.516
0.512
1.092
0.296
1.352
0.232
0.3
3.472
0.14
3.28
6.244
1.544
1.528
0.108
5.884
0.132
0.48
5.356
0.152
0.816
0.576
10.896
1.756
2.504
1.044
4.824
2.968
1.068
1.08
3.168
0.78
2.508
0.816
1.372
1.912
2.004
6.772
6.076
2.052
1.436
0.744
0.76
4.74
2.268
4.984
1.56
0.296
0.528
9.784
0.912
2.004
0.284
1.76
6.828
2.116
0.6
8.372
4.648
2.888
2.604
0.34
0.636
2.248
1.048
4.22
0.396
7.256
0.256
2.176
0.24
1.192
1.216
2.96
0.296
5.096
8.272
0.552
6.548
2.792
0.672
5.408
6.068
1.724
1.072
2.688
1.692
5.776
8.356
3.04
0.48
7.48
3.14
0.168
2.368
1.556
3.7
1.484
0.076
5.204
0.336
0.644
0.832
4.78
5.78
2.268
2.94
4.112
0.396
5.64
0.172
2.5
1.04
0.276
3.384
4.764
1.788
0.676
7.62
0.676
2.512
10.292
1.372
7.44
2.232
2.052
0.22
1.344
1.46
6.468
4.636
2.376
0.828
0.188
0.56
0.488
0.24
0.336
0.516
3.548
2.932
0.908
4.136
10.34
0.628
0.648
4.304
0.992
4.4
1.912
0.332
2.836
1.136
0.612
3.208
0.452
0.416
1.896
2.94
2.784
4.616
1.784
0.816
1.352
1.4
2.744
2.276
0.868
0.356
1.868
3.04
1.068
4.44
0.616
2.808
1.98
6.704
0.268
5.736
4.108
1.548
0.66
9.348
1.724
2.284
3.748
2.132
3.292
1.416
1.42
1.852
3.692
5.248
5.112
1.548
3.472
0.116
0.428
0.716
0.268
0.62
3.156
0.112
0.192
0.224
0.312
1.648
1.788
0.808
1.048
0.652
2.124
0.18
2.368
1.068
2.54
3.212
7.18
0.728
0.328
1.116
0.3
5.36
0.584
0.156
4.536
1.132
0.08
4.188
0.168
1.376
7.148
0.5
0.828
0.216
10.504
0.668
3.316
5.536
0.916
0.38
1.644
0.384
7.008
1.164
1.06
3.448
2.984
0.608
6.264
1.956
0.788
1.904
2.872
7.616
0.088
0.292
0.128
3.212
0.092
0.412
1.636
7.552
10.668
1.752
0.308
0.152
0.664
1.024
1.048
1.964
10.336
1.312
3.424
0.508
1.148
8.34
3.924
2.224
2.632
1.692
1.4
1.74
5.34
1.576
4.796
0.224
4.244
0.692
5.32
3.94
1.16
4.38
0.604
1.56
4.264
0.5
0.3
7.28
0.68
2.74
0.26
0.124
2.684
0.116
3.572
0.34
0.236
1.68
2.928
0.788
1.416
1.644
1.432
7.612
1.3
1.912
1.664
2.616
0.348
0.536
3.144
0.22
1.88
2.996
0.42
4.412
3.62
2.388
0.456
0.408
1.072
8.38
0.396
1.596
1.992
4.784
0.272
1.324
4.04
0.236
2.54
1.42
2.384
2.404
2.384
1.096
2.504
2.868
1.536
2.068
1.888
5.024
0.352
4.344
0.66
1.688
5.98
0.656
5.244
0.744
1.98
4.268
0.252
4.28
0.488
0.644
2.088
1.568
0.528
2.356
1.16
3.356
1.028
1.288
1.824
3.42
6.548
0.204
8.908
9.292
6.828
4.692
2.628
4.764
2.184
3.676
2.304
2.7
0.412
3.204
1.128
8.176
0.408
0.296
0.248
0.996
2.992
1.676
3.624
0.404
4.308
0.868
6.656
1.928
6.58
5.036
0.616
5.992
3.112
1.1
2.94
0.948
5.82
10.552
3.728
7.54
2.036
1.084
0.992
0.516
0.476
0.176
3.26
1.192
1.648
5.872
2.236
0.532
1.364
3.452
0.516
0.668
0.732
0.3
0.088
1.36
0.316
7.436
1.012
3.832
1.344
0.584
0.876
2.052
0.304
0.156
2.304
1.424
5.404
0.208
3.076
1.176
1.24
0.8
2.1
0.152
1.652
0.108
0.136
0.888
1.444
1.968
0.892
1.156
0.584
1.036
2.3
4.08
2.176
2.596
0.84
1.156
3.576
4.66
5.852
1.44
1.64
0.492
1.076
0.7
2.504
0.408
1.192
1.664
1.84
4.924
3.592
7.82
0.692
4.044
2.48
7.956
0.256
1.848
0.244
1.952
1.904
4.92
0.98
1.98
0.512
2.156
2.408
3.092
1.828
5.136
0.78
3.22
7.176
3.256
3.416
7.764
1.688
5.064
1.076
1.88
2.48
2.156
0.92
0.136
3.572
0.976
4.716
0.656
2.556
3.128
7.376
1.476
2.068
0.728
1.528
1.064
1.412
2.1
0.576
1.324
3.144
0.672
2.712
8.704
0.272
2.048
1.536
0.268
1.72
1.936
0.468
0.564
1.58
0.104
0.644
1.968
2.5
3.46
3.088
0.868
2.564
0.916
1.996
0.18
0.472
1.816
0.856
1.956
2.388
1.612
1.956
0.384
0.076
1.112
0.752
1.82
0.144
0.704
1.484
0.54
7.908
0.216
5.98
1.516
7.764
0.244
0.488
6.036
0.38
2.864
0.532
1.456
0.668
0.22
1.712
1.292
1.588
0.108
1.668
0.944
2.428
2.384
2.048
1.512
2.464
6.072
0.204
1.94
1.948
10.316
2.508
1.308
1.76
1.9
4.876
3.964
4.084
1.356
0.132
0.32
10.288
2.176
9.708
0.096
0.3
0.84
2.516
2.336
7.128
0.232
0.092
0.156
3.224
0.992
1.424
5.856
4.252
0.568
1.416
0.088
5.3
0.324
2.628
9.172
4.432
1.124
7.088
8.96
3.34
5.16
2.372
3.832
0.732
0.816
0.244
0.732
0.168
0.7
0.872
1.444
1.964
2.52
