5.428
0.284
0.172
0.128
2.68
1.464
1.38
1.684
2.092
0.288
1.736
7.8
2.944
1.848
2.872
0.336
2.636
2.764
2.064
6.488
4.732
0.188
0.352
1.144
2.848
0.992
1.824
0.92
0.464
0.84
9.492
4.476
2.784
0.1
0.18
0.204
2.496
10.516
0.136
1.752
6.428
5.064
0.996
0.792
0.556
2.864
0.148
2.044
1.74
1.252
6.3
2.572
1.568
4.416
3.576
0.192
1.032
3.54
1.488
1.136
1.816
1.792
11.04
2.064
0.868
1.864
0.624
6.112
2.2
3.756
2.46
0.22
0.96
0.224
0.504
1.76
3.892
1.084
9.236
0.96
6.936
2.492
0.144
0.196
1.944
3.124
0.816
4.652
2.156
3.524
0.988
8.132
1.612
2.632
1.884
1.288
0.8
1.78
0.208
1.82
4.92
1.448
0.812
1.496
1.736
6.884
0.408
1.84
0.728
6.236
1.036
0.756
0.256
1.192
0.252
2.104
8.768
1.268
3.652
2.448
0.352
2.952
0.216
7.708
4.932
2.316
4.052
0.564
2.688
9.568
2.308
0.624
1.964
1.328
0.652
0.228
1.532
0.388
0.2
1.332
3.728
3.5
4.088
0.556
1.988
7.404
1.468
7.436
2.528
3.016
4.096
0.372
2.608
2.18
5.548
0.116
0.488
4.332
8.564
7.56
0.212
1.24
0.444
6.224
1.072
0.452
2.3
3.796
0.228
1.48
0.468
2.276
3.408
1.672
0.552
1.632
1.72
0.92
1.916
0.168
1.116
0.36
0.308
4.768
0.756
8.644
7.6
1.012
2.368
3.916
3.264
0.572
1.452
6.592
0.696
1.184
3.576
0.284
1.044
1.004
1.004
1.996
0.692
2.1
8.648
8.228
4.22
0.4
0.192
0.36
0.896
2.544
0.112
0.436
0.208
2.892
2.808
0.796
0.256
3.288
3.892
2.34
0.212
9.364
2.108
0.668
1.32
0.692
0.82
6.028
2.756
10.088
4.648
0.944
2.648
6.916
1.28
3.528
3.008
0.184
2.244
0.94
1.072
4.384
0.364
9.692
0.104
0.468
2.84
3.108
0.94
8.332
3.556
2.056
1.42
2.516
2.356
0.828
0.156
2.512
7.552
0.352
6.44
1.868
0.352
3.656
1.452
1.632
9.996
3.028
2.972
0.676
3.956
6.936
5.168
1.284
0.168
0.58
9.796
0.864
4.668
1.508
0.684
1.304
1.336
10.376
4.5
1.944
0.092
0.98
0.204
0.916
0.224
5.62
5.656
10.368
5.808
0.268
1.672
0.208
3.508
3.208
3.808
1.0
1.272
0.544
0.284
2.4
0.84
3.172
0.256
1.688
0.324
8.44
0.88
1.02
1.784
8.376
1.624
8.836
3.392
4.176
1.296
3.572
3.36
0.436
0.98
2.036
0.424
0.196
1.772
8.24
1.028
2.36
1.736
0.848
1.984
3.812
5.564
7.476
1.268
3.224
0.584
0.696
0.884
0.392
0.124
1.264
3.696
3.428
7.116
0.708
0.352
0.176
0.52
0.276
0.984
0.332
4.288
0.504
0.208
6.98
2.092
2.8
4.228
1.532
2.208
1.452
2.356
3.972
2.772
0.956
0.716
4.148
0.1
3.7
4.98
1.588
1.32
3.196
3.596
0.456
4.856
0.204
1.864
0.156
0.528
1.916
0.26
1.856
2.112
0.632
8.952
9.92
3.784
1.284
0.888
4.956
0.344
2.668
2.032
1.004
4.48
0.728
0.832
8.42
1.176
7.484
10.688
0.364
3.804
0.128
0.58
0.98
8.756
2.452
7.576
0.152
3.74
7.128
2.112
1.692
0.48
1.172
0.364
1.112
0.812
0.184
0.4
10.892
2.648
5.128
2.74
0.544
0.192
1.2
4.984
2.288
0.228
2.412
2.352
2.16
0.212
5.312
2.816
0.144
9.72
10.54
0.48
4.228
8.08
0.864
1.844
10.308
0.316
9.084
0.26
2.828
0.3
0.192
2.6
2.508
1.372
9.476
0.504
0.304
0.308
1.212
1.132
1.244
1.612
2.928
5.16
0.38
4.032
2.68
4.124
0.228
5.124
5.936
2.84
4.372
1.332
1.656
0.192
1.328
1.208
0.2
5.456
0.524
3.644
4.408
0.448
0.68
0.872
3.428
4.62
0.14
5.928
0.312
0.756
4.14
1.42
0.932
0.832
7.672
0.288
0.628
7.38
10.12
1.096
10.544
0.52
1.68
10.196
0.616
1.928
2.096
6.708
3.416
0.468
0.576
4.08
0.9
1.924
2.86
0.272
0.112
1.904
2.684
2.58
4.748
4.728
1.464
3.056
2.652
1.664
3.008
4.932
0.176
9.704
2.672
3.988
1.828
0.128
1.1
1.412
0.12
0.488
0.28
0.324
5.38
8.596
5.3
2.592
0.884
0.192
3.06
2.212
2.188
2.372
1.464
1.968
1.828
2.62
3.368
0.188
4.928
3.268
5.068
3.86
1.304
0.292
9.816
2.384
3.864
8.496
1.788
0.268
10.316
1.2
1.644
0.74
0.164
1.028
2.684
4.58
0.616
2.304
0.216
6.096
4.04
0.172
1.024
6.144
2.944
3.7
1.432
1.012
2.608
1.448
0.772
3.48
4.808
8.816
3.496
2.48
1.456
3.268
6.908
0.844
1.536
2.316
3.28
0.552
1.228
1.388
4.692
0.192
0.212
6.608
0.732
4.6
4.256
10.436
0.956
1.116
2.504
0.62
9.28
4.124
4.612
2.084
7.092
0.628
0.224
6.172
2.344
2.22
2.328
3.896
0.264
1.396
0.632
4.156
2.652
1.076
1.912
4.628
9.408
2.36
0.244
2.152
0.532
0.536
1.24
2.304
1.736
2.948
2.596
8.66
1.792
3.408
0.452
1.484
0.192
3.288
0.96
1.224
5.184
0.58
3.332
1.48
8.608
3.0
7.108
0.768
1.232
8.804
1.372
1.488
1.816
0.392
3.196
3.384
6.356
5.088
0.208
0.196
7.912
8.704
6.316
2.692
0.976
1.392
1.528
3.264
5.408
1.436
2.616
1.024
1.252
0.392
0.468
2.268
1.128
8.532
1.208
0.896
0.488
4.612
1.772
2.504
2.072
0.952
0.472
0.78
0.22
0.132
0.236
1.66
0.348
0.128
4.272
1.964
7.496
0.564
1.912
0.188
2.94
0.944
1.5
0.356
1.324
2.168
2.016
0.568
2.3
0.896
0.12
3.54
4.964
5.408
1.652
1.66
9.772
8.752
2.544
0.584
2.512
1.592
2.708
10.32
3.156
3.284
1.996
10.284
0.152
1.956
1.304
5.684
0.18
1.184
0.816
7.668
2.012
1.908
2.228
0.164
2.144
2.444
2.332
0.84
1.524
3.112
2.88
1.26
2.444
3.636
0.516
0.704
6.284
0.544
0.3
1.092
0.264
2.748
0.736
6.012
7.908
0.936
0.812
5.54
7.208
0.804
3.736
1.044
7.48
0.644
4.312
6.512
5.064
0.56
6.668
0.516
0.9
6.296
0.352
1.18
9.312
2.216
3.564
1.156
3.008
1.24
0.18
2.576
1.204
1.352
2.156
2.236
3.308
1.1
4.34
1.12
2.872
0.744
0.42
3.46
4.356
9.832
6.82
0.968
0.376
6.716
0.324
7.852
1.924
7.276
2.648
0.532
0.408
5.02
6.516
0.144
0.844
1.588
4.276
0.832
5.152
4.076
10.404
2.436
1.368
5.872
2.5
3.108
0.384
3.94
0.616
7.984
2.084
2.964
2.564
0.728
1.004
5.412
0.736
1.548
1.16
0.748
0.784
0.248
0.568
4.332
0.336
5.7
1.376
3.196
2.216
0.44
0.472
1.604
0.712
9.408
2.82
2.432
0.512
6.06
1.3
1.568
1.268
0.936
0.216
0.352
4.1
2.036
3.332
1.132
0.5
10.544
2.196
0.376
1.988
0.148
0.528
10.336
0.224
3.696
0.128
10.56
3.9
0.54
3.084
0.332
6.872
3.7
0.904
1.692
2.276
0.3
0.168
0.472
6.932
6.256
4.176
2.052
0.72
3.596
4.748
1.648
3.48
0.12
1.252
3.14
0.348
0.856
3.004
11.048
1.092
5.764
0.332
9.848
4.616
1.712
2.32
1.272
0.252
2.9
4.06
3.396
0.92
2.536
1.408
2.132
0.244
4.776
4.456
1.972
2.284
1.764
2.032
1.004
6.216
3.448
5.384
7.812
10.548
9.416
3.832
0.456
0.792
1.192
1.32
6.528
3.98
1.256
7.256
2.408
5.404
1.644
0.468
3.624
2.14
2.604
0.18
0.276
0.284
1.444
0.832
0.632
3.124
5.372
1.68
1.536
0.312
1.836
5.056
9.792
1.552
0.976
3.644
3.812
0.096
0.108
0.572
1.372
1.372
3.172
1.82
0.216
8.412
2.232
2.804
1.052
8.464
0.68
2.488
0.224
2.424
1.888
2.172
2.548
2.72
0.872
9.188
3.852
2.976
0.272
0.188
1.852
2.908
0.188
2.016
1.664
0.26
0.152
3.808
1.968
1.24
2.468
0.136
0.272
2.724
1.232
5.072
3.844
0.504
2.64
0.656
4.86
1.196
3.572
2.384
1.76
1.768
1.808
1.376
2.548
6.78
1.496
5.496
1.168
0.896
3.52
0.38
7.3
4.596
3.488
0.52
1.264
7.976
3.556
1.304
0.124
1.372
2.22
0.116
0.784
2.012
0.144
2.356
4.724
8.216
2.36
0.76
1.212
1.2
1.992
5.896
0.196
9.064
0.736
1.044
3.564
0.192
0.448
3.832
3.22
9.384
0.208
0.184
0.184
1.976
8.996
9.508
2.768
7.9
5.096
1.196
4.992
1.496
0.368
0.924
2.588
7.888
1.02
1.888
1.868
0.604
3.3
3.504
3.388
1.024
0.812
5.248
1.228
0.156
0.516
2.824
1.272
0.372
0.416
1.272
6.572
1.028
2.616
7.524
0.192
2.272
1.096
2.844
1.86
0.32
4.672
0.204
0.224
3.488
3.736
2.184
2.244
5.852
3.152
1.152
4.912
5.408
0.464
0.328
4.0
5.784
6.448
0.208
1.516
8.796
4.4
6.968
4.892
1.18
0.784
1.184
2.464
6.068
6.488
0.924
1.864
0.964
0.176
2.632
2.616
9.412
0.272
10.676
0.612
7.008
2.392
4.716
2.92
4.088
0.64
0.684
4.084
7.928
1.22
0.456
7.144
0.216
4.74
0.472
2.096
0.272
0.792
10.828
7.772
0.244
2.248
1.74
2.94
0.508
0.632
1.812
1.484
7.908
3.652
2.652
0.356
0.224
3.288
1.504
0.228
3.996
0.768
1.224
0.452
6.104
4.652
1.064
0.284
1.016
1.904
1.48
1.088
1.36
3.62
1.144
0.192
0.712
0.884
1.104
1.548
11.056
1.264
5.7
7.552
2.016
0.216
5.68
0.936
2.12
3.644
1.072
0.78
5.004
3.448
5.376
1.308
0.484
2.452
8.892
5.78
3.14
0.152
0.624
0.896
0.888
0.452
1.468
2.1
3.456
0.492
1.556
0.52
0.196
0.672
5.852
0.372
0.392
1.736
5.052
4.364
0.488
3.748
2.552
1.176
0.804
0.824
4.184
1.788
0.176
4.368
0.748
8.208
2.364
3.964
7.284
2.28
4.328
0.776
2.288
1.9
1.572
2.772
3.376
0.388
1.98
0.716
1.272
7.168
4.84
0.336
6.88
2.056
1.292
4.36
0.736
0.612
1.984
1.48
0.736
8.144
3.184
8.24
1.38
3.236
2.184
1.152
8.668
0.64
0.624
1.992
1.352
2.284
1.656
4.172
6.976
1.508
0.988
1.968
4.42
5.56
1.828
0.272
1.14
0.792
1.384
4.672
4.52
2.1
1.088
4.22
0.904
0.164
0.288
0.972
0.764
1.396
4.556
0.976
1.248
0.972
0.88
0.216
0.42
0.584
0.704
9.908
0.928
1.504
8.564
0.22
4.16
1.724
1.7
4.368
2.796
4.904
6.072
0.208
10.016
0.176
3.38
0.268
1.788
5.08
5.848
0.6
0.132
6.572
5.348
2.852
4.412
1.624
1.12
0.116
0.644
1.88
3.212
2.66
1.444
1.724
4.396
0.712
0.344
6.8
7.164
1.524
3.732
0.536
0.696
1.44
3.388
0.508
0.452
1.28
2.12
0.208
7.124
1.492
6.564
5.256
3.956
2.22
3.24
0.128
9.352
1.576
5.28
2.392
5.368
1.788
8.208
2.12
3.288
2.616
4.308
0.628
0.928
1.512
3.62
4.592
1.356
6.992
3.552
1.312
0.54
2.8
3.264
1.364
0.264
0.504
6.036
0.9
5.392
2.312
3.944
0.332
1.692
2.464
0.392
0.248
2.4
1.24
0.208
0.188
0.196
0.208
0.248
0.42
2.232
0.24
2.732
0.836
3.76
0.216
0.228
7.144
0.58
2.424
0.408
3.396
0.596
0.236
0.752
2.344
3.012
2.172
1.336
0.64
9.192
7.38
0.192
1.176
4.344
2.232
10.596
2.448
1.056
0.532
2.096
3.312
2.736
6.808
2.564
0.524
0.132
2.184
0.648
3.236
7.14
9.88
2.456
1.912
1.624
1.728
5.596
0.128
1.988
0.248
0.64
7.376
0.404
2.76
0.4
5.456
0.94
2.88
0.72
1.708
2.112
2.12
1.176
0.768
5.376
2.632
0.6
6.16
10.156
1.784
5.312
3.376
2.668
3.48
0.16
0.316
2.256
0.576
0.996
2.848
0.632
1.656
1.004
0.42
1.708
2.424
3.736
0.26
0.716
0.564
4.98
0.568
0.308
1.028
7.004
0.376
5.624
1.288
1.372
1.844
4.512
0.624
8.18
9.632
0.376
0.628
2.248
0.72
2.616
4.796
0.648
1.08
6.268
3.188
0.436
0.188
2.096
1.92
2.592
3.244
2.096
1.34
1.684
0.128
6.316
2.376
1.88
1.788
0.272
7.548
1.424
3.9
1.084
4.32
2.16
1.452
2.9
1.684
1.06
2.428
0.156
4.324
1.22
0.72
0.624
5.176
1.92
6.656
0.74
0.232
0.264
1.596
0.936
1.716
5.94
7.584
0.22
1.296
3.128
0.256
0.948
0.964
0.176
4.112
3.384
0.268
9.052
1.076
0.728
6.576
0.684
1.564
2.688
1.768
9.104
4.704
6.56
2.696
0.844
0.692
1.08
0.464
2.612
7.992
1.28
1.552
1.212
8.408
2.1
0.228
2.88
3.848
7.876
5.336
0.624
1.772
0.28
0.72
1.976
3.396
3.332
4.572
0.468
0.212
0.224
2.352
4.496
5.236
2.552
3.912
1.896
1.368
1.004
0.3
1.004
0.468
0.532
6.24
1.052
0.276
2.992
2.864
6.492
1.216
0.26
2.604
0.58
9.028
0.264
5.004
0.188
0.172
2.216
3.728
0.908
1.62
2.984
1.988
0.816
1.812
2.156
3.376
6.976
2.688
1.584
0.276
0.58
4.564
3.676
3.58
1.524
0.116
5.932
3.728
1.328
1.368
0.392
3.672
1.028
2.256
1.936
5.344
2.176
1.328
0.504
1.448
5.668
1.18
9.112
0.972
0.424
0.776
1.032
1.42
0.58
2.42
0.344
9.996
0.644
2.632
0.284
2.272
1.924
2.876
0.464
2.844
1.472
2.308
1.164
3.912
1.124
0.164
0.644
0.896
5.372
0.716
4.032
6.44
1.184
1.56
0.96
2.044
1.48
4.636
3.004
3.072
0.156
4.188
3.044
0.2
5.14
2.864
0.212
1.864
8.16
2.504
2.672
1.36
0.16
0.692
1.032
1.692
2.18
11.04
0.336
5.772
0.936
0.208
3.052
2.472
3.044
1.772
3.848
1.74
1.552
4.084
1.976
0.456
1.8
0.192
3.46
3.204
1.068
1.284
7.98
1.36
8.348
3.82
1.916
0.944
0.1
2.184
2.252
1.176
3.56
1.34
10.956
7.572
2.3
0.988
1.256
5.244
1.228
1.46
2.976
1.608
2.436
8.132
1.952
4.164
0.188
0.432
2.168
0.216
1.704
1.04
0.196
2.24
2.42
1.332
1.096
3.392
10.972
0.884
9.736
0.536
4.396
6.34
0.724
0.12
3.104
1.588
8.264
3.12
1.932
1.6
0.304
2.348
0.152
2.608
0.844
0.204
0.544
0.544
2.292
0.96
1.816
3.188
6.356
6.492
1.664
1.14
8.28
0.596
4.064
2.46
1.3
1.048
8.464
3.196
1.232
3.572
0.324
0.468
2.612
1.064
3.22
2.756
3.424
2.544
0.696
1.192
1.068
0.232
2.64
0.096
5.9
4.596
1.492
1.28
9.548
3.152
2.576
4.096
0.228
2.384
0.54
10.984
0.268
3.324
4.396
2.984
0.72
8.6
6.532
0.94
5.156
5.968
4.168
3.74
0.832
9.28
9.056
0.212
8.876
2.896
1.152
1.604
2.436
0.504
4.0
6.484
2.176
4.148
1.076
0.176
1.34
4.976
1.2
1.76
2.844
1.512
3.132
0.24
0.484
0.316
3.824
0.196
6.532
6.108
0.568
2.628
3.884
0.364
3.944
2.52
9.256
10.728
1.836
6.988
3.84
2.664
1.852
0.524
0.808
0.448
3.052
0.808
2.84
0.216
4.792
8.208
0.848
0.524
6.44
0.22
0.324
3.416
1.684
4.492
3.144
0.188
3.156
2.532
1.348
1.012
1.016
1.976
4.26
0.264
0.256
1.556
1.676
0.468
0.18
3.744
1.312
0.216
0.884
3.348
0.344
2.344
1.196
0.544
2.84
1.376
1.716
5.624
2.512
1.204
5.352
1.056
1.508
4.424
10.472
9.892
0.28
3.168
10.088
2.632
6.948
7.228
0.764
0.564
0.784
10.132
1.656
0.224
0.316
0.144
3.968
0.908
0.456
0.432
1.1
6.132
2.328
4.056
1.412
0.204
4.384
1.796
7.916
3.808
1.156
0.868
0.184
2.904
0.908
0.932
1.672
1.66
0.228
4.164
0.692
0.768
10.04
1.14
7.34
4.592
0.72
0.972
1.688
0.612
1.74
5.524
0.248
1.912
5.424
0.92
1.04
0.756
2.636
0.148
0.584
1.508
1.336
0.372
0.288
3.444
0.28
0.92
3.412
1.616
3.824
3.228
0.152
0.652
3.496
4.292
3.764
0.62
4.448
1.156
0.484
1.024
0.12
1.86
4.2
3.476
0.268
10.728
4.38
0.716
0.748
3.348
0.468
0.924
0.176
1.444
6.04
0.284
0.836
0.76
4.196
0.408
4.82
3.032
7.66
5.852
0.32
3.816
3.492
1.612
0.224
0.228
1.428
4.776
0.812
0.576
0.952
0.588
0.192
0.292
10.588
2.772
0.36
3.328
3.4
1.392
6.34
4.092
8.116
1.24
1.4
1.32
2.548
1.94
1.312
0.58
1.248
0.292
2.284
0.256
2.188
0.72
4.28
0.54
0.192
2.272
0.268
0.928
0.476
5.0
2.608
2.52
2.476
1.204
5.388
0.884
1.744
4.34
0.816
1.276
1.612
0.268
1.092
0.924
7.124
2.14
0.168
0.416
0.392
3.296
0.512
2.132
0.256
1.312
0.204
2.84
4.848
4.608
3.016
2.796
2.492
4.504
0.768
1.012
0.304
0.972
0.192
2.168
0.536
4.12
1.272
2.152
3.756
4.568
5.72
0.2
0.296
0.272
1.404
2.208
1.728
1.168
3.692
0.132
3.324
4.224
0.244
4.148
0.896
1.94
0.68
1.908
1.484
11.0
1.684
1.108
3.004
7.6
0.264
1.16
2.6
0.204
0.288
0.14
1.276
4.668
2.236
0.336
0.276
0.272
6.516
0.344
1.648
0.996
3.968
1.16
0.436
3.532
9.84
4.092
9.508
6.176
1.212
5.376
0.672
0.24
0.76
3.34
0.556
10.292
1.048
0.172
4.584
3.76
1.896
5.348
4.64
0.424
0.548
8.38
3.244
0.328
3.4
0.896
0.144
0.692
2.224
2.036
1.124
2.712
1.492
0.176
2.52
1.084
0.212
2.944
1.072
0.628
9.756
10.108
0.94
1.876
1.424
0.28
3.752
0.228
1.764
2.4
3.468
2.24
3.792
0.324
0.424
5.132
2.788
0.164
3.816
0.636
0.644
2.86
2.532
2.456
0.388
0.132
1.036
0.8
1.636
10.248
1.276
1.132
3.008
0.324
4.544
3.752
1.648
1.092
2.912
0.936
0.904
3.004
1.832
2.68
1.304
2.528
0.096
3.92
1.232
0.2
10.7
6.784
2.048
0.76
2.236
11.092
10.168
0.92
1.68
2.224
1.352
0.304
7.856
0.604
1.196
0.468
4.776
0.556
5.72
5.052
2.54
5.476
2.476
0.312
0.264
8.16
0.98
6.404
3.756
0.952
0.356
2.644
4.128
4.412
2.468
0.328
3.956
1.112
0.824
0.884
2.776
0.876
1.428
1.396
6.036
2.02
8.812
4.032
0.832
0.332
2.536
0.744
1.308
5.212
0.608
1.64
0.844
0.516
0.596
0.576
9.028
3.856
0.8
0.624
1.98
3.184
3.352
2.86
0.108
2.48
3.144
1.5
0.204
0.208
0.452
2.676
1.092
4.236
0.544
0.796
1.712
2.568
0.296
7.684
2.56
0.456
0.24
1.192
4.728
6.136
5.672
4.164
0.836
1.568
4.544
0.368
3.392
2.724
1.988
6.76
0.552
3.016
0.28
0.424
1.12
1.4
0.316
5.54
4.88
1.276
0.416
0.32
1.188
5.544
3.044
1.452
0.616
0.6
0.652
8.604
0.484
0.32
0.792
0.908
0.72
2.624
0.404
6.976
2.156
2.516
0.16
1.02
1.088
5.772
1.296
4.444
2.748
3.26
0.2
2.98
0.476
0.736
0.612
4.008
5.372
0.82
0.708
2.272
2.64
1.304
1.056
0.776
1.084
3.064
0.824
0.216
0.608
2.492
1.936
0.4
0.836
10.124
0.372
0.864
5.492
0.288
6.392
0.428
10.54
1.52
10.636
1.04
2.62
7.512
0.716
9.612
2.112
0.124
1.232
1.408
4.456
1.824
0.652
2.832
10.432
1.796
0.448
0.152
1.544
1.268
3.06
4.136
1.316
1.128
0.26
2.308
0.376
2.904
8.512
2.364
3.036
1.324
1.016
0.74
0.204
0.228
4.516
0.104
0.416
0.264
0.132
0.188
0.108
1.668
1.548
1.568
0.264
8.196
5.828
1.32
2.928
3.736
0.452
2.02
3.904
2.384
0.224
0.756
5.688
0.832
2.744
5.316
3.796
0.584
0.192
0.26
5.02
1.38
1.32
1.736
0.308
3.628
0.508
0.516
0.804
1.544
1.552
2.104
6.616
1.34
0.24
9.728
6.056
1.156
2.176
0.336
2.072
0.832
5.472
7.232
8.108
3.204
0.264
1.94
1.172
0.232
10.516
4.312
1.08
8.64
3.048
0.412
9.996
3.26
2.376
0.596
1.344
2.548
0.26
5.136
5.256
0.556
0.588
0.256
3.456
1.672
0.764
0.452
10.004
0.204
0.228
0.732
0.192
4.944
1.008
0.192
2.72
0.892
2.484
1.94
2.18
0.256
2.688
3.576
0.192
4.552
4.04
1.932
1.164
0.252
1.084
1.936
1.196
0.256
0.48
0.292
1.076
0.244
2.94
9.44
0.808
1.54
1.232
0.104
6.652
0.22
2.4
6.412
5.38
3.08
1.692
7.452
0.4
7.176
7.476
0.536
1.584
0.464
0.516
1.768
3.432
0.692
2.736
6.372
0.248
0.108
1.148
2.828
2.38
2.004
10.808
0.388
1.592
6.544
4.528
8.176
2.9
1.552
3.096
3.056
6.992
10.624
0.368
1.856
1.912
0.476
0.528
1.468
0.612
4.264
1.176
1.148
0.284
2.36
0.7
2.04
2.592
6.148
0.128
0.708
1.508
4.12
0.236
1.104
5.412
1.976
0.924
0.98
1.576
0.452
1.24
2.22
5.168
0.972
0.632
0.28
1.924
0.436
0.744
3.188
6.52
2.924
2.56
1.084
4.916
0.164
0.248
2.716
0.768
2.692
0.2
2.64
9.168
0.144
1.988
0.824
0.636
4.288
4.02
0.824
2.624
3.392
1.808
0.612
1.56
3.36
0.104
3.264
3.376
6.508
0.472
2.88
5.344
5.676
2.596
1.688
0.204
0.296
0.932
10.38
0.3
0.26
0.62
0.5
3.408
0.644
1.084
0.24
0.7
0.66
3.276
2.24
1.496
5.044
4.988
0.356
10.332
3.328
1.352
0.544
3.484
2.152
4.556
0.908
10.62
0.264
0.484
6.956
0.936
3.32
0.268
0.136
9.76
0.5
1.116
3.94
4.408
0.144
0.3
1.18
2.904
4.976
0.824
4.06
2.792
0.512
1.704
1.38
6.924
2.208
3.76
2.124
0.112
0.872
1.228
1.248
6.056
2.62
1.292
4.024
4.336
3.28
0.92
0.628
1.224
0.956
0.12
2.46
3.096
1.58
9.652
9.244
4.02
0.292
0.24
1.62
5.74
1.712
5.62
1.24
3.664
7.448
6.584
2.408
6.012
6.5
0.248
1.368
3.192
0.268
0.584
1.1
4.036
1.0
2.66
10.752
0.696
3.688
0.616
1.612
9.56
2.828
1.6
6.452
1.784
3.548
0.288
1.584
2.152
1.032
5.02
0.116
0.492
0.484
1.708
3.196
0.436
0.544
3.264
5.464
1.6
3.152
0.348
0.22
1.712
0.168
0.804
6.072
4.692
9.056
0.62
0.264
1.912
0.132
0.308
2.288
3.284
0.108
1.108
0.26
1.316
1.584
0.324
0.192
5.008
7.852
1.024
3.072
10.092
0.464
0.096
2.072
1.992
6.124
7.22
8.36
0.304
0.68
0.704
0.932
0.404
5.744
4.076
0.352
3.224
1.656
1.848
0.372
0.168
8.748
3.56
0.992
0.928
0.272
10.708
0.796
1.136
7.18
6.004
1.128
0.86
1.672
4.984
2.0
0.988
2.056
0.4
0.968
0.26
8.78
4.048
0.696
4.512
0.708
0.204
9.412
9.552
1.672
1.624
3.964
1.336
0.824
0.92
0.504
2.368
0.612
8.712
0.188
1.192
0.82
2.68
4.48
2.364
0.736
5.864
1.216
1.332
0.192
1.436
3.292
3.544
2.46
0.956
0.74
3.04
0.204
0.204
3.296
2.804
0.216
3.156
6.896
4.156
6.472
0.284
1.384
3.296
6.424
10.164
0.472
2.728
5.688
1.832
2.384
3.588
4.404
0.696
3.272
3.624
3.788
1.224
0.808
0.812
0.224
6.576
2.296
0.428
2.124
4.072
4.58
0.24
1.58
3.596
0.604
0.492
0.412
5.54
3.396
3.884
1.748
1.548
2.76
0.5
1.02
1.508
2.324
4.956
5.456
5.72
3.308
0.256
0.392
1.468
0.952
4.248
7.724
1.308
2.308
0.556
6.532
1.184
1.348
2.904
3.148
0.42
4.936
3.324
1.692
2.592
2.128
0.48
2.476
9.044
0.548
0.26
0.34
0.5
4.504
0.416
4.016
5.384
1.524
1.1
3.328
4.424
0.764
6.568
2.74
5.932
2.444
1.0
4.088
3.172
0.6
0.672
2.06
4.624
0.428
3.948
6.004
4.408
0.972
0.164
1.308
10.332
0.368
3.532
9.636
1.26
0.952
3.832
3.06
0.912
7.42
0.256
8.004
4.784
0.792
5.1
0.196
3.268
0.792
2.14
3.772
0.164
2.836
0.24
1.452
5.012
4.912
3.976
1.776
3.088
3.624
4.676
0.752
1.204
5.568
3.896
0.8
2.928
1.268
0.676
0.348
1.496
0.68
2.436
8.516
7.256
2.448
0.144
1.252
2.128
0.568
9.052
1.94
5.328
0.536
0.772
0.292
0.528
2.448
5.056
1.872
1.632
1.224
7.356
0.636
0.18
0.424
9.792
0.204
6.604
1.676
0.548
2.08
9.92
3.792
0.54
3.044
2.924
0.632
0.696
0.316
7.112
2.844
0.832
1.552
0.228
0.4
3.82
3.22
3.204
1.46
1.624
1.992
0.196
10.18
7.236
6.38
1.776
1.172
1.036
1.372
3.372
1.536
0.752
2.936
2.344
1.16
0.412
1.26
0.848
8.008
2.072
2.108
9.168
0.68
0.756
2.08
2.592
0.444
2.772
2.004
8.256
0.328
0.588
0.46
2.556
1.436
0.82
1.928
0.196
1.112
1.688
1.46
4.212
2.188
2.512
7.772
8.22
1.664
1.584
0.5
0.176
2.86
1.388
0.42
0.504
3.5
0.204
0.58
0.856
10.684
2.264
0.544
0.964
0.568
0.24
3.728
1.964
0.42
5.536
0.604
1.112
0.44
1.412
1.964
2.008
2.62
1.196
0.976
4.684
2.644
0.4
2.268
0.8
1.272
2.368
5.012
0.484
3.008
3.488
4.428
3.76
0.184
0.112
0.844
1.292
8.488
4.568
3.032
1.04
1.708
3.94
1.888
4.444
3.776
1.148
0.184
0.216
2.46
0.656
0.256
1.908
8.124
0.816
0.2
0.352
7.06
1.268
3.492
3.248
0.476
1.612
1.128
0.104
1.292
1.408
1.96
0.336
5.624
3.5
9.204
2.096
0.132
4.688
0.164
0.92
0.876
3.36
0.364
0.208
3.892
5.128
5.768
2.148
1.02
2.444
0.828
2.328
3.164
3.292
3.104
0.964
2.032
3.472
2.56
0.296
0.788
2.352
1.328
0.356
0.216
1.884
4.02
9.584
1.576
2.088
4.784
4.82
0.904
9.912
0.596
0.996
0.784
6.1
0.96
3.336
7.492
1.068
2.1
1.264
0.24
0.54
11.1
10.912
9.34
0.428
2.796
0.972
0.348
0.76
7.424
2.444
0.66
0.492
3.952
0.184
0.46
0.912
7.376
0.872
0.432
9.928
0.464
5.956
9.144
1.96
0.364
0.292
5.872
7.376
4.92
2.924
4.568
3.424
2.34
3.728
0.312
0.34
0.292
1.016
1.092
0.296
0.332
0.624
0.352
5.632
0.82
1.14
4.572
0.488
2.68
0.164
0.78
3.868
5.024
7.928
0.144
4.06
0.732
4.128
4.404
0.776
2.48
2.02
0.508
0.872
2.032
0.14
0.936
0.504
0.1
2.64
0.3
10.032
6.452
2.164
5.376
2.712
1.964
1.36
2.16
2.092
0.216
0.784
2.304
2.784
1.56
0.292
0.612
2.468
4.456
0.284
0.232
1.5
8.02
0.264
7.364
1.86
0.476
0.212
9.664
2.804
2.808
5.928
3.076
1.632
0.26
1.64
0.94
2.624
2.504
3.488
0.528
0.264
0.196
0.332
2.076
1.844
7.0
0.56
2.428
1.344
2.004
0.468
0.26
1.968
9.932
2.228
4.664
1.28
1.86
0.528
0.736
6.96
0.992
3.104
0.112
4.756
1.976
4.232
5.104
5.524
0.72
7.12
1.596
3.296
0.236
1.248
1.308
2.576
0.5
0.576
0.568
4.652
2.432
0.572
0.272
1.216
2.34
6.08
5.98
4.272
7.796
2.616
0.256
0.332
3.368
5.404
1.12
0.48
0.264
1.016
0.264
7.344
0.22
2.664
0.192
4.156
5.216
9.24
1.16
0.292
2.628
0.456
1.512
2.256
3.076
2.56
2.06
1.584
0.624
7.2
8.132
9.496
2.248
0.216
0.592
0.256
0.196
0.664
0.276
1.472
1.328
4.448
1.148
0.216
1.128
11.0
7.824
5.908
1.836
0.24
2.096
9.336
1.624
0.896
1.692
2.092
1.668
0.668
0.66
2.028
0.196
5.14
1.068
2.5
10.416
1.132
1.776
0.228
1.404
2.58
0.288
0.36
0.724
0.4
1.672
1.412
0.132
4.552
0.272
0.128
0.824
2.308
4.72
1.292
2.22
2.972
1.936
1.416
4.608
0.952
2.352
0.768
1.928
0.264
1.908
1.26
0.36
3.968
1.264
0.268
1.572
4.476
0.812
1.728
0.464
5.712
7.488
0.376
7.976
1.588
0.26
1.108
7.796
1.556
3.168
4.704
0.16
0.436
3.744
5.212
0.32
1.144
1.672
1.548
0.272
10.46
2.768
2.596
3.212
0.868
3.504
8.82
1.22
2.488
1.776
2.78
1.524
4.028
0.456
1.496
7.94
1.228
7.028
0.428
2.3
7.24
0.892
8.132
0.164
1.896
4.016
4.328
6.648
0.308
0.564
2.66
0.156
0.86
0.604
1.388
0.216
1.272
9.172
0.268
0.196
0.656
0.16
0.972
3.072
0.588
3.716
3.044
0.716
1.792
0.476
0.392
1.452
0.428
2.196
6.2
6.348
0.316
5.344
2.148
0.34
2.096
6.808
0.132
2.392
5.316
2.992
7.716
1.3
2.732
1.828
0.548
2.464
0.472
10.304
2.608
10.62
2.636
1.404
4.256
0.82
0.28
0.3
1.164
1.964
1.82
4.34
2.3
1.936
3.72
3.18
1.816
3.336
0.8
1.22
5.452
4.732
1.172
1.356
0.248
0.2
6.632
2.516
2.36
0.184
2.16
3.688
1.452
1.2
0.708
5.868
2.376
2.708
2.864
5.292
0.116
1.096
4.86
0.368
0.604
7.676
1.104
0.332
8.856
0.912
1.776
1.364
1.604
0.26
2.592
0.76
5.68
9.476
3.14
1.52
0.48
9.168
5.48
2.612
1.68
1.748
8.532
1.628
0.268
0.476
1.232
4.68
0.416
1.268
0.196
0.22
10.104
2.904
4.26
0.796
2.176
8.888
1.036
0.176
0.576
0.968
0.464
0.72
0.52
1.44
3.992
1.324
2.364
1.148
2.2
4.536
1.0
1.28
6.944
3.052
4.352
1.464
7.172
0.388
8.788
0.928
5.42
1.152
1.504
2.272
11.112
0.128
3.164
4.012
0.192
0.332
8.168
1.4
0.936
0.748
0.152
0.552
6.7
10.868
0.688
1.376
0.216
8.124
4.668
1.648
8.952
6.212
4.56
4.288
6.804
0.456
2.44
0.192
0.188
8.664
2.76
0.772
7.252
1.368
2.72
0.532
0.748
9.756
1.608
7.072
0.42
0.212
1.66
3.504
2.212
1.528
0.804
0.76
4.092
1.024
4.168
2.756
1.416
5.036
8.772
0.184
0.14
2.456
0.188
5.312
1.652
0.796
1.176
8.58
3.292
1.756
0.156
0.58
0.184
0.168
3.028
0.62
0.428
1.68
0.248
3.004
2.104
0.204
10.204
3.12
0.384
0.876
5.296
1.0
3.284
1.952
4.092
7.536
1.568
1.228
5.5
2.212
0.232
0.84
0.228
0.336
4.28
1.368
6.0
1.596
0.684
0.78
5.188
0.792
1.48
1.7
0.376
1.592
7.632
1.6
6.912
5.208
3.716
7.756
0.948
0.812
0.224
2.692
2.988
0.132
2.58
0.544
1.48
0.636
0.12
0.996
0.48
2.796
2.56
2.8
0.92
0.556
3.064
2.552
3.808
8.788
0.428
1.644
2.44
4.14
2.904
3.72
0.828
0.448
1.784
3.452
2.68
2.764
1.216
0.752
0.748
0.968
1.812
1.296
2.276
0.516
4.54
1.384
0.1
2.204
0.812
2.976
5.5
1.004
0.928
0.204
0.46
0.336
2.216
0.284
5.348
0.832
0.74
1.2
3.84
7.876
0.672
2.216
0.376
0.436
1.424
1.656
6.148
0.332
1.04
0.212
0.716
0.556
1.56
2.316
1.02
2.112
1.956
1.432
4.364
1.28
1.996
4.48
10.136
9.412
5.076
2.904
1.992
4.268
4.556
2.452
7.224
1.26
0.36
2.032
0.952
0.676
4.396
0.616
4.624
0.192
0.88
5.016
0.116
1.196
0.232
2.116
2.52
6.076
3.088
0.752
0.176
0.672
0.212
2.712
2.76
0.404
1.312
0.864
0.612
1.788
3.212
1.98
5.968
4.0
7.3
2.24
5.588
0.5
1.668
0.184
0.688
0.296
7.476
3.676
1.24
3.364
1.924
0.72
4.316
1.7
0.272
0.204
1.748
8.052
4.32
0.72
5.248
1.944
0.476
0.724
0.196
1.808
3.58
4.244
1.94
0.552
9.256
2.176
7.948
1.208
1.616
1.684
0.544
1.636
1.196
9.928
4.124
9.008
0.86
0.456
3.104
10.24
0.82
1.844
0.56
0.904
0.524
0.244
0.912
3.244
0.612
3.564
0.78
1.52
1.776
10.908
0.304
1.428
2.324
8.484
0.536
4.036
0.24
5.012
9.592
2.228
1.072
2.976
2.692
2.784
1.924
0.716
1.82
3.588
10.908
3.748
9.44
1.74
0.164
3.188
5.724
0.38
0.164
1.6
2.424
5.88
0.496
0.232
5.596
2.328
0.796
1.376
1.416
0.188
3.484
0.764
0.388
3.96
2.076
0.928
1.012
6.248
4.072
0.312
1.308
4.34
0.1
2.664
0.148
1.544
8.068
0.492
1.204
1.756
0.204
2.676
1.792
0.84
3.064
0.44
0.612
2.952
0.868
0.62
2.272
2.392
1.6
3.572
4.448
1.692
8.604
2.16
4.62
0.232
4.46
6.896
0.22
4.672
1.096
2.616
2.48
1.856
4.144
1.812
1.668
0.208
4.64
6.484
4.924
2.08
4.196
3.424
2.132
8.424
6.336
0.9
2.032
3.928
1.484
6.552
0.356
2.796
1.168
2.436
0.736
3.072
1.964
2.844
2.904
2.452
7.428
6.816
1.888
0.664
0.288
0.596
11.1
0.468
0.568
1.592
1.344
1.036
0.428
8.544
1.184
3.004
5.636
8.096
2.292
0.628
0.136
2.532
5.84
1.184
9.736
1.124
2.968
1.084
6.8
5.2
0.548
2.164
0.352
1.104
3.916
0.828
0.18
1.08
1.48
2.384
1.04
9.476
0.488
0.156
1.712
0.884
0.952
5.712
4.78
2.708
3.5
2.132
1.924
0.8
0.996
1.272
0.188
2.612
2.628
2.244
0.196
0.884
2.388
2.964
0.848
0.82
0.224
8.232
2.316
8.928
5.892
9.384
4.38
0.232
0.548
0.224
5.052
10.496
0.452
0.208
4.5
1.332
0.764
4.296
1.004
0.852
9.44
0.984
1.232
1.3
1.776
3.936
2.908
10.976
1.256
3.888
0.196
0.308
0.196
2.192
1.704
6.82
3.548
3.712
3.468
3.708
2.292
2.196
4.0
4.488
0.796
1.496
0.456
0.304
0.772
2.252
0.42
0.768
3.148
0.836
1.0
4.584
8.78
2.568
1.268
0.256
0.704
0.74
5.232
10.064
10.048
1.2
0.328
1.892
2.82
6.268
0.672
0.116
1.984
1.528
0.82
4.424
2.584
0.34
2.636
0.616
2.16
0.176
10.296
0.312
2.512
0.192
0.696
1.468
0.712
8.0
1.44
0.364
7.848
1.132
7.104
1.524
6.884
0.232
4.22
2.812
0.232
3.236
0.172
1.088
0.176
