5.792
1.952
1.284
0.64
6.376
2.092
3.64
0.436
3.464
0.372
8.42
1.616
3.072
4.56
3.28
1.276
1.26
0.308
0.992
0.832
4.856
0.292
0.256
1.22
1.228
4.516
3.836
1.248
0.904
1.044
0.588
0.652
1.068
1.676
2.2
8.552
7.508
3.12
0.5
0.696
7.66
1.704
2.756
4.596
3.14
0.784
3.852
1.352
4.112
1.032
9.592
3.128
2.212
1.088
8.724
0.712
0.968
5.0
0.64
1.584
3.64
0.408
2.052
4.46
3.568
0.668
1.084
2.36
0.5
0.82
1.264
0.66
1.012
7.384
1.072
5.684
4.132
0.36
0.052
6.904
3.272
2.408
2.516
1.724
0.352
1.088
1.128
1.096
2.592
2.476
1.992
5.084
2.104
2.368
0.476
3.648
2.324
2.092
8.38
0.5
4.672
6.228
3.668
2.988
0.38
1.552
1.608
7.524
1.12
0.972
3.86
0.212
1.18
0.392
1.136
0.304
6.74
8.22
1.076
0.212
2.908
0.268
2.668
1.772
0.596
0.244
0.444
4.336
0.896
2.544
5.084
1.7
7.808
3.728
1.68
1.856
0.384
1.352
0.052
1.32
1.124
2.504
1.056
4.696
0.292
3.816
1.436
3.38
2.544
2.764
5.08
4.34
0.304
9.204
1.992
2.388
2.016
6.648
0.696
4.232
4.26
7.528
1.196
1.6
0.656
1.948
5.692
0.184
0.956
1.916
10.412
1.084
1.568
6.696
10.812
3.884
1.088
0.06
6.632
0.92
0.432
2.496
1.46
3.02
3.664
3.308
1.548
1.188
1.844
7.552
2.988
3.58
0.612
2.028
0.204
0.236
2.924
0.412
0.228
7.712
1.916
2.236
4.284
9.976
1.176
3.484
5.052
1.924
1.02
3.964
1.56
0.624
0.164
6.252
3.384
0.756
0.4
5.196
7.624
6.616
2.372
5.728
1.596
3.096
3.128
0.852
0.536
2.036
3.532
3.692
1.16
1.004
4.396
8.416
4.22
2.076
1.768
1.272
3.676
0.284
1.052
3.18
7.32
4.472
2.98
5.96
0.448
2.776
0.228
0.052
0.432
0.456
1.856
1.16
6.388
2.688
0.448
0.312
3.304
0.064
0.428
8.772
7.64
9.596
0.46
0.404
1.236
10.704
1.952
1.984
4.108
2.256
2.832
5.572
0.584
0.544
0.692
10.576
9.392
9.412
0.672
7.1
6.372
0.404
3.86
1.732
2.376
0.06
10.272
0.984
3.788
2.756
8.056
0.58
2.08
1.724
2.212
3.156
0.336
1.452
6.8
0.592
4.568
0.796
3.672
2.36
5.396
1.296
0.612
5.568
3.192
4.04
5.58
7.544
1.62
9.288
1.496
6.944
3.08
5.372
5.192
3.652
7.208
1.292
2.752
2.572
7.672
9.084
1.176
1.576
1.092
0.184
2.7
1.344
0.768
4.996
3.896
1.992
0.168
0.588
0.972
4.172
3.964
5.496
3.552
0.448
6.004
0.776
1.272
2.856
1.256
2.632
2.204
0.196
1.316
2.2
2.468
5.72
0.048
4.732
8.628
3.884
2.976
0.216
0.732
0.62
2.62
8.8
1.428
1.852
6.676
0.68
2.192
3.496
1.204
0.44
5.224
0.872
3.016
1.628
0.068
8.672
1.104
1.956
4.428
0.564
1.84
5.516
4.184
0.968
5.536
0.664
1.092
0.328
3.976
6.78
10.644
4.548
6.436
5.384
6.848
0.068
0.62
3.02
1.948
3.444
1.636
1.868
0.864
0.552
1.38
3.528
4.396
9.82
5.432
7.124
1.684
1.008
1.44
1.876
4.828
4.376
0.06
0.06
6.744
0.288
1.972
4.036
1.488
0.62
0.64
1.196
7.304
0.724
0.244
2.4
6.952
5.196
0.28
2.648
0.328
7.924
0.804
1.372
4.292
3.68
5.692
10.792
0.488
1.556
1.252
4.32
0.968
0.724
4.3
0.928
4.88
0.796
7.208
7.36
0.208
0.888
5.524
0.788
1.62
0.068
0.616
6.476
1.508
0.668
1.576
3.856
10.084
8.152
0.396
4.2
3.476
9.404
2.832
1.744
5.868
2.052
6.52
2.992
10.38
0.696
0.972
1.916
3.152
0.732
7.628
0.268
1.812
9.02
6.968
5.992
3.12
1.104
0.968
2.484
2.288
5.756
1.64
4.548
0.192
9.136
1.028
7.96
2.284
3.18
0.232
2.312
2.212
3.412
2.36
0.24
4.676
4.952
1.152
3.732
2.62
0.16
3.14
0.532
2.724
2.828
0.9
5.312
4.664
3.428
5.804
2.732
2.444
2.016
6.768
0.844
5.224
0.992
6.776
0.34
7.5
1.78
0.784
1.096
0.068
0.992
8.608
6.48
4.0
0.7
1.648
1.8
2.232
1.46
0.572
4.66
8.36
1.288
5.192
6.024
0.344
5.884
1.836
0.624
2.188
7.688
8.444
6.752
10.928
6.004
2.836
0.992
3.128
2.612
0.316
3.556
1.02
7.752
2.792
0.448
1.088
0.16
3.252
0.196
5.616
2.668
5.868
3.66
9.752
3.248
3.0
1.36
1.86
0.356
0.512
3.168
10.42
6.496
3.628
7.164
3.472
0.968
0.068
1.86
1.836
4.884
1.432
1.052
2.076
0.18
6.764
0.804
3.076
4.292
0.96
7.224
1.892
1.976
2.732
10.612
0.696
4.464
0.068
3.28
8.856
1.44
0.268
2.276
0.284
0.276
3.852
0.32
0.228
1.756
0.22
5.84
0.356
1.472
2.676
9.056
8.272
1.196
1.124
0.872
0.308
3.308
1.256
7.0
3.648
11.108
1.848
0.184
10.804
4.3
2.856
3.732
1.46
5.608
1.72
1.78
0.168
0.34
0.532
2.68
4.156
0.46
0.904
0.304
4.372
2.604
1.22
0.064
1.84
2.088
5.148
10.656
2.808
1.576
6.724
0.424
0.692
4.804
8.836
6.248
0.636
2.144
4.388
5.152
0.668
0.052
0.052
1.796
5.248
1.636
10.78
0.984
0.408
1.052
6.82
2.408
0.488
1.492
5.672
0.696
1.7
4.74
1.424
1.332
1.152
3.268
4.968
1.132
1.744
5.636
3.608
1.24
0.44
0.764
0.236
1.232
1.068
6.488
0.172
0.068
1.36
2.272
3.792
1.924
0.372
0.76
4.224
0.448
3.384
1.144
0.98
1.916
0.828
2.716
2.388
0.364
9.3
3.56
3.988
10.164
9.54
0.572
8.552
1.184
0.068
9.6
7.832
2.264
0.344
2.692
1.084
6.556
2.46
0.064
1.668
6.124
9.412
2.128
2.848
0.52
4.336
9.324
5.5
0.872
5.336
4.556
10.324
9.08
1.82
2.16
7.976
5.428
0.672
0.616
0.28
8.864
3.58
0.272
1.756
1.48
1.088
10.212
0.36
1.952
0.4
0.024
3.516
10.0
1.08
6.512
3.468
2.124
3.012
2.52
3.196
0.068
3.132
0.572
3.116
5.848
1.824
2.7
3.988
0.068
0.56
2.32
5.576
3.868
0.236
0.56
0.064
0.048
4.016
4.3
2.584
7.204
5.012
0.844
3.488
2.376
1.42
8.12
10.768
0.54
5.236
2.212
2.356
3.84
4.484
0.788
6.304
9.956
4.244
0.052
2.52
2.304
1.992
7.1
0.372
0.864
0.812
4.94
0.94
4.424
4.32
0.576
2.336
1.236
4.988
1.02
1.192
4.744
2.944
1.104
0.196
1.504
8.172
2.468
1.868
0.276
3.548
5.724
1.824
3.604
0.052
0.616
0.756
1.22
0.188
0.888
2.592
0.024
0.908
0.744
1.164
1.268
2.28
3.376
0.688
0.944
0.476
6.996
0.356
0.516
0.068
8.372
0.06
2.192
4.392
7.472
1.84
2.816
3.432
3.896
0.068
5.496
9.908
2.888
0.816
2.292
2.128
1.116
1.46
9.04
10.616
7.276
2.924
1.408
5.988
7.172
2.132
0.16
0.032
0.248
2.18
3.716
8.812
1.96
3.696
7.088
1.448
2.556
2.66
4.164
1.876
6.512
6.92
0.596
0.068
7.996
6.44
0.948
4.62
8.256
2.044
1.124
0.496
0.676
0.292
9.828
2.284
5.776
1.852
2.956
3.996
0.496
0.376
4.336
6.892
0.376
0.344
3.68
1.48
1.192
0.368
0.928
8.44
0.412
9.224
2.48
0.484
3.336
0.876
1.624
2.704
10.752
5.376
2.324
0.352
2.656
2.448
3.04
0.76
3.448
1.132
0.168
0.548
6.056
1.544
7.476
0.436
1.648
1.88
0.612
4.264
3.568
0.064
9.36
4.472
3.764
1.148
0.256
1.408
0.916
4.52
0.064
7.892
1.256
0.828
0.2
1.56
1.096
0.716
0.392
1.616
1.724
1.9
0.592
1.744
0.46
0.596
0.756
3.46
0.804
1.28
0.432
6.348
10.6
0.356
1.808
3.868
6.54
6.228
0.216
6.576
3.016
6.12
0.052
8.68
2.9
7.268
6.764
0.34
2.5
0.276
5.704
1.884
5.636
1.112
2.048
1.28
0.632
2.392
1.248
5.232
1.14
10.228
2.4
5.5
3.816
1.528
0.216
0.212
1.26
7.728
0.5
0.64
0.548
1.932
4.704
1.872
8.756
2.048
7.732
0.644
2.616
5.468
3.172
2.452
9.128
3.644
0.8
3.58
5.068
4.524
0.052
6.756
3.628
10.404
1.232
3.532
9.056
1.632
8.22
0.42
1.888
0.72
2.42
0.34
7.696
0.052
0.712
2.744
1.032
1.036
3.552
0.568
2.928
10.616
0.26
1.936
1.504
2.928
10.828
4.132
4.344
10.008
8.972
8.168
3.492
3.332
1.16
0.06
1.168
0.568
1.06
0.972
0.992
6.016
1.12
10.196
7.536
0.94
2.756
3.676
10.852
9.008
0.068
5.548
6.992
0.868
11.084
1.164
5.48
3.768
10.528
9.792
0.944
1.228
4.348
2.6
3.08
6.92
0.84
4.464
3.6
2.812
1.4
10.836
1.168
0.404
8.28
1.212
0.736
1.508
3.932
7.128
3.064
0.896
1.908
2.252
3.976
0.944
7.848
6.224
0.26
2.432
3.02
5.868
3.056
2.312
2.868
1.696
5.18
1.26
3.932
0.068
0.068
4.004
0.644
0.964
8.356
5.976
1.968
0.788
11.08
5.936
0.68
0.3
0.068
2.396
4.912
1.376
1.688
0.588
4.152
1.688
6.628
1.908
1.128
2.348
3.192
3.428
9.444
0.904
1.856
0.224
10.936
0.82
0.916
6.068
7.988
1.132
1.184
2.168
4.08
1.208
4.392
5.928
3.312
9.628
1.048
0.92
3.916
0.38
3.152
7.352
0.064
0.956
7.568
0.636
6.228
7.492
0.86
3.436
9.456
2.252
7.184
0.676
0.068
0.24
4.912
1.824
0.184
2.548
1.616
0.62
4.108
0.88
2.152
3.74
3.624
6.408
10.408
1.1
1.064
1.144
3.584
4.788
1.128
0.94
9.128
3.948
6.124
1.244
0.72
3.088
0.276
10.024
2.484
0.068
3.728
1.368
1.336
4.728
0.484
1.548
2.428
0.292
2.716
2.224
9.596
3.26
8.572
4.116
0.64
3.032
1.156
0.068
1.748
3.284
2.704
2.832
2.78
3.096
0.064
1.472
3.528
1.608
8.144
4.092
4.732
1.1
0.828
1.468
2.924
10.476
2.236
4.3
4.848
0.408
1.096
1.912
4.78
2.752
4.044
3.704
0.796
0.056
5.796
0.608
0.272
0.248
5.156
3.54
3.544
6.456
9.116
5.668
2.816
0.708
2.812
5.292
0.864
0.748
0.164
1.288
0.756
2.656
0.224
3.272
5.132
0.28
2.808
4.42
1.9
0.848
0.84
1.752
10.848
4.06
8.128
1.076
0.848
2.632
1.204
0.86
0.22
0.828
8.784
3.54
5.26
1.412
8.184
0.988
0.448
2.36
0.184
8.576
0.924
10.532
1.124
2.304
4.468
0.652
2.448
0.772
5.116
4.884
0.056
3.296
2.544
0.204
1.632
2.26
2.164
6.224
2.36
4.292
7.332
0.356
10.928
0.948
0.44
2.26
9.48
0.052
1.748
0.36
5.432
0.56
3.02
1.568
2.324
3.944
0.616
1.332
3.656
11.088
1.42
2.916
1.868
2.396
0.284
2.48
2.332
8.588
3.908
0.26
2.352
1.932
0.776
1.796
3.336
0.068
0.38
0.3
0.688
1.552
0.78
2.748
2.048
3.932
8.824
6.468
7.708
1.7
3.788
0.912
2.0
6.572
0.404
0.324
4.268
6.992
0.644
0.4
9.856
8.372
4.392
2.304
9.624
1.364
0.78
0.732
0.368
1.588
3.516
3.72
2.816
5.284
0.348
2.736
3.468
5.264
3.632
7.996
0.428
0.916
4.416
6.108
0.988
1.288
0.516
4.352
4.14
0.364
0.624
1.452
0.052
3.9
1.048
9.132
0.068
2.432
9.064
0.98
2.296
7.948
1.004
8.848
8.472
0.248
0.38
1.376
3.452
10.292
1.208
5.692
1.312
1.268
2.652
0.28
4.192
0.164
3.948
1.412
2.2
10.66
0.236
2.172
3.004
1.18
1.912
2.668
1.288
1.744
0.056
1.208
4.0
4.436
9.168
1.16
7.172
4.196
0.896
8.068
1.628
2.076
0.64
0.668
0.636
4.62
0.956
7.476
1.12
1.916
6.428
0.488
1.14
1.064
8.124
2.564
1.264
5.912
0.4
0.276
3.552
0.872
8.98
1.456
2.156
1.212
4.56
7.696
1.808
3.464
4.176
2.168
3.296
1.0
5.808
0.24
1.748
2.144
0.904
1.04
7.928
0.284
4.4
0.052
2.656
4.816
5.06
1.86
9.66
0.892
3.092
0.572
0.228
0.864
5.54
6.868
3.68
5.252
1.096
2.708
0.224
4.716
0.068
1.436
1.436
0.052
2.448
1.048
0.768
0.188
5.844
0.664
0.212
0.308
1.26
3.32
3.548
0.408
3.88
2.904
2.324
1.868
3.12
7.676
0.8
3.708
0.176
9.128
0.712
4.4
7.408
0.068
0.676
1.916
3.044
3.204
0.988
0.816
0.744
9.916
10.292
1.688
1.664
0.448
5.012
5.4
1.852
3.344
2.252
0.068
3.26
2.228
0.444
3.212
0.052
7.788
0.06
3.12
0.8
1.512
0.688
7.536
0.78
4.54
5.5
0.34
9.992
2.824
0.652
2.464
1.56
2.132
2.656
9.816
7.08
5.16
7.14
1.328
9.848
0.196
0.52
4.668
0.368
0.792
0.796
4.376
0.284
8.016
9.192
0.752
3.868
2.252
3.712
1.248
1.724
9.664
6.064
1.008
4.04
0.412
3.196
1.424
0.072
2.352
0.648
2.616
4.248
0.068
3.468
1.116
2.38
5.66
1.952
4.824
0.364
3.976
1.252
4.028
2.144
0.448
2.236
4.252
0.868
4.816
0.832
2.768
1.408
1.092
0.18
0.184
4.48
5.144
2.7
3.6
0.628
4.06
0.036
0.068
0.968
0.268
8.708
0.16
0.168
0.564
1.388
1.872
1.092
8.408
7.74
3.124
0.524
0.264
2.864
2.884
0.228
2.288
0.296
0.944
0.816
2.8
4.576
3.624
9.46
1.644
5.96
0.068
3.42
2.392
6.188
0.416
2.288
3.108
4.66
1.468
0.824
0.652
6.804
1.504
4.216
3.744
2.46
3.256
9.68
2.648
3.684
0.28
0.068
6.108
0.068
4.1
2.216
1.676
1.276
0.544
4.588
9.128
0.76
0.188
1.496
0.488
9.928
5.628
0.844
0.28
1.252
9.428
3.812
0.684
10.592
3.328
1.552
2.008
0.044
2.288
0.516
2.324
3.64
1.56
4.056
9.568
2.424
1.304
2.692
1.108
1.296
1.164
9.58
1.972
1.104
1.82
1.264
2.46
2.28
0.516
5.892
8.608
4.224
0.216
6.784
0.256
1.672
2.92
10.612
9.872
11.052
1.92
6.472
0.848
0.812
4.708
0.188
0.264
0.36
4.912
3.336
3.064
0.672
3.0
2.04
1.068
1.984
0.308
1.232
3.364
0.264
0.744
3.816
2.992
1.16
1.508
10.804
2.832
6.676
0.512
4.02
2.252
2.804
5.664
1.252
2.62
1.38
2.168
1.348
2.22
7.988
4.104
3.764
10.62
2.632
2.356
9.712
0.444
0.584
1.476
1.564
1.068
8.644
4.56
3.852
1.62
1.204
1.92
2.212
0.068
8.792
0.072
0.228
5.612
6.22
10.136
1.368
0.484
1.552
6.492
2.996
6.516
4.664
2.732
1.58
1.212
10.868
0.652
1.056
0.74
1.372
1.576
1.668
0.068
10.312
7.232
1.444
1.732
4.096
3.796
0.068
3.348
0.892
0.448
7.856
0.636
0.644
4.832
1.096
3.096
0.036
1.168
2.144
2.012
1.424
2.22
3.528
4.852
1.656
3.668
1.304
10.268
5.86
0.072
5.236
1.392
1.22
4.312
4.696
1.156
9.148
1.152
4.768
7.472
7.476
3.744
2.5
7.24
0.708
6.508
1.108
7.308
0.916
0.168
1.752
0.988
0.292
7.012
8.648
2.12
3.904
4.004
7.72
2.844
0.608
5.8
0.484
0.984
10.452
8.224
3.288
1.456
0.048
2.436
0.532
2.7
1.104
2.268
5.512
1.896
3.176
7.724
8.636
0.268
7.052
0.376
10.524
2.956
1.44
3.596
5.476
0.82
1.308
8.904
8.576
2.52
4.984
10.208
2.084
1.904
1.232
1.244
1.944
3.08
1.956
2.132
0.752
8.236
3.324
1.244
0.212
1.256
4.02
1.528
0.648
1.024
1.04
2.616
0.568
0.788
5.488
1.716
4.632
0.56
0.652
2.536
6.904
3.424
4.056
0.984
0.472
2.572
7.868
0.176
2.108
1.584
1.588
2.744
5.864
3.58
1.12
1.388
2.556
3.236
5.616
1.192
1.792
1.24
9.888
0.044
1.652
1.212
5.284
2.532
1.38
1.456
9.772
3.788
1.904
7.988
2.008
4.528
3.552
0.816
5.696
1.268
1.216
2.94
2.652
1.592
4.288
5.312
5.02
7.832
5.772
3.988
0.544
2.5
9.84
6.192
2.388
2.236
1.816
1.548
0.052
2.564
8.936
5.092
1.908
0.068
4.036
0.688
2.852
2.296
6.224
8.292
3.656
0.936
8.92
4.744
2.048
0.24
4.976
0.872
0.204
2.772
6.84
1.84
0.648
5.932
2.736
4.3
1.68
4.04
0.324
2.964
1.228
1.368
2.62
0.548
0.932
4.18
2.928
2.692
1.096
4.244
0.264
6.316
4.396
2.872
1.232
10.528
0.58
0.312
1.052
3.076
3.144
8.456
0.46
2.264
8.66
3.632
6.168
7.256
2.872
5.272
5.12
8.984
1.072
5.956
10.284
3.544
0.4
0.932
2.1
0.268
0.388
1.528
7.524
1.768
0.644
2.284
7.66
2.672
0.216
2.408
0.832
1.976
1.888
0.608
1.14
0.068
2.212
0.068
0.312
1.924
1.5
7.628
3.372
6.636
0.62
4.608
3.072
5.484
1.908
7.36
1.26
0.328
1.232
0.064
2.34
5.256
1.348
5.204
1.444
0.748
0.256
4.376
1.412
0.768
0.456
4.848
5.24
1.292
10.832
6.952
2.528
8.712
9.664
1.46
0.16
1.332
1.352
0.888
3.656
1.476
3.28
0.868
1.292
8.844
0.696
4.752
1.288
2.88
0.364
2.272
0.444
5.796
1.6
0.48
0.34
1.24
0.524
7.536
2.228
5.008
0.496
0.7
1.792
1.9
10.084
0.156
0.052
0.456
1.528
1.84
2.692
3.232
3.148
10.672
0.92
0.052
5.048
0.984
5.876
0.22
7.108
4.456
0.772
7.512
6.052
3.716
10.884
10.192
4.824
4.336
0.46
0.2
2.116
7.276
9.732
0.268
7.548
1.692
3.736
0.836
10.244
0.048
3.16
0.68
1.364
8.336
6.004
9.1
3.704
7.18
5.884
6.8
1.368
1.172
1.688
0.948
8.264
6.728
2.556
2.732
3.34
1.916
8.984
0.596
0.492
4.448
3.108
3.048
0.66
0.068
0.24
1.12
7.412
2.424
2.28
4.764
3.712
4.556
0.552
1.024
0.508
0.244
10.46
7.82
0.66
0.808
7.44
2.5
4.804
7.144
2.568
0.624
4.516
0.064
0.38
0.336
0.372
2.252
7.772
2.432
10.048
0.888
0.18
1.976
3.176
0.7
0.38
8.048
3.008
8.012
0.056
3.512
2.828
0.848
9.82
6.22
0.068
0.384
6.132
0.56
3.488
7.228
0.452
10.032
0.72
4.772
4.616
2.24
5.404
6.88
0.464
2.312
4.956
7.488
0.236
6.972
1.16
2.564
0.812
5.16
2.396
4.664
4.324
1.156
9.7
2.516
3.44
1.212
5.82
0.624
0.36
9.072
0.52
5.076
5.372
0.184
1.588
0.34
0.46
0.488
6.636
4.384
0.332
6.636
0.672
0.068
8.168
8.112
0.488
0.068
3.112
1.848
2.668
2.496
8.504
1.256
1.276
8.068
5.264
5.016
1.88
0.504
0.684
1.576
1.42
0.792
6.988
10.468
2.248
1.368
1.572
2.64
1.732
1.532
0.872
5.132
0.824
0.26
2.88
6.028
1.38
1.856
1.204
1.664
2.216
1.96
0.884
5.608
0.892
0.196
3.104
3.556
0.896
1.584
2.284
4.448
0.604
1.144
0.064
4.768
3.832
9.948
4.816
0.064
1.008
1.288
0.22
8.956
0.6
6.748
0.184
0.068
6.208
1.556
0.204
0.536
2.756
1.788
5.468
0.384
1.584
8.772
9.508
1.44
0.22
2.148
7.42
0.376
4.292
1.132
2.5
1.812
1.7
0.176
2.632
0.356
1.192
4.368
0.944
0.504
0.396
2.464
0.26
4.98
1.872
7.364
1.484
1.08
4.928
8.096
0.28
0.576
0.032
4.992
4.1
2.036
9.408
1.132
3.24
0.764
10.136
10.204
1.092
3.548
1.216
7.716
0.584
2.58
1.48
2.312
8.428
2.684
9.692
0.944
4.564
6.248
1.896
0.064
3.848
2.524
11.008
0.432
0.888
5.24
5.116
3.056
0.644
1.272
3.488
7.304
7.352
2.92
2.86
0.656
0.16
9.788
10.94
7.912
3.152
6.016
2.948
9.056
10.012
5.904
0.56
5.892
10.152
0.364
3.524
2.996
0.264
1.148
0.052
3.032
0.648
1.632
7.68
1.572
2.796
0.176
1.032
3.948
3.54
5.188
2.08
10.836
4.544
0.892
1.352
0.24
3.264
3.088
2.048
5.376
3.54
0.236
0.768
0.828
9.916
0.86
0.436
1.488
1.98
1.92
8.644
3.056
4.48
1.092
1.132
10.256
2.804
0.508
3.076
0.736
8.068
0.34
10.504
0.244
5.436
0.312
0.064
3.308
0.404
9.728
0.456
0.26
10.54
0.068
8.024
4.852
2.28
0.968
1.172
10.748
2.72
6.444
7.464
2.92
3.904
2.48
3.652
0.792
0.732
0.76
8.856
3.936
4.384
0.848
1.984
1.2
6.956
5.888
0.248
0.868
2.936
0.312
1.26
0.58
3.492
3.28
5.464
8.652
4.416
0.816
1.392
0.992
8.2
4.312
2.6
0.048
2.18
0.66
7.644
0.216
0.6
0.368
1.508
2.968
2.448
4.248
8.34
1.64
7.236
1.484
6.34
6.0
1.056
9.24
6.16
0.2
3.86
8.852
3.548
2.948
0.972
6.376
6.872
0.376
1.74
6.392
1.652
6.348
0.616
9.94
0.516
1.32
0.868
1.124
2.848
1.248
0.436
7.716
5.404
0.552
2.136
0.852
9.308
1.38
0.064
0.368
0.7
3.092
0.964
6.8
3.104
0.436
1.148
4.052
2.092
1.016
3.68
5.424
6.216
0.664
6.188
9.28
4.856
1.576
8.452
3.112
1.736
0.756
3.744
3.244
2.292
4.268
2.644
2.336
7.904
5.844
5.536
3.092
1.28
0.972
8.94
0.168
2.24
0.656
4.22
6.824
1.584
0.344
5.0
3.188
3.344
3.776
6.188
1.128
2.436
0.4
4.608
2.108
8.192
3.596
1.476
5.464
7.96
0.392
4.06
2.98
1.452
1.34
0.496
0.704
1.96
0.864
0.216
2.196
1.768
4.596
1.292
4.492
1.788
3.448
2.504
0.068
7.328
1.108
0.072
3.324
3.468
11.116
4.84
2.236
6.676
1.056
0.232
1.796
9.9
1.4
0.352
8.372
0.728
1.524
0.252
1.124
0.912
8.74
1.124
0.04
6.632
2.64
2.916
2.436
0.892
0.624
0.816
0.912
0.828
0.784
1.312
1.124
8.908
2.448
0.468
1.116
0.308
2.588
8.98
4.108
7.264
3.072
7.364
1.324
1.428
4.208
5.136
0.068
0.268
5.624
1.888
1.464
4.712
5.876
0.432
1.9
0.888
0.536
8.124
1.496
0.988
8.96
2.232
2.144
4.02
0.56
2.656
0.38
5.544
7.108
2.2
0.936
9.444
9.716
3.904
0.064
1.512
1.832
3.716
2.864
4.416
4.292
1.152
1.12
3.284
8.088
2.172
1.62
0.156
5.76
1.384
2.06
3.272
0.58
3.868
0.424
3.348
0.788
2.836
1.136
1.78
6.628
3.584
1.824
2.616
7.08
9.928
1.068
2.544
4.232
2.28
5.036
3.468
5.652
2.0
0.808
1.752
3.764
1.144
0.224
0.26
8.68
5.92
1.848
4.796
3.964
1.848
0.624
11.072
3.86
0.264
1.956
3.144
3.096
1.912
3.86
5.02
1.944
3.976
0.504
2.92
4.096
1.864
6.732
2.04
0.86
4.72
7.584
1.172
0.792
10.6
8.628
10.408
2.744
1.132
0.824
4.448
0.312
2.192
1.3
10.656
0.24
4.588
2.024
1.136
9.948
7.12
1.352
1.996
2.812
8.476
0.212
3.628
9.824
10.72
1.232
2.488
1.004
0.736
2.852
3.328
1.22
6.944
0.312
4.864
4.136
2.52
1.952
3.208
3.764
4.044
4.308
1.456
2.3
3.98
1.412
1.284
10.132
4.204
5.356
1.22
1.504
2.844
1.508
2.776
0.664
0.592
10.016
0.268
1.268
2.544
1.188
2.356
1.828
2.376
4.92
1.172
1.532
0.9
3.172
4.64
3.504
1.804
1.28
2.096
9.996
5.636
2.728
3.108
0.788
0.512
0.352
1.124
2.132
1.256
0.792
8.948
10.24
4.072
3.924
10.692
4.596
4.296
1.232
0.596
3.312
8.352
1.368
1.832
6.472
8.044
0.868
5.996
2.36
2.224
3.904
4.14
0.068
2.972
8.124
0.876
0.06
1.784
2.132
10.584
0.82
1.184
0.064
1.184
0.476
6.752
6.224
0.064
4.812
0.352
1.988
2.392
0.812
0.364
8.832
0.408
4.66
0.188
1.284
0.748
4.452
2.94
3.7
0.608
3.244
4.3
0.176
2.268
6.368
1.704
8.0
2.952
0.4
6.076
0.832
4.444
4.268
9.768
1.344
9.624
5.82
3.132
2.852
7.924
4.668
0.496
4.608
1.028
1.688
1.54
3.688
6.364
8.972
10.668
10.98
0.304
1.228
1.452
5.436
3.816
3.34
0.068
0.412
2.364
0.228
2.456
0.052
1.092
0.88
6.504
5.528
9.996
1.464
10.344
2.104
5.252
2.888
0.884
0.688
1.716
2.892
0.072
3.456
2.0
0.896
7.06
0.828
0.164
1.792
0.068
1.976
2.004
0.492
2.86
1.504
3.5
2.464
7.928
3.572
2.82
1.056
0.788
7.308
1.348
0.736
6.04
1.984
1.4
0.268
1.72
5.736
0.16
2.708
2.692
2.044
3.424
0.048
9.208
1.94
2.74
1.372
2.216
6.348
0.66
1.228
2.784
5.196
0.468
0.352
5.076
5.028
9.3
1.404
0.764
10.124
6.44
7.812
3.996
1.976
1.756
0.292
9.16
1.532
3.996
2.372
10.984
2.732
0.852
3.376
0.488
2.408
9.684
0.404
0.764
0.168
4.388
0.788
3.488
8.308
3.788
6.464
5.968
1.716
7.56
2.356
0.572
7.676
1.46
11.04
1.8
1.496
0.6
4.32
9.34
5.248
0.716
0.684
2.664
6.192
0.364
1.116
0.388
2.192
2.62
1.584
2.796
2.288
2.18
7.024
4.288
8.816
3.6
0.832
1.148
6.668
0.528
8.596
5.388
7.588
1.048
3.468
10.764
1.868
1.012
8.948
1.104
1.708
2.608
0.488
0.056
2.424
1.66
2.756
1.176
4.664
0.52
0.204
5.492
0.972
1.112
0.704
10.428
6.056
1.924
1.288
3.812
6.8
0.832
4.568
4.496
0.064
1.336
0.756
8.916
0.396
3.784
2.484
0.392
0.56
1.44
4.464
1.764
2.496
0.424
0.76
3.172
1.16
5.16
0.068
10.912
2.124
0.052
7.54
9.532
3.492
4.064
0.324
10.292
3.192
1.344
3.948
2.912
4.012
1.084
3.872
1.472
3.004
2.592
0.972
0.22
0.172
2.476
0.604
3.184
3.576
1.896
6.992
3.812
4.984
3.556
10.184
0.908
0.784
0.316
3.02
0.88
7.604
3.168
5.896
2.548
1.044
10.74
1.156
0.36
1.832
1.216
0.54
0.056
0.956
6.848
4.58
5.876
1.08
4.084
10.036
0.728
8.528
3.94
2.844
0.336
1.316
6.636
1.428
1.344
1.692
0.556
1.804
0.184
2.0
0.62
1.26
1.032
10.16
8.124
0.184
10.62
0.068
0.564
3.58
6.552
1.508
4.08
1.464
3.372
4.552
4.112
0.26
0.052
3.16
1.18
0.836
0.376
7.192
10.276
1.16
4.78
5.256
3.328
0.056
1.228
1.544
3.36
1.916
2.208
7.74
1.972
2.632
4.084
5.264
10.268
4.036
5.08
0.46
5.664
1.168
10.028
3.388
3.104
10.28
3.836
1.352
1.04
0.052
0.248
3.072
4.82
3.808
4.276
1.376
0.544
10.708
0.424
10.444
2.204
0.952
0.892
3.124
0.396
0.864
1.712
1.032
0.98
0.22
2.216
7.408
9.072
8.188
8.088
3.252
1.472
7.184
3.784
1.052
7.008
5.712
1.064
7.084
4.568
1.712
0.476
5.192
4.808
1.872
4.748
2.336
2.268
2.092
2.38
0.604
0.548
0.528
0.74
4.656
9.328
2.532
10.212
1.02
5.66
1.376
0.596
2.056
5.5
4.372
10.78
1.312
4.308
9.788
3.356
0.668
8.096
0.64
2.472
0.06
8.232
3.456
1.108
2.44
4.476
4.592
8.116
0.192
2.004
9.068
5.736
1.68
0.064
2.14
9.94
6.576
2.42
1.08
7.74
0.048
0.968
2.408
8.688
0.928
0.528
1.812
2.504
0.62
0.056
0.948
0.276
0.364
3.644
1.804
0.208
0.336
2.144
0.824
0.496
1.148
1.664
9.688
0.528
2.332
1.072
3.66
6.936
2.996
2.132
0.972
1.948
10.752
1.656
0.856
2.112
2.14
2.088
1.2
7.22
4.252
1.432
8.248
1.764
0.956
7.052
1.432
0.9
2.508
1.616
0.272
0.268
5.904
2.5
3.196
2.12
8.24
2.912
2.796
1.424
1.284
6.0
0.068
2.84
0.652
1.92
9.028
0.32
0.648
9.712
0.252
0.808
1.324
7.692
6.94
1.812
3.516
1.332
0.26
8.768
6.18
8.68
0.996
0.176
6.144
0.072
2.264
1.476
0.884
1.184
0.176
3.448
2.28
5.948
6.316
0.472
5.804
1.76
0.896
1.36
0.22
0.64
1.18
0.884
0.764
1.924
9.216
1.068
0.636
6.644
5.024
8.516
4.736
0.472
10.3
4.472
1.576
7.236
7.284
4.612
4.372
3.28
0.26
0.92
1.092
9.716
2.396
3.4
0.164
2.236
4.604
0.284
3.544
6.528
1.196
8.768
7.636
7.332
0.24
7.604
2.668
2.108
1.372
9.88
3.384
0.956
8.144
1.54
0.312
9.98
0.236
2.696
0.256
10.668
7.592
0.552
10.308
4.56
0.156
1.52
2.844
6.976
0.796
0.504
1.64
1.844
0.164
1.536
7.02
5.772
1.428
6.604
1.928
0.536
0.508
5.256
0.048
3.0
2.276
0.244
8.332
2.508
2.204
11.132
7.04
9.04
1.184
1.124
6.492
0.068
0.608
7.816
2.704
1.604
3.284
1.348
8.14
8.144
2.716
0.256
4.428
1.924
9.88
1.2
1.356
7.652
3.42
0.052
1.492
1.684
0.5
1.672
3.396
9.62
0.912
1.048
6.928
0.484
0.556
3.868
0.216
3.328
7.124
1.136
4.316
1.316
0.352
6.556
8.288
5.168
8.448
1.02
1.576
0.708
9.18
1.164
3.516
0.368
1.772
0.82
0.472
1.908
4.628
3.952
8.68
0.312
1.236
1.1
4.9
5.44
2.424
1.332
2.12
1.556
2.448
0.484
0.556
0.804
6.708
0.896
0.308
6.064
10.784
0.812
4.48
0.972
1.364
0.056
0.58
0.068
1.684
6.496
3.152
10.852
6.824
0.9
4.028
1.82
0.276
7.248
2.916
0.472
3.404
2.896
2.18
0.384
1.632
1.012
1.336
4.768
3.456
11.12
1.264
2.704
5.176
2.232
1.94
2.26
4.38
8.168
7.228
4.784
7.488
0.216
0.232
0.616
0.068
2.396
3.324
8.06
3.068
6.528
0.68
0.472
0.308
0.976
6.096
0.476
2.12
5.92
8.048
1.748
0.648
0.54
0.404
1.12
7.856
1.216
2.368
2.724
2.428
2.236
1.024
5.296
7.32
1.984
2.324
3.792
2.348
1.696
2.852
3.444
10.176
2.092
1.224
0.292
0.428
1.632
0.048
1.36
6.08
4.764
4.56
0.16
2.076
1.444
0.072
0.412
9.48
5.036
3.524
9.976
2.012
1.112
3.488
6.44
4.888
1.384
11.028
0.056
0.444
0.904
0.692
3.128
3.116
3.528
0.636
3.192
2.508
1.2
3.236
0.676
0.292
9.064
9.152
0.44
5.276
2.104
1.66
1.632
4.268
4.852
6.252
2.616
0.392
1.972
7.572
4.96
1.724
6.124
4.012
0.5
2.016
8.16
1.68
10.904
1.472
2.104
0.9
2.564
2.476
4.92
1.88
0.368
0.512
4.136
1.464
1.304
7.756
1.584
0.164
1.932
10.588
4.196
1.34
4.408
2.664
1.624
3.164
1.352
0.828
0.716
2.956
1.632
1.472
8.84
0.332
3.848
2.244
3.296
1.544
0.86
3.916
8.244
0.444
5.252
0.068
2.812
4.668
1.008
2.084
4.5
0.836
0.392
8.772
5.172
6.072
1.324
0.548
0.52
9.884
10.396
5.012
10.812
0.356
4.704
8.712
1.2
0.764
0.068
0.764
2.668
0.64
0.072
5.008
6.132
4.424
1.108
5.348
10.136
0.28
3.772
0.636
1.64
5.744
5.076
2.612
2.58
5.292
3.848
8.884
2.884
2.624
10.236
6.448
1.212
0.696
5.524
2.692
10.472
0.416
2.256
1.136
8.52
1.684
1.172
5.692
1.096
2.504
0.396
0.704
0.408
6.824
6.712
1.648
0.86
6.584
0.824
4.492
3.208
1.244
6.596
6.776
1.944
1.012
1.56
0.06
1.3
9.948
10.072
6.576
2.728
1.832
1.932
1.772
0.7
2.636
1.808
2.052
8.204
0.312
8.06
5.416
4.864
7.636
0.688
0.432
0.912
0.824
10.028
7.868
9.264
7.24
0.52
0.732
1.172
2.652
4.568
3.304
3.168
4.964
1.724
0.92
6.848
0.452
3.584
4.872
5.004
3.964
2.648
0.212
3.724
7.832
0.852
5.18
1.396
0.548
3.292
5.352
0.064
7.868
2.58
1.164
0.616
3.6
8.972
1.02
1.396
0.316
0.688
5.008
11.08
5.968
2.908
0.42
4.668
8.532
1.84
4.72
2.836
0.944
0.988
1.108
0.292
1.596
6.34
4.912
2.416
5.136
7.156
4.14
7.388
4.396
6.612
3.992
6.424
6.236
5.772
4.424
0.82
1.24
7.06
4.416
8.62
7.596
3.488
2.552
4.856
0.216
2.304
0.524
6.624
7.288
4.58
1.02
4.128
2.412
5.84
1.844
4.048
0.544
4.668
3.864
5.008
1.8
7.24
4.74
0.868
1.828
2.396
4.76
0.932
2.0
0.228
0.368
0.344
0.412
5.724
5.876
8.544
0.068
10.224
5.576
0.204
1.308
0.796
3.124
2.248
3.76
3.48
2.452
2.092
0.228
5.604
0.768
4.172
0.236
9.616
0.068
2.48
2.612
7.04
0.472
0.496
1.184
5.684
2.7
0.064
3.168
4.316
0.068
1.584
2.724
2.04
0.436
1.192
0.352
2.128
1.796
4.784
0.204
1.248
3.348
0.564
0.276
4.436
1.04
4.648
1.648
0.284
9.84
6.396
3.448
0.956
1.3
0.352
0.548
7.836
3.88
1.26
7.744
3.948
1.344
3.664
5.388
1.204
1.936
2.016
1.016
0.824
1.676
3.58
0.064
2.056
8.36
0.86
1.04
2.732
0.96
6.664
1.792
3.128
6.784
2.684
2.24
0.676
0.844
3.12
0.552
1.288
1.136
0.56
1.652
0.448
0.064
1.744
5.816
8.74
2.836
1.848
0.344
1.136
0.236
3.392
2.24
9.82
3.88
3.124
4.844
2.964
6.188
3.256
2.84
1.052
5.736
1.288
2.44
3.38
8.068
4.98
3.648
0.368
0.86
3.956
2.976
0.656
5.18
5.132
5.924
3.744
2.764
0.06
1.764
1.6
8.124
3.004
9.836
3.112
0.976
0.56
3.024
0.612
0.72
2.512
0.748
10.576
0.868
4.3
4.86
1.196
1.32
0.36
6.004
1.244
1.16
3.576
6.74
5.952
1.548
0.324
5.532
3.896
0.596
2.052
2.364
3.632
0.208
0.748
0.236
10.888
8.468
0.836
6.94
8.192
1.272
5.976
0.26
0.952
3.188
0.872
8.736
0.416
4.84
0.776
1.992
10.568
5.356
0.332
1.328
4.86
1.352
0.44
1.32
1.708
8.0
1.368
6.924
0.66
6.376
0.408
2.56
6.724
1.488
6.512
6.672
3.404
1.22
5.696
1.192
2.128
2.728
5.992
0.344
3.608
1.736
0.624
3.812
0.756
3.296
3.956
0.276
5.404
0.384
3.86
2.76
0.16
0.052
1.056
3.056
1.888
1.832
0.196
1.364
1.0
0.064
0.068
3.544
0.416
7.916
1.08
2.248
4.592
7.936
2.356
3.172
2.812
3.864
1.444
10.256
2.188
8.34
0.412
0.904
2.016
0.172
2.056
0.608
8.068
0.944
9.852
1.304
1.444
1.316
8.512
2.468
0.176
3.752
4.492
10.152
7.18
1.108
10.8
5.056
5.372
2.0
1.408
0.064
1.1
0.388
0.304
5.828
2.24
1.784
1.396
2.824
1.396
1.624
7.532
0.904
0.188
3.66
8.648
1.74
0.752
1.716
1.952
1.412
0.968
0.212
2.548
4.404
0.808
0.18
0.912
8.148
1.376
0.292
2.02
1.672
3.552
1.16
2.54
3.812
0.292
0.416
3.588
5.344
3.884
4.88
2.276
1.216
1.156
1.28
2.604
0.752
2.82
0.496
1.34
5.092
1.26
1.028
1.012
1.412
1.468
9.396
9.676
1.176
1.272
1.608
1.904
1.584
0.932
1.16
2.572
2.16
0.068
2.028
4.304
11.028
6.84
1.208
2.336
1.128
10.692
1.528
4.304
0.552
0.68
0.068
0.636
2.2
6.664
0.432
8.78
1.24
2.776
2.024
7.96
6.452
7.116
10.36
1.456
10.56
2.984
8.428
4.356
4.932
8.092
0.456
5.752
2.08
1.132
4.772
4.828
9.072
1.8
0.556
1.904
1.708
0.716
9.38
0.876
0.052
11.096
3.008
10.188
5.168
7.064
1.028
1.864
1.308
7.288
0.796
0.3
3.884
4.448
2.764
2.076
3.224
3.2
6.024
1.052
9.832
0.196
1.4
0.312
7.82
4.876
7.696
2.768
5.46
0.208
8.628
1.264
0.216
0.784
0.068
1.568
3.432
4.008
0.056
10.904
3.448
0.2
10.716
6.624
7.924
8.228
3.592
7.632
4.316
1.98
7.42
2.928
9.544
0.196
0.176
1.964
2.156
6.456
0.484
4.22
1.812
1.332
8.916
3.46
8.516
1.44
1.424
2.02
0.172
2.272
2.588
4.78
2.464
6.704
1.304
0.404
3.948
1.728
4.488
3.428
0.376
1.296
3.648
1.072
0.84
0.628
3.912
0.424
1.956
0.44
1.268
2.056
5.596
1.712
0.528
8.212
5.944
0.264
