0.912
3.812
0.496
1.284
0.284
1.288
5.124
5.86
0.912
0.288
0.832
0.084
1.684
5.18
11.072
2.116
0.248
0.788
3.276
4.216
3.488
4.028
5.456
0.6
0.228
1.052
5.264
1.9
0.608
1.044
0.96
0.912
0.852
5.1
0.868
2.352
0.36
0.648
0.192
2.596
2.004
1.308
1.304
6.984
1.748
1.248
2.468
2.576
1.78
1.712
2.932
0.884
7.3
8.18
1.544
1.26
3.792
0.14
3.64
8.148
2.528
5.62
0.692
0.724
0.564
6.644
1.528
2.232
2.66
0.368
2.832
0.76
1.48
1.764
6.028
1.16
2.092
1.54
9.824
5.404
1.664
3.936
4.036
2.444
3.044
6.008
0.916
2.28
3.312
1.676
4.484
0.764
6.176
0.308
0.68
0.444
0.316
6.108
3.196
0.48
0.904
1.428
3.16
4.968
4.104
0.2
3.572
4.344
1.816
0.54
0.4
1.688
2.096
3.024
2.916
8.172
1.592
0.708
2.476
0.24
4.16
2.584
2.324
2.716
2.288
3.024
1.276
1.276
3.068
2.192
0.292
1.592
0.448
0.548
0.608
0.452
2.7
0.572
0.644
1.216
2.968
0.524
2.088
0.7
7.768
1.112
0.26
0.944
0.664
10.716
3.544
0.496
6.4
3.828
3.368
3.916
2.06
2.816
4.116
3.076
0.26
1.812
4.048
0.564
5.024
2.352
1.588
1.348
3.916
1.564
8.116
5.376
10.216
0.196
2.968
0.176
2.516
0.816
2.728
0.22
3.632
5.168
1.0
0.808
0.672
0.688
1.412
10.608
2.344
0.972
2.208
0.216
4.132
1.352
2.696
1.172
0.668
0.508
0.468
1.164
3.164
1.236
3.776
2.784
2.052
0.816
0.12
1.64
3.244
0.424
0.376
0.768
1.72
0.452
2.12
0.58
0.628
7.276
1.932
5.464
0.24
0.652
4.156
0.488
0.232
1.932
3.12
1.94
3.256
1.204
0.988
1.916
9.604
0.08
2.348
2.772
0.328
2.092
4.344
3.116
2.848
4.38
0.86
0.392
0.816
3.62
1.984
9.284
1.144
0.536
7.72
5.184
1.16
3.256
0.428
9.808
0.752
2.808
0.416
1.584
4.984
4.076
1.028
1.452
3.244
8.5
1.188
3.348
1.008
3.024
4.664
6.424
0.5
0.384
0.388
1.848
2.036
2.148
2.056
2.28
0.08
1.552
7.356
0.356
0.632
0.124
1.004
0.452
0.556
3.188
0.58
1.864
4.428
4.592
0.392
1.44
0.128
0.712
0.568
3.312
0.96
0.144
3.128
2.172
0.428
2.012
2.396
6.456
4.08
0.184
0.656
1.7
1.356
0.648
0.292
0.644
0.248
1.508
1.612
1.4
0.212
0.308
1.292
2.956
0.972
0.82
2.244
2.336
0.22
2.008
2.788
2.152
4.46
4.112
0.16
0.216
6.996
0.696
0.104
2.356
0.924
5.164
0.112
2.404
8.4
7.324
3.012
5.336
0.78
0.268
2.66
0.628
0.728
1.908
9.488
4.312
3.208
2.38
1.236
2.356
0.36
3.64
2.432
4.328
3.264
0.976
0.132
6.192
1.124
0.68
4.248
0.916
1.972
0.904
1.872
0.372
0.172
1.08
3.932
0.888
1.104
1.32
1.36
2.756
0.792
4.964
5.56
0.32
0.136
1.088
2.872
1.316
4.7
0.608
1.504
1.648
0.868
1.276
1.228
0.42
6.328
0.46
0.664
3.304
5.196
0.812
9.988
5.884
0.108
2.932
1.248
2.86
4.944
7.516
10.456
0.316
8.768
3.876
4.2
0.94
2.224
0.636
2.388
1.332
0.124
7.044
2.468
0.648
4.036
0.124
4.048
0.116
0.528
0.072
7.94
7.78
0.764
1.992
2.448
8.26
1.352
7.984
2.872
3.48
1.16
0.456
1.836
2.912
1.812
1.86
5.98
0.292
4.204
5.368
0.888
1.296
1.252
0.232
2.676
0.096
3.36
0.408
2.132
2.948
1.096
8.132
1.132
4.056
2.94
1.532
8.64
0.588
2.18
4.196
0.456
2.136
3.912
0.62
0.28
1.184
3.328
1.744
2.696
1.74
0.148
1.592
0.068
1.932
6.06
2.04
1.52
2.272
1.032
0.888
5.532
2.176
2.212
1.748
5.364
1.12
3.584
5.388
2.088
2.88
0.528
0.516
0.66
0.792
1.084
1.056
1.228
0.584
1.32
3.592
10.296
0.944
0.336
1.388
0.368
1.412
0.252
0.288
8.84
2.916
2.96
4.06
6.472
0.888
0.716
3.74
1.136
4.536
4.452
6.18
1.672
0.652
1.08
2.748
0.908
2.42
3.192
3.212
0.248
4.692
0.176
0.824
0.724
1.828
2.488
0.08
0.82
1.836
3.74
2.108
2.912
3.048
0.392
0.256
0.82
2.536
5.264
0.532
0.304
0.252
1.172
0.724
1.224
0.212
0.772
0.552
2.72
0.34
0.808
0.94
6.64
0.632
3.916
0.9
2.008
6.864
3.24
1.508
5.096
1.784
0.492
0.28
2.512
1.256
1.888
0.58
0.352
0.74
0.376
4.148
1.372
0.62
0.324
2.8
0.536
2.272
1.552
3.2
3.848
0.432
0.18
0.3
1.156
0.156
0.436
3.688
5.496
8.744
0.34
4.38
8.4
1.736
5.264
1.5
7.332
1.492
0.8
1.044
9.256
3.236
0.136
2.32
6.972
3.432
0.296
0.852
2.4
2.836
1.864
6.88
1.476
1.376
1.716
0.052
0.948
0.404
4.228
3.344
6.404
0.2
0.896
0.76
2.74
1.528
3.036
2.452
1.536
1.012
5.172
0.136
0.664
0.248
0.136
0.328
1.956
2.08
2.104
0.94
2.344
6.428
3.664
2.012
1.856
7.168
10.716
1.412
1.58
0.224
1.976
0.932
3.6
0.636
1.04
6.216
3.596
0.668
1.824
1.84
4.8
1.156
1.556
7.448
0.64
3.848
1.264
0.212
0.296
0.696
6.54
1.16
1.884
1.388
4.016
3.628
5.608
5.88
0.956
7.036
3.508
4.628
1.004
0.34
0.128
0.28
0.708
0.672
7.04
2.144
2.884
6.532
3.116
1.564
0.652
2.736
0.352
0.124
0.708
1.176
0.804
0.172
2.252
0.944
3.496
0.492
2.408
0.532
2.084
1.888
2.276
3.08
4.004
1.076
1.12
0.396
0.856
0.108
5.468
0.796
3.024
4.528
0.772
2.308
4.752
0.1
7.848
8.848
8.584
1.216
2.112
0.352
0.272
0.736
0.988
0.56
1.372
0.528
0.54
3.864
0.844
3.34
6.088
1.58
0.108
0.372
0.316
1.664
2.336
3.076
3.736
1.5
0.356
0.148
0.564
0.664
5.552
2.524
4.564
0.58
6.424
1.796
1.388
0.456
2.464
1.712
1.944
3.14
0.388
1.436
2.324
1.06
0.98
0.808
1.636
2.856
0.976
1.192
4.08
1.504
0.58
0.652
0.908
0.94
2.6
2.368
4.596
1.912
7.508
0.316
1.724
1.676
5.148
3.348
6.928
1.328
2.912
0.492
0.14
0.308
1.744
7.408
2.956
3.964
3.624
3.496
1.748
0.252
0.072
5.128
2.128
1.288
3.916
2.456
0.904
0.188
3.864
2.712
5.084
3.376
0.1
2.192
7.3
6.044
4.552
0.54
1.66
0.236
1.716
0.468
2.212
1.328
0.244
5.136
2.048
7.4
3.904
1.008
1.568
0.82
4.476
5.376
0.288
0.636
0.504
0.456
2.068
3.844
1.372
1.712
2.864
0.516
3.476
7.308
0.964
0.824
2.544
2.592
1.58
0.26
7.176
1.196
1.42
1.152
0.056
6.476
0.184
0.088
1.852
0.956
0.88
5.468
2.976
0.928
1.832
2.536
1.54
5.012
4.308
7.424
0.74
1.7
3.924
2.26
4.164
2.024
3.652
1.656
0.804
4.36
1.68
4.004
2.172
0.488
1.356
1.22
0.62
0.2
3.24
5.492
3.432
3.604
2.104
2.228
7.708
5.292
0.236
0.304
1.2
4.312
0.192
3.716
0.58
1.1
0.22
7.68
4.436
1.084
3.488
3.964
2.372
1.552
0.592
5.44
3.84
0.132
2.38
1.024
1.344
3.768
0.752
9.724
2.216
1.196
2.468
3.172
1.136
1.42
3.304
5.792
1.688
1.676
1.676
3.564
3.168
0.636
1.428
4.004
3.92
2.944
5.508
0.456
0.232
0.508
0.732
0.112
4.124
1.0
1.18
0.476
6.148
5.936
0.076
5.276
1.64
4.04
1.14
1.916
4.192
1.036
2.812
2.16
1.424
2.896
1.424
0.944
0.376
1.672
1.328
0.812
1.044
2.048
7.684
1.952
6.216
1.948
0.156
0.86
1.88
2.596
2.604
1.688
1.028
2.004
9.332
1.108
1.232
1.724
0.324
0.644
2.648
1.176
3.72
1.54
0.608
0.184
4.42
0.928
2.46
1.096
0.9
3.484
2.464
0.084
2.424
1.592
0.412
10.604
0.904
0.652
0.524
6.016
2.944
0.436
0.26
1.944
4.092
0.092
0.48
0.948
1.504
8.592
4.304
1.468
3.968
5.888
0.796
0.108
0.088
4.188
0.552
3.076
4.564
2.352
0.092
5.736
0.176
1.24
4.496
1.02
0.424
0.816
5.372
6.076
2.608
6.864
0.236
1.72
5.36
3.32
0.456
5.288
0.516
1.364
0.468
0.104
1.972
4.724
2.96
0.108
6.472
1.668
2.392
1.288
0.224
0.532
1.236
0.344
0.644
0.1
0.484
0.428
0.428
0.852
0.408
10.212
5.896
1.132
0.36
1.7
2.516
1.532
1.964
1.936
3.028
0.156
3.416
0.816
1.292
1.14
5.452
1.844
2.836
0.412
0.808
1.168
0.272
0.952
6.08
1.164
5.508
0.36
3.436
0.544
1.48
3.864
2.244
6.156
0.7
1.476
4.076
0.864
1.396
2.612
2.232
0.856
0.708
8.688
4.136
0.588
0.752
2.524
1.208
2.284
0.9
0.872
0.248
0.612
0.328
0.948
0.54
0.708
0.54
1.488
1.684
2.26
1.144
4.824
4.384
0.128
2.276
3.104
1.672
3.456
0.808
4.676
3.2
0.088
0.76
5.304
3.852
0.78
2.312
3.012
5.5
1.316
4.548
2.896
2.016
0.408
3.352
1.1
0.72
0.472
1.64
5.124
4.432
1.808
6.204
1.624
0.8
0.228
0.272
2.32
1.112
0.364
0.052
3.416
0.52
7.888
3.068
0.644
0.204
2.108
0.144
0.616
1.192
5.368
0.644
0.292
0.16
0.14
0.152
0.22
1.364
4.152
1.788
0.892
1.356
1.6
0.612
1.376
0.86
0.768
0.42
0.312
0.22
2.064
3.0
0.328
1.744
5.592
0.248
9.616
7.66
6.936
2.496
0.284
2.864
2.516
3.06
8.384
0.272
0.34
0.688
2.796
3.452
1.164
1.116
4.396
3.724
4.94
7.412
5.352
1.936
0.908
3.748
0.236
1.368
0.568
0.14
1.496
1.044
8.712
3.368
5.108
0.932
0.22
1.04
0.48
1.472
1.232
6.216
1.74
2.732
1.588
0.736
0.284
9.968
2.456
0.664
0.556
1.152
3.556
0.136
0.264
3.608
3.532
1.796
0.988
1.244
1.584
2.08
1.16
4.704
2.892
2.692
3.152
0.692
1.756
0.836
5.444
0.132
0.896
0.38
2.06
3.432
0.232
0.952
0.208
1.608
3.228
2.044
1.344
2.744
2.072
0.94
6.068
5.46
0.1
1.396
1.972
1.324
0.624
1.176
5.856
0.42
3.996
6.16
0.508
0.308
5.168
0.84
2.452
1.94
0.98
1.368
3.276
1.232
2.536
1.596
3.736
6.396
0.556
1.612
1.072
2.44
1.016
4.556
1.684
0.212
3.716
0.892
2.036
0.96
5.276
1.456
0.18
1.16
4.536
2.28
3.636
3.744
2.08
4.104
1.34
0.08
0.22
0.344
8.948
1.036
2.248
0.388
3.084
1.392
0.856
4.068
7.044
6.656
2.36
0.596
1.932
3.18
1.34
1.608
0.476
2.344
0.808
0.332
1.124
0.384
2.468
1.38
1.112
1.324
4.608
5.036
2.468
1.788
2.796
2.728
0.788
0.404
1.004
0.904
1.964
1.076
1.844
2.28
3.0
1.064
1.576
0.16
0.38
3.324
3.392
0.768
0.528
10.028
0.48
2.712
10.424
0.18
2.532
0.328
0.548
0.204
0.54
0.488
7.572
4.448
0.884
0.372
6.592
1.312
0.636
0.66
0.584
2.632
2.164
2.252
3.94
3.188
5.072
0.1
0.156
5.504
0.952
2.356
2.144
2.008
2.828
3.804
1.536
5.892
1.216
1.036
3.524
1.4
4.2
0.904
1.364
2.096
0.348
1.4
1.22
1.048
5.876
1.452
4.432
2.936
2.132
0.992
1.652
1.196
1.288
1.368
0.888
0.332
0.18
0.148
0.496
7.6
0.728
4.612
5.672
4.164
2.776
1.224
2.276
2.64
2.676
0.36
3.912
0.904
0.072
0.172
3.112
0.872
3.68
0.964
0.64
2.924
0.44
0.768
1.3
4.748
2.848
0.288
0.88
1.44
1.492
0.108
5.28
4.144
0.444
0.316
1.432
1.66
7.532
0.816
0.28
2.928
1.868
1.196
4.148
0.544
3.112
2.38
3.896
0.064
1.272
7.036
0.652
0.512
3.108
1.128
2.98
6.484
0.596
0.492
7.9
1.032
0.976
1.716
2.692
0.652
3.288
0.252
2.136
0.488
6.128
0.348
1.116
6.032
1.136
6.416
0.712
0.272
3.576
0.164
0.92
1.168
2.808
2.668
2.772
3.016
4.292
4.592
5.072
3.304
1.408
2.068
0.132
1.312
7.844
2.44
0.912
4.224
0.312
2.584
6.456
0.028
0.648
0.612
0.776
3.608
1.516
0.828
2.704
1.728
0.184
0.152
4.436
2.22
1.984
0.408
1.232
3.56
0.564
3.348
1.4
0.304
0.708
1.984
0.768
3.364
4.592
0.056
0.316
0.144
2.44
2.108
0.744
3.94
4.308
1.908
1.564
2.824
0.176
0.136
3.124
1.988
1.468
0.56
0.572
3.136
2.056
8.36
3.696
0.696
0.468
0.924
2.28
0.856
2.48
0.488
0.104
3.22
0.4
3.628
0.24
1.056
1.576
2.316
0.664
0.988
1.636
0.924
0.408
1.952
2.288
1.412
3.324
0.32
10.58
0.28
3.496
2.844
0.256
2.716
0.776
0.344
3.312
2.088
0.748
2.484
4.876
0.3
4.72
1.612
0.128
4.728
2.288
2.16
0.584
2.94
0.356
0.896
0.496
2.872
2.832
2.34
0.944
4.088
0.516
3.032
2.916
3.604
4.28
1.016
0.952
4.18
1.804
1.288
2.536
2.904
6.004
3.34
1.696
0.968
3.816
9.0
4.972
3.744
0.596
8.704
3.952
1.644
4.428
1.396
5.48
0.064
0.336
5.58
0.528
0.536
2.636
2.092
2.284
0.68
0.644
0.356
3.04
0.36
0.352
0.26
2.764
0.388
0.488
2.828
2.0
1.148
1.716
0.32
1.568
0.36
4.44
4.648
1.412
2.56
1.004
2.068
1.004
2.36
1.864
0.392
0.428
1.416
3.62
0.612
0.232
0.668
0.2
3.86
0.368
0.22
0.572
0.212
1.128
9.096
4.172
0.344
4.116
1.3
4.896
2.468
2.256
1.644
1.856
0.576
1.492
0.324
1.552
2.756
0.524
2.456
0.724
0.652
0.504
0.824
0.9
7.584
2.98
1.24
4.084
3.196
1.008
0.996
4.356
3.512
3.192
0.996
0.16
1.252
5.2
1.384
2.072
2.188
3.276
3.808
1.572
1.44
0.492
1.568
6.096
2.652
2.472
0.972
6.104
0.716
0.116
4.716
2.652
0.208
2.548
0.292
1.872
4.792
0.056
4.308
2.148
2.98
4.432
5.728
1.056
3.72
3.072
2.92
0.224
0.34
0.372
1.688
4.604
3.388
2.532
7.036
8.232
0.34
0.592
0.216
6.388
0.64
0.604
4.172
0.84
0.644
0.068
0.968
2.164
1.184
6.088
7.4
0.476
0.46
0.52
2.544
0.484
0.936
1.968
0.584
2.404
0.556
2.412
0.204
1.092
4.956
0.884
2.996
1.1
1.888
0.144
1.192
0.324
1.764
1.4
0.336
0.204
0.968
10.0
1.404
0.088
3.104
2.62
3.256
1.44
9.952
3.112
4.86
1.044
3.784
1.148
0.364
0.288
1.296
0.196
1.628
0.524
0.228
0.068
3.568
1.204
0.944
2.204
5.464
0.556
0.424
0.612
0.24
4.0
1.48
1.636
1.036
5.036
0.688
2.916
4.616
0.728
3.56
0.616
1.604
0.26
0.12
1.092
5.18
7.176
5.16
0.892
3.292
0.604
0.548
2.784
0.208
1.196
10.72
2.756
0.908
0.072
2.424
1.2
2.588
2.308
2.504
1.548
1.46
2.432
0.596
1.788
7.36
3.024
0.508
0.728
1.688
1.32
4.724
2.772
3.74
1.012
1.688
2.004
2.596
0.78
1.7
1.036
0.18
0.764
1.212
0.556
0.82
1.468
3.844
5.164
0.692
1.376
8.36
1.276
0.572
2.692
1.784
0.072
0.604
8.28
1.916
0.104
0.752
7.796
0.196
0.096
0.232
0.576
2.308
0.12
1.216
2.212
5.144
0.308
3.46
1.12
0.536
0.1
5.82
2.892
5.604
8.916
2.368
0.868
0.312
1.968
1.832
3.276
1.54
0.58
1.38
0.052
2.192
2.724
0.384
0.336
5.512
1.164
0.84
0.684
0.972
0.992
5.812
6.376
0.744
0.612
5.084
1.628
2.628
10.952
2.484
3.284
0.496
0.188
1.196
0.892
3.704
2.252
1.988
1.424
0.34
4.2
0.576
4.532
0.064
0.668
4.048
2.164
2.332
6.88
2.092
1.248
0.828
2.236
0.776
0.336
5.244
1.212
0.692
0.128
0.76
1.436
2.88
5.208
0.396
1.676
0.152
9.184
1.532
0.62
1.932
0.124
0.912
0.3
2.272
3.108
0.664
0.8
1.316
0.068
2.624
1.084
0.604
5.308
6.86
1.556
0.284
2.068
2.296
1.756
4.916
8.176
0.412
3.2
7.528
1.18
3.576
1.028
4.016
2.524
0.256
0.688
3.144
1.06
1.792
9.316
5.58
1.448
2.18
1.464
7.56
2.716
2.424
0.396
0.632
1.22
8.888
1.412
1.508
6.04
0.948
5.284
1.22
6.644
0.444
3.16
1.732
1.004
0.14
1.116
0.208
4.48
0.324
0.228
6.276
3.504
2.24
0.804
0.212
2.916
2.784
4.44
0.62
1.692
0.048
4.552
6.952
0.14
2.192
0.736
0.604
1.212
1.196
1.68
3.488
1.32
0.736
0.924
5.584
3.828
2.504
0.96
2.048
3.02
3.648
1.072
4.024
0.912
3.148
1.832
0.568
0.252
6.376
1.172
0.788
0.592
1.528
3.388
1.296
1.172
0.796
0.8
10.112
0.696
3.964
3.064
0.656
1.596
2.156
0.132
0.992
5.628
0.804
2.136
0.504
0.324
3.056
1.716
2.108
6.036
3.86
3.256
2.528
6.656
1.132
0.244
7.104
0.216
1.304
1.572
5.92
0.648
1.692
2.316
2.248
1.024
1.644
4.192
0.148
1.108
0.912
1.876
2.352
0.868
2.112
0.592
1.344
1.712
0.192
3.576
1.204
0.292
4.04
3.0
3.148
0.332
0.84
8.612
0.076
0.368
3.044
1.42
1.292
2.652
1.62
3.312
2.152
1.268
0.776
0.324
1.888
0.3
0.584
0.616
1.184
1.116
1.928
1.476
1.592
0.664
1.768
1.26
1.188
1.216
2.78
0.704
0.832
0.528
8.88
6.308
3.54
1.168
1.072
1.16
0.444
0.908
0.44
8.788
1.084
1.26
1.744
6.24
0.816
9.72
3.124
3.324
3.12
1.06
3.06
0.176
0.232
3.056
1.04
5.452
2.172
0.288
4.48
2.768
0.296
0.356
7.9
3.768
4.12
7.32
4.152
2.928
4.172
0.224
5.628
1.6
1.908
2.624
0.42
2.92
0.492
1.792
1.808
0.26
1.332
0.412
2.264
0.104
1.232
0.548
2.028
0.856
1.12
1.664
0.548
2.012
1.852
0.324
0.592
2.752
2.164
2.984
2.096
0.196
6.252
3.124
2.792
0.272
3.728
8.872
0.244
0.74
2.592
3.916
2.876
1.684
0.208
0.468
0.736
3.012
3.112
0.18
1.216
1.976
3.028
0.864
5.116
5.068
3.704
0.132
0.14
0.196
1.384
8.1
1.832
5.0
1.056
0.832
0.492
0.576
0.684
0.664
0.436
1.38
1.808
0.16
0.524
6.692
0.88
0.08
0.48
0.34
0.184
1.12
1.392
1.2
1.496
1.988
0.116
1.332
2.232
0.484
0.496
0.824
4.236
3.744
0.748
1.312
1.424
3.14
0.772
6.088
2.256
0.628
1.56
1.88
4.524
5.212
4.176
0.348
3.308
0.4
5.28
0.328
2.284
3.144
6.212
10.768
0.92
0.396
0.456
0.44
6.16
0.572
4.088
2.112
5.724
0.368
0.444
1.344
2.552
0.612
0.212
0.748
2.128
0.616
0.376
3.244
3.372
1.1
5.848
3.948
0.936
3.536
0.492
0.932
3.648
3.804
0.384
1.788
1.992
2.08
1.076
0.384
3.788
3.628
4.888
0.952
3.416
0.584
1.624
0.868
10.572
0.872
1.076
0.484
0.124
5.048
1.48
3.412
3.036
2.688
0.916
1.58
9.352
0.948
2.94
0.812
1.452
1.82
1.264
0.164
3.084
2.652
10.432
1.088
0.52
4.704
0.684
1.332
1.152
0.212
0.176
4.104
2.524
2.1
0.516
5.252
0.196
0.604
0.784
3.628
0.516
8.856
0.996
0.872
4.172
5.064
0.124
3.036
2.044
1.388
0.716
2.216
1.672
5.052
0.988
0.46
1.12
8.052
2.156
0.536
2.988
2.268
0.572
3.476
1.984
0.668
1.568
2.096
1.336
0.22
3.756
0.276
0.716
1.084
0.264
1.736
1.188
1.168
1.564
1.636
7.528
0.644
2.36
2.84
3.704
0.184
0.224
0.308
2.068
0.28
1.44
2.232
5.644
0.64
4.556
1.16
1.256
3.2
2.544
3.776
2.492
1.3
3.748
0.616
1.872
1.548
0.484
0.804
2.484
0.272
2.44
0.864
10.012
1.552
5.72
0.332
1.752
4.564
3.588
1.392
0.732
7.54
5.336
2.064
2.288
4.688
3.404
2.648
1.924
0.3
2.096
1.188
5.26
2.636
2.164
9.904
0.844
0.528
1.344
1.024
5.7
2.152
0.472
4.328
1.396
0.936
3.784
1.112
0.32
1.728
0.628
0.088
0.592
0.212
3.524
1.204
0.684
2.88
1.096
0.764
2.656
5.144
1.68
2.02
9.364
3.82
0.256
2.704
4.528
4.272
2.032
7.888
3.024
4.384
1.944
1.728
2.864
1.372
0.148
1.084
0.54
2.236
0.068
1.808
6.836
1.032
5.424
4.412
0.18
1.024
0.156
2.456
2.448
4.008
0.244
4.592
1.68
4.004
0.848
0.388
1.096
0.784
1.644
1.592
1.148
3.576
1.08
1.408
0.16
1.084
1.684
1.38
0.996
1.492
1.772
3.192
2.88
1.98
0.676
0.636
2.308
0.98
1.688
1.736
3.592
2.24
0.8
0.42
0.74
1.476
0.58
0.992
1.016
0.372
2.576
1.632
0.336
0.488
8.044
6.92
0.156
2.28
3.328
3.076
0.192
3.66
0.612
0.692
0.248
0.784
1.676
5.528
1.364
2.184
3.492
1.96
1.504
0.924
7.78
1.372
1.048
3.1
4.468
2.012
2.092
1.528
1.428
0.42
4.004
1.536
1.336
1.052
0.66
4.344
5.44
1.152
1.192
3.696
2.268
0.148
1.036
9.036
0.376
6.18
7.584
3.24
0.496
0.636
1.84
2.112
3.5
3.356
4.26
0.984
0.544
3.4
1.724
1.136
3.12
2.576
9.544
2.884
1.468
0.5
6.512
1.072
7.756
0.5
1.78
9.324
3.384
1.892
2.052
0.784
0.7
1.312
5.108
1.024
0.572
3.772
0.236
2.432
0.588
0.224
1.348
0.38
5.052
1.004
6.384
0.588
0.748
0.384
1.032
1.02
0.592
1.248
1.096
0.896
0.528
4.76
1.236
0.376
3.876
1.608
2.748
1.34
0.54
0.82
1.856
1.832
3.084
2.064
1.548
1.492
1.916
1.06
2.368
0.492
2.308
0.432
0.76
3.036
0.416
5.56
1.432
3.388
3.16
0.748
1.38
0.612
1.392
3.436
0.196
2.616
1.552
0.3
0.284
1.056
10.168
0.788
0.9
2.52
3.608
4.252
1.096
0.508
3.932
4.148
3.18
1.608
2.196
0.816
0.548
5.904
6.784
2.88
0.756
3.12
1.916
0.38
2.38
1.968
3.22
2.248
4.428
2.864
1.328
1.12
0.344
0.164
4.176
1.896
3.824
1.236
0.912
1.632
1.288
3.412
0.892
4.316
5.04
0.984
0.972
1.188
4.732
2.424
0.488
0.92
2.168
1.812
0.624
3.864
0.74
0.488
0.568
5.236
0.552
2.224
0.184
2.444
0.12
1.212
0.588
0.688
2.232
0.32
3.384
2.416
1.372
2.508
1.008
0.368
0.084
1.004
0.052
3.188
0.752
0.952
0.8
1.2
5.26
0.168
0.628
4.308
4.052
10.28
2.764
3.828
3.292
1.248
1.924
0.58
2.984
0.708
3.684
4.832
1.012
1.64
5.544
1.596
0.152
0.544
0.312
2.264
1.368
2.476
10.36
2.304
0.328
3.82
2.848
3.884
0.98
1.652
0.14
1.016
0.256
3.444
1.172
0.12
2.564
0.548
3.868
1.928
1.536
1.904
0.444
1.896
1.328
3.96
0.552
0.724
3.14
4.892
2.072
0.672
0.408
2.628
0.916
4.892
2.704
9.956
0.636
1.36
0.124
0.412
3.696
0.868
3.132
3.028
0.388
0.232
1.516
2.356
3.888
1.88
4.312
0.892
1.932
4.844
2.864
1.192
0.74
1.076
9.256
4.98
0.64
1.276
1.228
1.576
0.828
2.24
1.356
3.352
3.828
0.748
1.652
2.748
0.328
0.668
5.868
4.092
0.748
0.212
6.556
1.024
0.608
3.44
0.16
0.984
0.1
0.136
8.248
1.38
4.536
3.552
0.112
2.404
0.048
1.604
2.88
1.16
0.132
2.176
8.056
1.92
0.856
0.528
3.184
0.304
0.368
4.9
6.692
4.152
2.464
0.72
0.184
2.504
0.648
0.456
0.244
3.564
1.512
1.748
1.124
0.58
0.996
0.376
0.424
6.016
0.32
0.744
5.152
1.356
0.08
1.276
0.812
2.148
0.44
6.544
1.276
0.22
0.844
3.296
3.384
0.532
6.984
0.196
1.104
1.076
7.544
4.928
1.788
0.724
0.84
1.156
0.408
5.552
1.976
0.08
0.74
0.464
2.572
8.52
0.188
0.78
0.728
4.672
0.468
0.38
2.452
0.308
0.112
9.384
0.244
0.348
1.8
1.528
1.708
1.96
4.792
6.876
0.14
2.132
8.78
5.324
4.556
0.864
1.056
3.452
0.996
10.116
2.92
0.324
3.02
0.104
0.988
3.116
9.82
2.956
1.86
0.56
2.784
1.144
0.992
1.884
1.772
0.18
1.08
0.772
0.612
0.776
1.528
1.0
4.396
2.04
1.372
6.688
1.42
0.432
0.668
0.16
2.532
6.944
3.728
1.0
0.544
5.488
1.72
1.516
3.224
2.508
3.52
0.516
1.144
0.728
0.632
0.66
0.592
0.424
0.688
0.612
1.82
4.292
1.168
0.288
0.912
2.36
0.6
3.36
1.404
2.032
4.928
0.436
0.284
6.936
1.508
2.556
0.64
0.528
2.136
2.584
7.68
0.8
2.604
1.46
2.304
0.216
0.236
1.872
0.744
8.556
1.2
0.66
0.72
1.356
3.5
0.468
2.02
1.3
2.76
0.76
0.384
1.38
4.028
0.808
0.736
1.876
5.112
5.684
7.196
6.008
0.06
0.732
1.628
3.564
2.82
5.4
1.688
1.06
0.892
1.184
2.476
4.02
2.808
7.592
7.188
2.28
0.62
0.62
0.496
0.396
0.184
7.792
1.576
0.624
0.124
0.352
1.288
3.008
2.164
3.252
5.068
0.736
0.724
4.588
0.412
0.748
3.132
3.192
3.06
1.164
0.208
0.336
1.916
0.228
0.12
1.844
5.04
0.512
2.24
7.752
0.256
0.108
1.244
9.752
0.348
3.536
5.544
7.948
0.316
0.248
3.776
3.092
0.072
1.684
0.248
2.14
0.94
1.68
1.44
0.904
3.892
0.296
2.804
0.264
5.04
1.464
0.088
3.672
1.736
0.132
0.216
0.208
5.744
1.876
5.88
1.968
1.008
1.228
0.204
10.752
2.132
1.36
0.58
1.748
0.324
5.416
9.236
0.652
2.336
10.516
9.044
0.312
2.972
3.548
3.012
1.612
0.252
2.024
4.976
3.636
1.744
0.244
4.344
0.46
1.048
1.264
2.148
1.212
1.132
0.96
0.668
1.228
2.004
0.412
0.704
0.7
1.332
2.352
1.428
0.68
6.244
0.3
10.012
2.768
2.312
0.62
2.132
0.576
2.408
3.708
1.952
0.464
2.032
1.32
2.192
1.456
0.144
0.3
0.356
2.504
0.4
3.28
2.344
7.652
0.232
3.648
1.428
2.412
3.112
0.896
4.044
0.356
3.02
0.828
0.296
2.724
1.384
0.912
6.3
2.968
1.42
1.152
0.472
1.236
2.308
0.812
0.756
0.212
6.5
0.08
3.564
0.308
0.672
0.852
9.604
1.532
2.076
4.032
8.38
0.4
0.568
2.064
2.704
2.068
0.116
1.168
0.128
3.988
1.276
1.992
0.956
3.304
10.648
1.78
2.356
2.068
0.448
0.468
0.172
0.548
0.912
8.172
0.44
1.448
4.668
0.432
1.416
1.088
0.884
0.148
3.532
0.452
1.584
0.724
1.16
3.16
2.032
0.636
1.068
3.4
2.516
0.736
1.24
2.72
0.548
4.916
0.124
1.836
0.8
0.212
0.948
1.84
2.524
0.96
0.56
5.248
0.68
1.128
0.14
0.116
2.312
8.86
2.048
0.424
1.976
3.808
2.18
0.292
0.304
6.896
1.42
0.076
1.652
0.104
1.22
3.664
4.216
2.896
1.18
3.2
0.828
1.128
0.152
0.32
0.084
2.616
0.256
3.08
1.576
5.46
1.128
2.388
2.032
2.532
3.596
6.52
0.26
0.952
2.204
5.284
8.024
3.284
9.244
1.58
0.448
0.396
1.748
0.104
1.412
2.232
0.792
4.724
2.3
9.028
3.068
0.8
4.256
2.456
9.7
2.896
1.108
0.104
0.996
0.484
9.592
3.56
0.368
0.872
0.316
3.892
0.528
1.644
0.24
0.956
0.98
1.332
0.356
1.868
3.02
2.216
4.864
1.02
0.216
3.696
2.548
3.752
0.488
5.14
1.668
0.94
2.592
0.812
0.34
9.368
4.5
0.932
4.736
5.212
0.816
5.32
1.26
7.636
0.756
3.128
0.492
2.58
0.556
0.212
5.7
1.86
2.816
2.484
2.592
10.772
1.328
0.624
0.988
1.216
0.576
0.936
7.328
0.864
0.68
4.688
5.804
2.144
10.892
8.756
0.996
0.884
1.132
9.32
0.164
0.328
0.428
2.14
2.94
0.996
1.096
0.816
3.276
5.284
2.672
5.528
0.472
1.576
1.436
1.244
1.428
1.592
1.028
0.056
0.272
2.472
3.856
1.636
5.952
3.104
3.276
0.628
4.78
2.512
0.504
2.62
0.244
1.3
1.324
0.344
1.816
1.344
0.364
0.876
0.664
0.724
1.444
5.772
1.664
4.212
0.852
0.712
1.616
0.256
1.336
2.452
0.8
0.58
0.692
2.82
1.448
4.76
2.092
9.468
8.14
2.056
3.024
4.356
0.76
9.652
2.056
9.844
1.592
5.672
1.74
0.508
2.788
10.432
2.244
4.5
2.348
1.316
1.808
1.16
1.088
2.784
4.024
2.048
4.152
1.564
4.988
0.472
3.888
0.772
0.432
1.1
2.644
0.348
0.212
6.916
1.776
0.596
2.172
4.52
4.208
9.272
0.568
1.508
5.176
1.66
0.392
0.28
0.428
5.2
0.356
4.104
0.068
0.128
2.876
0.96
0.524
0.376
7.22
2.416
0.216
0.54
1.06
1.888
0.744
1.352
3.28
0.992
2.58
0.572
1.556
1.868
3.568
2.728
3.844
5.14
1.444
0.268
0.864
3.832
7.756
0.5
0.968
2.376
1.176
1.708
2.116
0.316
4.112
0.208
5.136
4.408
0.84
0.244
0.096
2.732
4.412
0.236
2.508
3.016
7.568
0.724
1.612
2.504
0.56
1.632
8.5
0.476
7.588
6.652
5.752
1.596
2.952
1.544
0.2
5.616
9.072
1.3
0.664
3.988
0.552
0.164
1.436
2.488
0.884
0.228
1.172
0.2
0.264
0.564
6.732
1.796
0.64
2.4
0.072
1.56
2.056
0.448
2.676
1.92
0.332
3.74
4.332
0.264
1.408
2.624
0.944
5.332
2.496
5.92
0.584
1.336
3.56
1.44
0.34
2.232
1.08
3.984
2.756
0.396
0.608
0.6
0.196
0.588
0.532
0.424
0.612
2.852
0.76
4.452
2.296
0.548
0.688
1.488
3.688
3.572
4.6
0.408
3.148
1.588
2.564
3.244
1.56
3.596
0.452
7.684
3.088
5.884
2.652
4.456
3.484
8.244
1.112
3.296
1.916
6.296
3.924
4.432
4.932
4.528
2.788
0.944
3.5
0.54
1.5
1.556
0.72
2.512
0.296
4.116
0.844
0.296
2.108
0.38
3.504
0.356
0.968
1.076
1.656
1.5
3.62
4.348
7.42
0.74
3.736
1.984
0.1
0.856
1.472
1.348
1.188
0.296
3.18
1.476
3.628
3.276
0.48
0.072
0.132
8.828
0.816
3.852
1.68
2.024
0.828
4.632
2.184
1.184
3.676
0.104
1.784
1.528
0.904
1.54
4.776
0.768
3.14
0.644
1.696
0.52
2.864
0.36
0.704
1.152
0.808
0.648
0.836
1.608
9.384
8.516
2.444
6.56
0.348
0.588
6.808
0.572
0.28
1.016
1.216
2.86
1.236
2.852
0.896
3.256
0.38
3.672
1.348
1.416
1.516
1.112
1.052
1.024
5.644
0.78
7.152
1.252
5.232
4.616
5.064
0.084
3.772
0.736
7.664
1.144
0.296
0.992
8.344
4.424
0.712
2.388
1.396
0.808
0.94
0.072
1.956
3.432
2.192
3.012
1.036
2.472
0.148
1.728
0.188
5.32
1.316
4.664
1.368
1.828
0.192
3.896
0.132
3.036
0.936
4.58
3.696
0.692
1.244
0.616
3.112
10.972
0.388
0.548
0.972
3.476
2.388
0.768
2.276
3.496
1.776
5.416
1.132
0.472
2.772
4.048
2.144
1.536
1.376
0.932
2.936
6.252
2.98
1.72
1.364
0.912
0.336
5.592
2.32
3.288
5.94
0.596
1.588
5.556
2.432
0.344
0.18
4.004
1.344
0.852
0.728
0.188
1.404
0.072
0.172
3.1
1.492
7.824
1.496
2.836
0.46
0.06
4.012
1.196
0.412
0.444
0.076
1.692
3.356
5.244
0.82
5.296
8.52
4.724
0.868
1.512
2.212
1.148
6.132
0.2
0.416
1.924
0.964
0.512
0.624
0.792
1.992
1.676
8.116
7.492
2.476
1.776
2.08
0.764
0.644
0.432
4.904
0.248
0.392
5.772
0.724
3.504
1.428
4.14
2.476
2.684
4.444
5.496
2.4
1.044
1.6
1.512
2.66
0.924
2.28
1.616
0.396
0.996
0.852
3.708
1.008
0.592
4.892
4.448
0.236
3.376
4.536
0.612
2.056
6.016
2.88
1.72
1.228
0.748
1.456
0.78
0.476
2.06
2.892
4.568
0.644
0.192
1.024
1.588
6.388
1.356
2.98
0.432
3.548
0.26
1.852
0.9
0.388
0.788
1.292
2.828
0.128
2.532
0.592
1.34
1.152
0.576
0.76
4.452
7.604
3.788
4.448
0.916
3.104
0.428
0.44
2.632
0.304
6.596
1.056
1.076
0.936
2.66
3.08
0.196
6.58
2.624
7.544
2.164
0.944
0.724
0.424
1.328
0.46
2.248
1.652
2.452
8.924
5.364
3.172
2.004
0.164
0.384
8.552
1.536
3.596
0.656
3.98
1.808
1.664
3.78
1.008
1.304
0.984
0.16
2.552
1.716
1.064
3.484
6.032
0.968
1.368
4.036
0.456
0.544
1.012
1.06
0.296
8.556
5.008
0.968
0.092
1.32
1.408
1.536
6.448
2.648
0.452
6.292
6.12
2.0
6.176
8.284
6.464
5.028
0.26
0.992
0.82
6.168
0.58
4.16
4.6
7.696
1.844
4.708
6.864
3.288
0.368
3.172
0.112
1.58
2.456
0.716
5.508
2.36
1.944
1.24
0.756
2.856
2.86
0.508
1.792
0.536
0.324
0.288
2.304
0.144
1.312
0.632
0.296
0.42
2.252
0.224
0.276
0.836
0.084
1.112
2.412
1.84
0.996
0.164
0.776
0.528
0.644
2.28
0.552
1.672
0.948
0.724
2.008
1.492
9.532
1.792
1.996
4.032
0.112
2.0
1.484
0.628
0.932
1.364
2.836
0.276
3.768
0.192
3.784
2.376
1.608
0.156
1.86
0.604
0.62
2.376
0.136
0.204
7.928
1.908
0.22
0.304
0.368
3.852
0.108
1.816
4.448
0.776
1.1
1.368
1.04
1.976
10.336
2.632
2.756
0.668
4.068
2.768
1.512
1.668
4.892
0.372
3.28
1.304
2.576
1.18
7.828
3.276
0.456
1.384
3.704
2.46
1.724
0.116
0.456
1.464
0.568
0.372
0.836
2.992
1.308
1.44
0.164
1.432
1.196
0.976
1.26
0.136
0.708
4.708
6.632
0.068
0.912
2.812
6.3
1.904
6.588
0.824
3.712
1.596
0.3
4.708
0.14
2.16
1.176
9.104
1.996
0.16
0.656
2.488
1.012
1.136
0.416
1.308
2.512
0.276
0.624
1.192
0.804
0.692
1.664
0.404
0.472
1.756
0.516
2.724
2.484
2.804
1.932
1.436
5.732
0.148
6.596
1.5
0.256
2.36
0.84
3.272
1.932
0.668
1.34
0.24
0.268
0.296
1.072
1.632
0.12
0.832
0.244
2.24
1.84
5.844
0.372
0.252
0.196
4.952
0.476
7.808
2.096
0.532
1.048
8.396
2.66
0.072
1.2
1.832
6.028
2.52
5.2
0.54
0.472
1.392
0.86
0.792
0.788
0.444
0.128
6.024
1.824
1.26
9.148
0.128
1.864
0.636
0.58
5.384
2.6
0.672
5.084
2.704
0.536
2.724
4.172
0.316
1.0
0.408
2.784
6.976
7.6
6.716
0.16
0.28
3.852
2.524
1.688
1.516
2.192
1.5
2.356
1.104
0.444
4.436
1.012
3.204
1.632
0.424
0.756
2.572
0.68
1.008
0.164
5.572
1.416
3.744
3.248
2.096
4.38
0.068
0.204
0.328
3.824
6.232
3.836
4.96
0.596
2.652
1.856
3.952
1.076
0.208
0.384
4.096
2.16
2.412
0.732
1.596
2.312
3.64
2.46
0.064
1.948
6.236
1.592
1.388
0.488
1.0
2.62
3.02
1.968
2.288
0.348
0.632
1.872
1.372
2.604
8.164
1.992
0.748
0.452
0.324
0.244
2.436
1.86
1.928
4.192
7.7
0.524
2.756
0.252
7.704
1.964
2.252
1.952
1.196
0.3
5.588
0.784
3.052
4.372
0.324
0.976
2.92
4.628
0.22
1.68
0.884
2.292
3.812
1.564
2.408
1.416
4.144
0.076
3.0
5.96
4.804
4.036
0.128
2.52
1.068
1.912
2.264
0.908
1.464
1.936
2.84
0.076
0.676
0.78
2.324
2.08
0.652
1.16
2.632
2.104
1.684
0.124
5.372
0.192
3.352
0.064
1.4
0.68
0.644
1.872
1.984
1.12
0.708
0.332
1.22
0.332
1.492
6.604
8.376
2.7
1.476
1.004
1.156
1.676
1.1
0.276
5.42
0.216
4.516
0.688
1.66
1.904
0.364
2.856
0.228
0.68
0.536
0.4
3.016
3.66
2.136
1.42
2.592
5.444
0.2
6.088
3.52
0.196
0.268
1.024
6.488
9.992
3.172
2.9
0.348
1.092
1.764
3.932
5.056
1.156
1.704
0.912
1.152
0.632
1.424
0.836
0.696
0.744
4.676
7.904
0.204
0.656
2.244
3.212
5.324
1.864
0.668
5.484
3.756
1.484
2.96
1.82
0.664
4.504
1.672
0.208
3.92
1.564
3.3
1.004
1.62
0.588
6.908
1.58
0.152
0.436
1.504
6.292
6.592
2.212
3.732
0.312
0.748
2.924
4.228
5.368
3.456
1.568
1.388
1.996
0.32
5.676
0.376
1.284
0.096
1.492
6.608
3.52
0.784
3.22
1.608
0.112
0.32
0.38
2.008
4.596
1.116
0.268
9.748
1.88
3.768
2.0
2.82
3.588
0.056
0.524
1.008
0.332
0.368
1.64
6.664
0.256
0.256
9.864
1.316
2.112
3.432
2.064
0.4
5.268
1.98
3.564
0.928
2.524
1.304
0.748
0.24
0.804
2.468
3.788
1.38
1.564
7.716
1.612
4.316
4.668
0.968
1.392
1.324
2.136
9.44
1.512
9.068
1.436
0.436
2.984
0.952
2.392
0.72
1.98
5.672
0.944
2.892
2.628
0.224
0.392
0.116
9.104
3.148
0.228
1.956
4.492
3.128
1.372
1.596
0.48
0.98
6.216
1.364
2.44
0.932
5.908
3.644
0.576
2.772
2.668
1.404
0.408
2.452
2.9
0.692
0.516
5.244
2.224
0.368
0.084
0.492
1.54
0.804
0.388
4.868
2.124
9.724
1.46
2.612
1.4
2.16
0.864
3.108
0.256
3.4
1.364
4.284
5.136
1.068
0.76
1.248
1.248
1.484
0.94
0.072
1.068
2.496
1.872
4.104
0.536
0.596
1.572
2.564
2.488
0.48
2.108
0.636
2.128
2.248
0.484
0.416
2.196
2.692
1.728
1.436
4.572
0.616
2.668
0.264
0.756
0.516
8.152
1.508
0.3
3.776
1.244
5.38
0.412
2.164
1.964
1.064
7.76
0.408
3.304
6.176
8.508
2.308
0.48
0.3
0.596
3.248
0.712
0.784
4.8
0.108
2.98
0.208
1.196
1.068
1.58
4.232
3.356
4.012
0.724
0.688
3.512
0.504
5.16
7.944
5.32
4.676
4.828
5.148
0.1
0.596
2.856
0.268
8.756
6.532
1.048
3.604
2.232
2.34
1.468
0.676
2.64
0.332
0.176
2.192
0.772
2.328
1.344
0.204
0.74
1.504
0.9
0.536
0.872
0.14
0.496
0.164
1.62
0.048
3.688
0.608
2.056
3.84
8.34
0.432
0.348
1.256
10.256
4.016
1.052
2.948
7.94
6.312
0.772
1.032
5.104
5.404
0.616
1.14
7.308
0.336
0.148
4.4
4.916
1.456
0.36
2.532
0.172
0.22
0.828
1.144
10.864
0.48
3.112
0.78
0.816
0.416
6.148
7.064
4.444
5.88
6.452
0.528
2.752
0.224
2.864
0.3
1.148
1.732
1.292
2.292
0.5
0.06
0.592
0.652
3.744
2.056
1.78
0.168
3.748
7.412
1.904
4.568
2.172
0.716
1.716
4.676
2.308
0.512
6.532
1.268
0.576
3.5
3.836
1.816
0.108
0.528
1.648
0.276
0.568
1.168
1.644
6.576
1.988
0.904
2.08
0.204
5.304
1.04
0.252
2.664
3.424
0.672
0.44
0.508
1.96
6.108
3.72
2.104
0.172
6.988
0.212
0.38
2.168
0.388
5.328
3.8
0.96
6.988
1.068
2.748
1.468
2.26
0.324
5.808
2.916
3.38
3.624
0.616
0.308
2.336
1.8
2.976
4.484
1.596
0.884
5.14
1.368
0.656
0.276
0.1
2.304
1.292
3.232
0.792
2.12
1.804
0.668
0.356
0.732
4.696
1.84
1.3
2.644
0.256
0.244
3.416
4.36
0.552
3.5
1.528
2.268
1.476
0.688
2.04
5.276
0.672
2.996
0.784
1.252
9.068
0.784
0.708
4.46
0.42
0.388
0.868
3.748
0.96
3.232
3.46
5.608
1.256
2.584
1.424
4.084
1.82
4.888
1.284
0.12
0.756
0.428
3.548
1.188
2.94
0.784
0.7
1.76
1.132
0.476
5.248
4.62
0.276
0.6
6.38
2.076
1.196
0.356
0.876
1.908
1.924
0.216
1.744
5.196
5.572
0.532
2.376
1.744
2.08
2.008
1.54
0.836
4.576
0.084
2.504
1.128
3.74
0.808
5.464
3.216
0.412
1.68
4.624
3.144
0.416
1.704
1.24
1.392
0.344
5.8
4.396
1.112
0.72
0.196
2.196
0.98
0.748
4.2
8.58
0.492
4.244
0.26
0.26
0.592
3.884
0.92
0.912
0.208
2.528
7.692
0.528
6.04
5.34
1.424
2.452
1.228
2.248
1.28
4.012
1.096
1.336
0.176
2.924
0.984
3.42
4.628
3.664
0.448
0.548
0.744
5.628
4.06
0.316
3.912
7.024
2.38
1.2
1.056
2.408
0.22
1.58
1.208
3.7
0.604
8.016
1.94
0.78
5.06
8.128
0.568
1.188
2.016
0.624
0.392
5.044
1.816
0.332
0.472
0.12
1.372
1.476
5.416
8.64
0.124
3.78
1.2
1.032
1.204
0.964
0.5
1.144
1.336
4.036
0.6
2.356
5.492
1.168
1.336
0.74
1.552
2.696
0.54
2.348
1.78
1.172
1.112
0.64
2.476
5.168
3.284
3.2
6.216
0.084
1.628
1.556
0.66
2.452
0.072
0.192
8.792
1.02
4.108
2.352
1.308
2.8
2.128
0.324
2.888
2.024
1.044
6.944
4.976
3.992
1.24
6.652
0.08
4.016
6.216
4.224
3.796
2.748
0.576
2.392
1.904
0.516
1.944
0.12
0.384
1.992
1.412
0.972
0.428
1.988
1.336
2.72
1.008
2.192
1.476
2.32
3.488
0.14
0.472
2.06
0.476
0.516
0.216
1.868
0.668
0.252
2.012
6.884
6.368
3.964
0.652
0.356
2.98
0.856
1.336
0.24
3.164
0.464
6.236
0.392
1.244
0.348
5.064
0.176
3.492
0.22
1.612
1.316
1.712
3.388
3.704
3.28
0.944
1.524
2.476
1.004
9.768
2.196
0.764
5.9
0.488
0.8
1.68
4.828
0.288
0.452
1.416
1.296
9.736
0.304
1.876
0.312
0.596
1.36
0.136
1.792
1.152
0.532
0.712
1.056
3.492
2.344
1.524
1.332
0.036
1.124
2.744
5.804
4.04
2.056
7.56
1.836
0.62
1.112
4.548
0.204
3.788
1.084
0.312
2.032
0.576
1.196
1.544
1.532
1.432
2.732
1.296
1.312
0.352
5.984
2.224
1.88
3.016
3.132
0.308
2.064
0.516
0.656
1.8
2.176
4.928
1.416
1.224
4.236
1.012
4.952
0.456
0.196
1.876
0.196
1.124
7.428
2.66
0.204
6.46
1.268
0.848
6.656
1.86
0.908
2.492
1.036
1.144
10.672
6.416
0.876
4.304
1.456
9.62
0.428
2.284
3.364
1.748
1.816
4.756
0.156
0.536
3.512
3.116
2.976
3.368
0.964
2.196
10.676
1.032
5.756
1.856
2.496
10.22
1.94
2.748
5.132
3.224
0.56
0.124
0.168
4.98
0.716
2.16
1.576
0.12
1.48
0.712
2.1
0.068
1.304
4.888
8.32
3.264
0.188
0.884
0.284
0.58
0.376
0.88
0.432
2.34
0.46
1.088
1.012
0.084
1.676
2.436
1.104
2.46
1.512
4.564
1.208
1.008
0.112
10.572
0.472
0.336
2.684
2.996
2.3
1.732
3.796
1.86
9.148
2.34
1.636
3.908
3.536
2.592
4.152
0.304
0.348
1.784
1.58
9.748
9.096
5.82
3.512
0.236
3.7
6.408
2.56
0.596
2.376
3.512
0.688
2.26
2.092
1.32
3.044
6.06
1.008
1.12
0.804
0.46
1.02
0.724
2.352
1.232
1.688
8.032
0.3
1.248
1.996
2.644
6.004
0.148
0.548
1.86
1.84
6.86
0.952
7.3
4.0
0.18
0.936
0.82
1.452
1.344
2.108
0.712
2.468
2.996
0.312
1.764
1.608
0.448
0.1
7.748
1.932
2.74
1.816
1.588
2.472
0.244
3.004
1.104
1.532
1.512
2.936
1.648
0.624
8.36
2.832
0.716
4.44
0.964
0.524
2.264
0.696
1.344
1.204
2.416
2.472
1.664
0.58
4.412
0.852
4.612
0.956
1.336
0.572
0.804
1.4
1.856
0.288
0.768
3.12
2.772
5.112
0.064
1.856
1.56
2.18
0.932
3.832
1.108
0.292
1.032
0.284
1.792
3.632
6.828
7.132
0.36
0.136
0.208
1.264
7.56
0.436
3.756
2.816
1.468
5.588
3.68
0.428
0.832
0.532
0.228
3.56
5.872
1.516
2.024
0.996
2.64
2.208
1.208
1.848
0.896
4.2
1.14
0.796
0.336
1.26
0.32
0.512
3.84
0.316
3.716
3.684
0.316
2.012
4.34
0.084
0.88
0.48
0.208
0.2
3.172
0.812
6.888
6.116
0.156
0.084
5.752
1.588
0.364
0.784
4.088
1.316
2.468
1.264
1.136
0.98
3.036
6.712
8.232
2.692
7.64
0.54
0.656
1.572
0.072
6.584
0.924
1.304
1.748
10.952
0.276
0.888
4.46
1.6
0.72
0.608
10.14
0.276
0.412
2.18
2.168
5.236
0.38
2.064
1.652
2.24
4.184
0.352
1.568
3.124
0.232
0.108
0.352
2.168
2.22
3.4
2.164
0.708
0.508
5.06
0.692
1.344
1.94
0.336
1.216
1.284
1.88
6.82
1.312
0.644
5.272
0.856
0.208
3.096
0.132
0.772
0.272
0.58
0.768
0.668
1.272
0.808
1.104
1.024
0.496
2.724
1.732
0.292
0.444
1.192
1.712
3.856
2.32
0.916
2.704
6.76
0.18
5.828
1.232
0.276
1.424
1.04
2.416
4.072
1.96
3.812
1.256
10.104
3.296
6.0
0.504
0.048
0.512
4.552
6.224
0.204
0.14
0.148
2.924
0.968
0.484
0.144
0.684
1.388
1.188
2.532
0.54
0.808
1.084
0.124
5.652
1.72
1.076
1.044
0.436
2.224
0.128
10.812
1.484
2.6
0.1
1.404
1.368
0.484
1.632
0.128
1.66
1.368
0.6
2.608
2.044
0.532
0.684
0.94
0.492
1.3
0.976
1.484
0.856
1.072
0.072
2.496
4.056
1.052
2.468
0.096
0.112
0.092
3.584
0.456
3.16
0.656
1.612
5.8
4.164
0.224
0.876
5.572
3.552
2.876
4.628
0.48
0.344
0.488
3.436
2.368
0.452
1.248
0.6
0.132
1.352
7.784
0.784
0.368
3.536
3.608
7.908
0.148
0.244
6.688
0.56
0.648
0.476
2.752
1.076
0.888
1.836
6.972
1.356
4.088
8.068
5.476
0.38
1.612
0.472
0.348
3.94
1.268
3.172
1.008
1.272
1.276
1.208
0.196
2.76
0.636
6.312
0.428
2.116
0.16
1.38
1.432
1.376
0.116
1.296
0.544
2.24
1.124
3.656
3.584
1.048
1.284
0.816
0.704
1.192
3.88
2.596
1.588
4.104
6.144
0.656
0.272
1.116
0.292
6.98
0.94
0.92
3.232
1.624
0.892
2.136
0.676
1.112
0.748
0.22
0.464
0.196
8.08
0.88
1.496
0.636
1.968
1.612
4.704
0.372
2.792
0.412
3.72
2.112
2.808
0.152
0.544
1.552
1.316
7.228
0.9
2.624
1.512
2.52
0.4
2.504
5.944
0.9
3.604
0.288
1.664
0.196
0.452
0.236
0.188
0.664
0.724
6.148
0.444
1.012
4.076
2.444
8.996
2.816
3.352
0.38
0.336
3.468
0.348
3.632
0.124
3.592
0.856
0.916
1.828
0.064
1.936
2.096
2.664
2.368
1.82
1.184
0.952
1.188
1.768
0.52
4.928
1.524
0.644
2.792
5.596
0.244
1.5
1.952
1.148
1.444
2.156
3.784
0.388
3.144
0.888
0.184
1.156
0.044
0.456
10.528
5.652
3.808
0.736
1.188
0.468
8.02
0.424
0.14
4.692
0.252
2.176
4.784
1.54
6.408
8.932
2.104
0.148
0.356
3.892
2.068
5.78
2.872
4.164
0.712
4.64
8.468
1.512
0.096
0.52
10.764
3.316
4.988
3.416
1.716
5.248
0.088
1.232
1.116
3.368
1.62
3.904
0.512
0.36
2.416
1.64
0.472
5.16
0.304
0.404
1.732
0.956
1.224
2.176
4.164
6.132
2.4
0.712
0.18
0.748
0.696
1.688
5.036
1.272
6.328
0.34
0.572
0.376
2.668
4.512
3.928
1.576
0.088
2.016
0.24
1.792
4.112
0.768
0.656
2.512
4.524
2.14
1.588
2.008
3.152
0.324
0.112
7.948
0.576
7.704
0.724
0.992
6.292
10.82
1.956
0.556
1.004
0.44
3.576
5.116
4.164
1.916
0.148
0.944
0.976
8.896
5.592
1.516
1.244
0.22
5.18
0.42
1.752
0.216
2.696
7.136
7.12
2.856
4.0
6.568
0.408
3.372
0.876
1.008
7.18
0.204
1.532
1.332
0.588
4.52
0.792
1.108
1.988
0.92
3.852
3.34
5.824
0.744
4.352
2.756
0.684
1.968
4.452
1.404
0.944
10.472
4.912
2.04
5.512
0.4
1.128
0.648
1.652
7.22
1.64
0.876
1.052
2.596
7.504
0.528
4.78
5.068
5.56
0.376
2.696
1.852
1.824
2.7
0.876
4.908
0.264
10.068
1.528
4.688
0.484
1.02
1.496
3.892
1.324
1.66
1.1
1.264
1.512
3.62
1.836
0.184
0.428
0.204
1.964
2.312
0.896
4.068
3.184
0.42
1.808
0.308
2.024
6.12
0.18
4.924
0.464
1.312
5.044
4.152
1.06
1.628
5.204
3.416
0.832
0.204
2.36
3.372
3.492
2.132
0.436
2.828
0.116
1.844
0.608
9.448
5.6
9.716
3.42
1.432
3.832
0.108
0.784
0.196
0.496
9.372
1.24
0.868
8.576
0.372
1.268
2.236
4.176
0.104
0.216
1.176
2.576
3.204
6.516
0.388
1.616
4.608
8.216
1.948
0.116
3.264
0.924
6.932
4.396
0.632
0.52
1.068
1.676
1.136
6.676
0.476
0.18
1.212
5.568
0.224
1.964
0.08
3.32
2.952
4.844
0.988
1.16
0.52
1.152
1.032
4.116
8.068
3.248
1.04
6.392
4.108
1.036
0.608
1.76
0.58
0.704
9.876
0.744
0.504
1.756
4.056
1.796
2.068
0.208
0.688
0.264
0.192
1.312
0.368
8.072
1.076
1.016
1.04
4.84
4.372
1.892
0.852
2.744
2.176
0.364
0.956
1.952
5.732
0.204
4.004
8.864
0.6
5.084
8.864
6.392
1.008
1.168
6.012
0.2
0.296
2.952
0.444
1.228
0.332
1.684
0.516
2.48
5.944
10.396
8.348
2.68
0.988
0.692
2.688
1.564
3.988
3.464
1.276
1.36
9.468
1.932
1.084
0.96
0.236
1.908
0.668
1.256
0.856
0.756
0.196
2.572
0.572
3.624
4.768
2.912
6.8
0.22
0.556
0.812
1.416
4.628
0.9
1.772
1.472
4.36
2.668
1.752
0.5
4.128
0.42
1.976
1.076
1.096
3.752
2.2
0.188
3.596
0.852
2.46
3.304
1.224
1.256
0.904
0.62
4.212
2.408
0.176
0.536
0.504
5.236
0.416
2.572
0.196
1.948
1.088
2.988
2.344
1.744
1.188
2.632
3.748
3.504
2.496
3.504
3.644
7.512
0.288
0.788
0.208
0.78
1.104
0.62
1.76
2.112
0.716
0.788
0.604
0.492
1.592
2.0
0.252
2.072
5.04
1.68
0.676
0.916
1.936
2.12
1.372
0.072
1.248
3.78
2.844
5.928
1.008
1.592
2.428
0.648
0.308
0.248
3.144
3.808
0.164
9.228
0.064
1.14
0.324
2.884
5.152
1.412
2.088
2.112
4.944
5.204
3.58
3.78
0.592
7.58
1.128
0.296
0.256
1.24
1.284
0.404
10.596
4.524
0.156
2.492
2.764
3.164
1.648
5.084
5.564
1.564
2.912
2.292
0.496
3.288
0.788
4.428
0.28
0.696
3.04
0.092
0.66
0.86
0.66
0.96
2.66
4.42
1.42
2.372
2.84
3.064
4.632
5.888
2.568
3.9
1.444
4.696
2.288
0.644
2.832
1.516
3.844
2.916
0.472
0.876
0.828
0.74
4.128
0.768
0.132
4.844
1.64
1.752
1.744
1.64
1.704
1.028
4.536
1.032
0.744
2.032
0.596
1.412
5.456
0.244
0.404
5.748
1.66
2.672
1.28
0.46
0.952
1.44
0.616
0.312
2.036
0.528
0.844
0.76
8.72
3.872
0.668
7.144
4.36
2.892
