0.192
0.62
0.628
0.14
0.26
0.464
0.156
6.496
0.288
0.268
1.908
3.712
0.868
1.46
1.38
0.764
0.796
5.288
1.488
1.8
4.02
0.3
0.152
0.16
1.216
0.2
0.5
0.784
3.256
6.62
0.224
2.232
4.868
0.1
1.74
0.184
1.028
0.712
1.592
0.448
0.156
0.8
0.276
0.12
0.268
4.68
0.22
7.752
0.36
0.156
3.136
1.312
0.228
0.156
1.32
0.82
4.308
0.852
0.184
0.1
0.144
2.136
3.108
3.4
0.168
0.248
3.956
3.336
5.356
0.736
2.6
0.176
0.956
0.612
4.884
0.776
0.592
3.36
4.64
0.16
0.144
1.296
1.228
0.148
0.652
3.712
0.168
1.484
0.672
4.72
1.588
0.1
0.092
3.824
0.116
0.2
2.376
0.444
0.096
0.4
5.516
0.808
0.156
4.664
1.048
0.152
1.492
2.644
0.968
0.176
0.1
2.3
0.572
0.192
1.82
3.824
0.688
1.264
5.016
0.2
7.544
0.276
5.48
3.552
0.096
0.828
0.148
1.836
0.54
4.92
0.804
0.188
0.324
0.376
6.088
0.4
1.688
4.84
1.728
0.452
5.092
0.096
2.388
0.364
2.28
0.472
0.124
1.908
0.148
0.136
5.344
0.3
0.268
5.312
1.792
0.76
0.376
0.208
2.4
2.476
0.14
4.548
9.172
0.732
1.204
2.872
0.1
0.152
2.112
0.54
3.464
0.936
6.472
1.928
3.152
0.804
0.1
3.628
0.236
1.656
1.72
7.408
0.672
0.596
0.14
8.912
0.996
6.668
0.752
1.872
0.856
0.144
0.544
0.156
1.116
0.876
6.828
2.092
0.176
1.936
0.096
0.14
0.54
0.888
0.144
3.424
4.62
0.508
2.64
2.032
0.4
0.716
1.16
4.592
0.112
0.144
4.524
2.848
0.092
0.812
0.3
0.372
2.94
2.288
0.1
5.112
6.676
0.248
0.128
3.228
1.412
7.524
0.748
2.932
0.244
0.156
1.616
0.108
0.98
2.792
0.16
3.7
0.104
0.68
0.688
0.128
6.472
1.628
0.172
5.812
0.3
0.384
0.836
2.248
0.176
1.828
0.128
4.388
1.564
6.04
4.456
9.316
4.004
1.484
0.12
0.128
1.788
2.508
0.716
5.064
5.64
1.932
0.152
2.976
3.176
0.568
0.116
0.18
6.1
1.256
1.724
0.156
2.696
0.152
1.996
8.196
0.34
2.776
0.108
0.344
0.46
9.908
5.984
4.716
5.464
0.876
0.216
1.036
3.956
6.16
0.616
0.416
0.172
0.132
1.952
0.144
1.648
2.78
0.976
0.612
0.156
0.792
0.116
0.624
0.148
1.952
6.98
0.268
1.86
0.18
3.176
4.268
0.148
10.788
7.744
5.416
0.152
0.968
0.916
6.612
5.868
0.968
0.124
0.128
2.284
0.812
2.344
1.652
3.504
0.676
0.244
3.404
1.672
1.936
0.148
1.508
1.204
1.144
4.912
0.268
7.156
0.588
0.108
1.172
1.764
0.116
0.208
2.664
2.876
1.608
0.256
1.188
3.936
1.072
2.496
6.492
8.812
3.896
0.152
0.096
0.096
1.204
3.696
0.112
0.788
1.844
0.2
0.18
3.096
0.148
3.372
0.18
0.612
4.868
1.552
1.72
3.792
0.088
0.416
0.104
1.576
1.664
1.048
2.772
2.196
1.544
0.2
1.268
0.724
3.068
5.904
2.704
3.972
1.38
1.02
0.832
0.72
0.128
0.376
1.116
5.912
0.112
0.108
1.34
0.48
0.988
0.336
0.148
1.228
0.804
6.728
2.616
0.516
0.128
0.644
0.1
3.9
0.456
2.16
9.72
2.088
8.112
0.304
1.228
6.608
1.584
0.152
0.128
0.1
0.772
1.356
1.536
0.628
0.136
1.596
1.316
2.68
10.192
0.692
0.48
2.952
1.428
4.564
1.96
0.452
0.24
1.864
0.368
2.0
0.292
0.108
7.584
1.14
0.448
3.632
0.632
0.376
0.16
3.268
0.14
0.156
5.008
2.78
0.1
2.752
3.364
0.3
0.152
1.82
2.748
2.916
0.096
0.124
0.116
0.612
0.344
0.128
0.564
1.676
0.8
1.524
1.392
2.456
1.624
0.48
0.844
2.756
0.232
0.208
1.532
1.132
0.628
0.984
8.652
1.712
2.608
9.38
4.032
0.952
1.756
0.268
1.608
0.204
0.116
2.428
1.644
0.14
1.432
0.536
1.32
0.624
3.004
0.952
3.116
0.4
0.472
3.516
0.148
0.24
0.668
0.604
10.952
0.672
0.436
0.116
0.784
0.096
0.596
3.46
1.264
2.12
2.936
0.256
1.084
4.192
9.488
0.164
0.1
4.86
1.584
2.332
0.26
8.536
0.148
3.08
0.128
0.12
3.784
0.14
0.268
0.704
0.736
2.96
1.7
0.452
0.436
2.116
0.136
7.832
1.016
0.296
2.56
0.156
2.112
0.948
1.14
0.804
3.428
4.688
0.252
0.988
10.78
2.848
0.148
0.728
4.168
1.608
0.864
4.708
4.996
0.092
2.368
0.14
2.832
5.02
6.028
0.388
0.156
1.4
1.908
1.016
3.812
1.12
0.88
6.4
1.116
0.916
0.44
0.368
8.476
9.084
1.94
4.84
0.16
0.1
0.348
1.356
4.456
0.12
2.464
0.112
0.664
0.132
3.228
2.384
0.98
0.104
0.132
7.344
1.076
0.164
4.72
0.896
5.508
4.716
2.376
0.156
1.112
8.14
2.288
1.188
5.236
1.08
0.704
2.996
0.18
1.104
2.872
1.576
3.752
0.18
0.9
7.356
0.092
0.108
3.148
0.156
2.956
4.988
1.516
0.136
5.404
2.08
0.388
8.444
6.272
1.452
2.484
1.48
1.216
3.208
1.3
2.168
0.76
0.104
8.792
7.02
0.216
0.444
3.056
0.096
0.14
1.152
4.42
0.4
6.26
0.216
3.412
0.096
1.744
0.912
2.94
1.356
0.808
3.784
1.328
0.116
0.148
6.252
0.116
0.116
0.1
0.096
0.092
2.684
0.712
0.104
1.484
0.516
0.508
0.896
0.164
0.228
2.08
0.624
3.648
0.16
0.724
0.548
0.144
1.308
0.344
2.1
0.212
0.092
3.18
3.452
0.38
1.02
0.624
0.176
0.496
1.12
1.728
0.336
3.636
1.84
1.28
5.884
2.812
3.108
0.872
4.472
0.708
4.388
0.724
0.708
0.628
0.136
5.808
0.16
0.932
2.336
0.74
7.044
1.5
7.016
2.68
7.332
3.54
10.316
0.272
4.36
4.428
2.408
1.184
0.728
0.144
7.776
4.484
0.832
0.124
7.552
0.136
1.964
0.46
0.1
2.488
0.144
3.32
0.876
0.204
0.24
1.408
0.424
2.908
4.432
2.764
4.472
0.148
0.14
0.092
0.12
0.156
1.492
0.384
2.832
2.528
0.616
2.056
0.124
0.5
6.748
0.736
0.796
0.152
1.336
8.048
1.392
0.144
7.188
2.904
0.592
3.228
0.828
0.736
0.884
1.54
1.364
0.744
2.356
4.348
3.4
0.264
8.708
6.184
0.14
0.148
1.74
4.148
3.052
3.616
0.448
5.768
1.304
2.072
5.528
1.076
0.244
0.816
6.852
2.012
0.24
2.344
0.084
1.14
0.88
0.48
2.568
0.096
1.5
0.204
0.284
0.116
0.144
3.456
6.836
0.168
1.692
1.512
1.924
0.148
0.512
1.056
0.096
8.024
2.008
3.892
0.264
1.808
0.812
0.18
6.224
2.192
5.38
4.28
1.844
3.696
0.928
0.096
0.996
1.82
0.404
2.896
2.804
2.78
2.852
6.032
3.104
0.336
0.588
0.152
0.76
0.116
5.464
1.936
2.212
0.176
0.648
0.148
2.924
4.62
0.24
1.68
0.136
5.152
0.084
0.152
0.132
0.1
1.696
0.924
3.456
1.308
1.916
0.096
1.404
1.096
1.2
4.612
0.432
0.108
0.348
6.492
0.2
0.864
0.096
4.784
0.096
1.788
1.324
1.972
0.704
9.332
1.652
0.464
1.296
0.144
2.264
1.116
4.344
1.752
0.272
0.512
1.064
1.444
0.104
0.124
0.1
0.548
6.472
0.436
0.392
4.448
3.456
0.292
0.228
1.308
0.148
0.74
0.504
0.156
2.004
0.616
1.292
0.36
0.156
0.268
0.964
6.14
0.52
2.464
2.628
0.1
5.74
0.144
2.32
0.148
0.1
2.484
0.296
0.484
5.248
0.588
0.9
3.504
0.144
1.288
0.1
4.528
0.912
0.604
7.064
3.196
0.964
0.292
2.624
0.108
2.144
0.176
9.144
5.136
4.84
2.276
1.928
1.816
0.728
2.612
0.584
0.096
0.428
2.048
1.132
5.212
0.984
2.8
0.24
1.356
2.524
0.104
1.88
0.928
1.448
3.296
0.464
8.896
4.08
1.384
1.536
3.444
0.152
1.136
0.292
0.808
0.104
0.116
0.152
2.008
2.228
0.792
0.136
5.484
0.78
5.908
2.592
0.092
6.76
1.572
0.14
0.832
0.156
0.152
0.312
1.608
2.584
1.256
0.1
1.908
1.116
0.196
0.128
0.096
0.316
5.268
0.152
6.32
3.4
1.468
0.824
0.1
3.604
6.788
4.236
0.508
3.684
0.392
0.112
0.12
0.128
0.66
0.148
0.792
0.136
0.16
5.276
0.104
0.188
0.116
3.236
0.152
1.004
1.088
1.588
0.804
1.844
4.768
0.148
0.236
0.168
1.616
1.232
2.656
3.728
2.936
1.856
1.58
3.428
0.164
3.016
0.26
0.14
0.108
0.288
1.208
0.144
3.12
4.02
1.908
0.316
0.196
0.148
1.82
3.152
1.832
9.952
2.916
3.084
0.148
0.848
4.704
0.096
2.988
0.26
3.024
1.112
0.232
1.332
1.108
1.024
0.572
0.172
0.152
6.78
4.62
0.12
0.524
2.716
0.104
8.28
0.156
0.148
5.812
0.324
5.94
1.996
2.268
0.112
0.344
2.028
0.096
0.156
6.108
0.328
0.92
7.744
0.204
0.244
3.916
0.1
0.752
2.564
0.096
0.288
3.852
1.356
0.128
2.816
0.504
0.116
3.52
0.084
3.456
1.416
1.732
3.848
0.388
0.432
1.032
1.256
4.492
0.404
1.972
0.864
1.088
0.156
0.444
0.1
0.128
1.344
0.112
0.148
0.86
3.788
0.152
2.508
1.392
5.712
0.192
4.86
2.676
2.212
0.528
9.46
0.328
0.1
0.668
0.208
0.184
0.144
2.888
3.668
0.096
1.132
0.14
4.852
3.188
5.796
0.972
3.952
2.484
5.084
1.308
1.752
0.548
4.172
0.74
0.132
2.52
0.152
0.984
1.524
1.012
3.824
0.936
3.964
0.372
0.208
0.476
1.172
1.652
4.448
3.056
0.572
0.552
0.36
1.016
0.916
0.172
0.556
0.148
1.652
1.868
0.096
0.264
1.936
1.736
5.236
0.868
10.168
0.54
0.128
5.828
0.268
0.116
2.736
0.096
0.172
0.104
0.416
3.304
0.804
0.1
0.32
3.824
4.712
2.952
0.604
0.092
4.876
0.84
1.312
0.3
0.264
6.16
0.132
5.94
1.572
1.448
0.56
1.368
0.392
0.288
0.192
4.844
2.868
0.812
0.18
1.636
2.2
0.24
0.564
5.44
0.74
1.984
3.176
1.512
0.16
0.472
0.188
0.164
0.152
5.636
0.888
0.952
0.204
1.728
2.696
0.128
5.876
8.36
0.588
0.724
1.656
1.14
0.1
0.196
0.104
6.928
1.952
1.212
2.028
0.156
3.364
4.316
1.92
0.168
1.436
3.376
4.216
5.532
0.124
3.54
3.92
4.96
1.984
0.172
2.036
0.092
3.78
1.372
2.588
2.62
0.092
3.528
1.74
1.82
0.088
3.456
0.292
1.948
0.912
5.312
0.328
1.296
0.152
2.404
0.164
0.936
1.596
1.356
0.576
5.556
1.108
3.036
1.104
0.688
6.276
4.2
0.092
3.416
1.084
0.932
0.152
0.448
0.696
1.712
0.128
1.64
1.144
1.492
0.092
0.116
0.108
3.68
7.832
0.468
0.44
2.6
0.208
0.796
7.288
0.392
0.86
0.736
1.716
0.108
0.216
0.344
2.332
1.004
0.932
5.176
3.0
0.096
0.136
1.564
0.456
0.34
4.828
3.284
4.888
2.78
1.696
1.04
2.46
0.188
0.876
5.432
0.1
2.784
0.352
0.44
1.184
0.136
0.1
2.44
3.848
3.092
0.104
2.496
0.748
0.9
0.344
1.224
0.124
1.78
2.788
0.544
0.532
0.14
3.328
5.516
4.332
2.396
8.532
2.688
0.54
1.736
0.5
0.376
9.98
2.712
3.336
3.904
0.148
1.984
0.288
0.732
2.796
4.424
0.384
1.632
0.436
0.132
0.84
0.32
0.128
0.1
0.12
0.764
0.136
0.464
1.656
0.18
1.024
0.2
10.484
0.324
2.668
0.148
6.832
4.452
1.212
1.408
1.252
4.616
1.704
1.916
2.66
1.604
0.1
1.488
0.176
3.588
3.328
0.14
2.356
7.152
0.732
6.024
0.448
0.98
0.788
1.1
1.376
0.432
1.904
0.14
0.468
5.428
0.504
0.704
0.208
2.916
0.392
5.272
1.688
0.412
0.82
0.76
1.004
1.492
6.08
1.004
2.832
0.476
0.748
0.848
4.332
1.172
0.292
1.388
0.108
3.62
0.888
0.836
0.128
0.304
2.592
0.748
0.76
3.3
1.12
5.496
0.148
0.144
0.696
0.128
0.704
2.792
1.22
1.82
0.664
2.9
0.148
4.188
0.144
1.024
0.112
0.1
7.052
5.34
1.52
1.612
1.04
6.612
0.54
7.56
2.656
1.06
1.196
0.152
2.192
0.1
0.096
0.212
5.736
0.28
0.888
1.256
1.756
1.028
8.204
2.696
1.024
0.512
0.116
0.28
0.392
0.52
1.616
4.036
0.1
0.736
4.216
0.312
0.156
0.14
2.452
9.58
0.56
0.276
0.1
0.948
0.224
3.588
0.208
1.84
0.224
0.756
0.352
1.328
0.272
0.468
1.452
0.12
0.092
1.032
0.516
0.152
0.108
0.912
1.244
0.868
0.164
3.264
0.156
0.22
0.22
6.84
0.132
2.548
0.096
5.52
3.872
0.236
9.056
1.096
1.328
2.108
0.464
0.208
0.124
3.684
0.1
0.116
2.272
5.336
0.208
0.096
1.196
3.572
1.488
0.472
0.1
0.54
6.068
1.944
1.056
4.472
3.292
2.656
0.832
5.072
9.84
1.152
5.128
3.396
0.088
4.04
0.2
4.612
5.724
0.152
1.908
2.336
1.088
0.14
0.144
2.832
3.628
0.456
3.568
0.812
0.464
4.08
3.124
0.596
0.208
9.396
2.708
0.152
2.264
1.068
1.264
2.548
0.924
0.156
0.732
0.808
0.108
1.384
1.404
0.712
1.396
1.404
3.556
0.156
0.768
1.152
0.488
0.14
0.124
0.848
4.384
1.996
2.796
0.152
0.752
0.128
3.564
0.104
0.248
0.176
1.584
0.908
0.812
1.524
7.664
1.916
0.156
6.388
0.412
1.196
2.92
0.22
0.828
0.1
1.644
3.772
0.268
0.164
2.116
2.196
1.556
0.296
0.34
2.448
2.932
2.232
1.16
3.252
4.572
3.136
0.408
1.472
0.844
0.908
3.716
4.88
0.368
10.176
5.676
4.44
0.348
4.152
0.248
0.52
1.676
0.104
0.156
1.38
1.62
0.632
0.88
0.364
2.632
3.672
8.02
1.704
0.4
2.024
1.816
5.812
0.428
0.152
1.1
0.448
0.1
0.88
0.892
0.124
3.876
2.548
1.512
2.484
5.004
0.924
11.0
3.476
0.108
0.384
0.12
3.156
0.624
0.904
3.556
2.28
0.2
3.976
2.796
0.88
8.224
0.324
0.156
0.492
9.996
1.176
1.36
0.784
4.824
2.088
1.416
0.1
0.8
1.228
5.516
0.144
1.588
2.844
5.692
4.032
0.112
4.248
1.3
0.1
0.588
6.06
0.42
0.812
1.9
2.052
10.972
0.16
0.096
6.8
0.176
5.316
0.5
1.556
0.152
0.1
2.904
0.148
0.1
0.096
0.824
1.888
8.332
0.092
4.6
0.848
4.344
0.316
0.1
0.148
0.116
1.056
0.472
2.924
0.428
1.32
2.472
0.156
0.728
3.868
0.376
1.54
1.432
0.152
2.508
1.636
6.172
0.792
0.828
0.244
1.656
0.096
1.24
0.288
3.256
1.4
5.852
2.364
0.144
2.524
0.096
0.136
1.3
0.344
0.152
0.324
3.948
0.804
1.692
3.872
1.64
1.112
2.448
3.672
0.352
3.896
1.06
0.964
5.704
0.52
0.092
0.896
0.504
1.424
5.056
0.1
0.352
1.728
1.38
0.36
0.136
0.1
0.428
0.096
1.14
0.264
2.288
4.876
2.312
10.492
2.208
0.388
0.852
5.34
0.74
0.688
2.136
0.688
0.116
0.724
1.452
1.76
0.652
2.26
8.136
0.212
0.964
0.612
1.332
9.044
0.156
1.192
9.8
0.828
0.152
0.184
1.572
0.708
6.012
0.912
3.944
4.156
0.136
0.148
0.212
0.108
0.424
0.608
2.836
0.804
10.284
4.296
0.74
2.124
0.436
0.1
3.5
1.656
0.672
0.6
0.692
2.64
0.784
3.948
0.316
0.264
1.94
1.62
0.128
0.532
0.084
2.804
2.052
1.956
1.26
1.356
2.62
1.956
0.788
2.82
0.172
5.484
1.676
1.756
0.912
2.12
0.104
0.504
0.124
8.32
1.552
8.744
2.764
3.044
1.808
0.428
3.6
0.132
2.628
0.324
4.068
0.196
0.352
1.08
0.16
0.132
0.16
3.068
2.948
0.66
10.192
3.172
0.584
0.372
1.084
6.448
2.784
10.676
0.176
0.096
0.12
0.116
1.808
8.488
0.5
4.948
1.376
0.216
1.332
0.192
0.372
1.604
0.336
0.536
0.52
1.248
0.152
3.492
5.548
2.392
1.78
6.368
1.984
0.108
0.244
2.816
0.1
0.272
0.268
2.436
0.984
2.064
3.444
0.096
0.164
4.296
1.336
0.128
0.392
0.108
0.148
0.228
3.856
0.584
7.016
1.212
0.736
0.092
0.688
5.54
1.88
0.176
0.552
2.7
1.22
0.156
0.56
9.52
2.1
7.968
10.016
0.3
2.104
1.084
0.504
3.272
0.992
9.712
0.132
0.344
4.076
1.916
0.18
5.024
2.176
2.532
2.916
0.116
1.696
0.152
0.132
2.244
1.784
0.156
4.088
1.128
0.1
0.092
1.32
0.156
0.36
1.336
0.18
4.416
1.94
1.988
0.16
0.192
0.328
4.796
5.372
0.84
0.492
1.52
9.824
2.024
2.26
0.132
0.612
0.124
2.012
0.14
2.56
0.256
1.416
0.868
0.968
3.748
0.332
0.096
1.7
0.136
2.848
3.144
1.364
2.036
0.856
5.516
10.256
1.808
1.224
2.032
0.1
1.24
0.644
1.076
1.508
0.376
1.16
4.172
1.544
2.096
3.948
1.936
0.148
2.532
2.444
9.144
2.252
0.148
1.28
1.016
2.408
4.852
1.648
3.056
0.316
4.216
0.496
2.212
0.204
0.34
2.5
4.708
1.036
1.448
2.464
2.14
1.492
1.364
1.56
0.108
0.94
2.124
0.144
4.476
0.708
0.156
8.352
0.1
0.44
1.408
2.628
0.9
0.096
1.668
3.34
0.348
3.836
5.22
6.448
1.084
0.52
0.096
0.104
0.204
1.084
3.588
0.212
0.652
0.244
4.58
2.084
2.224
1.264
7.016
1.556
3.128
0.572
0.812
0.912
0.776
4.736
0.732
9.792
0.128
2.216
2.236
0.1
0.972
0.912
4.944
0.1
2.244
3.252
1.032
4.624
0.984
3.724
2.244
0.148
0.184
1.856
0.144
0.636
0.632
2.584
1.192
2.76
3.72
0.136
2.116
1.932
1.18
2.16
0.576
0.14
0.384
1.724
3.96
0.112
4.04
0.184
0.128
0.12
2.476
0.164
0.976
0.104
1.952
0.092
2.36
1.804
0.616
0.188
0.132
1.236
0.78
3.116
0.132
0.096
0.764
1.58
2.512
0.284
0.256
0.136
0.2
3.28
1.732
0.092
0.264
0.26
7.312
1.104
0.124
1.976
0.388
2.472
3.624
1.272
2.056
0.212
0.572
1.052
2.632
1.16
2.552
3.252
2.464
0.528
1.512
0.196
0.476
0.924
0.184
1.924
0.888
0.936
0.16
0.328
4.368
0.284
0.304
3.132
1.06
0.16
0.228
2.932
3.836
2.556
0.164
0.096
1.636
1.356
0.092
0.204
0.144
0.98
1.312
0.304
0.696
3.04
3.384
1.032
1.264
0.204
2.712
1.704
0.532
0.18
1.272
1.944
1.076
0.244
0.432
2.648
0.684
3.74
4.892
0.716
0.204
0.116
5.844
0.128
1.208
0.156
3.028
0.268
4.816
0.096
0.264
1.088
4.916
1.94
0.952
0.588
0.212
4.752
10.82
1.596
1.508
3.248
2.388
0.716
3.084
1.516
2.352
0.376
5.168
10.88
0.156
5.44
0.976
0.204
7.508
3.528
2.252
0.76
1.188
1.308
3.032
2.076
1.628
1.244
0.528
2.74
0.748
0.372
0.24
6.032
0.78
1.272
0.344
0.952
0.772
0.096
0.332
9.416
0.428
5.156
2.04
6.648
2.712
0.5
1.96
0.328
0.424
0.12
0.764
0.14
2.004
2.608
0.468
0.864
1.14
1.784
0.244
2.164
3.472
2.476
0.884
1.564
0.632
0.184
2.196
3.588
0.704
3.98
2.696
2.564
0.244
0.096
5.816
4.576
2.068
2.152
0.3
4.428
2.916
3.916
0.268
1.784
1.468
0.792
2.464
1.496
0.144
2.144
10.048
1.528
0.116
0.524
0.556
3.704
1.364
0.844
2.272
0.14
5.244
4.96
0.164
3.392
0.232
0.844
2.1
1.072
0.808
2.604
0.136
2.952
0.972
1.224
0.292
1.372
1.308
1.352
4.62
1.22
2.404
1.196
0.728
1.064
0.12
0.628
3.404
0.62
0.112
0.388
0.144
0.524
2.644
0.328
1.716
0.2
1.156
2.992
2.992
3.28
0.18
1.76
3.108
0.148
0.456
7.48
0.92
9.828
4.452
1.844
1.816
1.088
1.224
0.108
4.852
1.8
3.14
3.32
0.592
2.176
2.796
0.352
2.236
0.616
0.284
0.524
1.58
2.628
2.392
1.664
0.212
2.196
10.4
0.204
1.08
1.452
0.124
0.26
0.584
0.48
0.856
8.452
1.352
0.104
2.132
0.812
7.492
0.556
0.216
1.976
0.596
0.212
0.644
0.864
3.092
1.812
0.816
0.988
0.34
1.788
1.352
1.74
6.876
2.236
0.776
1.12
0.952
1.484
9.98
0.172
0.14
0.92
0.264
2.928
0.664
0.856
1.368
1.536
2.092
0.184
1.184
9.18
1.936
5.288
1.148
0.872
0.632
2.572
0.328
1.468
0.304
0.328
1.732
0.168
0.124
7.584
4.332
1.176
1.74
1.624
1.796
0.716
0.228
5.212
2.056
0.088
0.18
0.328
0.928
4.576
0.328
1.356
1.08
2.708
0.244
1.784
4.272
1.352
0.792
0.18
1.188
4.288
1.036
2.508
0.144
2.468
2.62
0.328
0.14
0.22
2.964
2.176
2.46
0.452
4.208
8.06
1.392
0.62
0.132
0.176
2.38
1.576
0.836
1.936
0.964
0.904
8.88
0.452
0.148
0.124
3.288
2.604
2.504
2.396
0.94
4.936
2.152
0.768
4.592
5.672
3.46
1.044
0.996
0.224
0.28
0.552
0.584
0.284
3.048
0.144
3.152
0.132
2.324
0.1
0.144
4.712
1.112
4.468
1.848
0.116
0.136
1.188
1.608
1.52
0.144
0.14
1.904
0.1
1.364
1.316
0.368
0.244
0.808
0.884
7.084
2.792
1.024
0.104
0.192
2.156
0.912
0.14
0.352
2.668
0.564
1.44
4.16
3.244
0.152
0.148
7.348
2.6
0.716
0.788
0.78
1.696
2.756
5.756
0.988
0.588
0.288
0.24
0.4
0.372
0.6
2.68
0.14
2.092
0.804
2.112
1.14
1.28
1.824
5.58
3.728
1.612
4.136
0.096
0.548
0.092
1.872
0.752
6.48
2.072
3.02
4.376
2.092
2.88
0.804
0.54
0.444
0.12
2.564
0.132
0.14
1.74
8.852
3.584
2.672
0.148
0.152
1.612
3.356
2.268
7.536
0.332
1.116
1.972
0.172
10.764
1.452
2.728
1.448
0.988
0.14
0.128
2.98
0.104
4.256
1.072
1.912
1.008
0.568
1.816
2.088
0.292
0.096
3.644
0.1
0.128
3.88
0.096
0.568
4.084
3.352
3.436
0.232
0.276
8.572
1.48
0.66
1.988
0.236
0.168
0.144
0.316
2.68
0.908
5.404
2.248
7.952
1.788
1.456
1.16
0.956
0.104
0.432
5.608
0.236
1.904
3.524
0.564
2.912
0.1
1.744
1.088
3.128
0.66
7.18
0.1
3.684
0.648
0.872
1.688
3.64
1.256
0.288
1.724
0.1
0.46
2.332
0.664
1.848
0.488
3.944
0.392
3.884
0.16
1.084
0.144
10.948
0.672
0.312
0.772
0.196
1.596
4.456
0.748
3.076
8.88
0.104
3.092
1.716
0.896
0.488
6.62
3.972
0.608
0.212
2.156
0.148
3.464
0.508
2.9
1.184
0.532
0.092
1.688
0.512
0.432
0.528
1.94
1.14
2.06
0.792
0.996
0.864
5.064
3.32
4.468
7.448
0.36
0.572
0.368
0.284
0.2
3.788
2.096
7.996
0.444
0.152
2.772
0.112
0.092
5.316
5.696
3.608
0.4
0.504
0.1
1.976
1.032
0.604
3.12
0.388
0.772
0.204
0.4
0.1
0.264
2.576
0.964
0.192
0.1
1.316
2.408
0.092
0.696
0.968
0.112
0.84
4.028
9.512
0.136
1.848
1.144
0.756
2.392
4.26
0.2
4.364
2.46
0.644
0.728
3.168
5.852
6.516
2.408
1.548
0.424
3.7
4.936
0.724
0.648
4.3
1.704
4.244
0.22
0.568
1.7
0.108
0.848
0.272
6.688
0.272
0.096
0.252
3.184
5.144
2.324
0.236
0.148
0.208
0.82
7.824
0.268
4.932
0.144
0.656
1.004
0.536
0.136
0.292
0.152
1.84
3.136
0.148
6.728
0.132
2.656
4.052
4.612
0.188
0.24
2.52
4.624
0.188
3.588
1.056
5.776
2.068
0.212
0.168
4.124
1.576
0.496
0.628
5.092
0.384
0.144
0.144
5.944
1.7
0.168
0.108
0.152
1.832
1.168
0.836
1.456
4.084
1.768
0.284
1.148
7.7
0.18
0.364
0.18
1.364
1.756
2.344
0.1
3.052
0.304
0.532
2.984
0.156
0.404
0.884
0.148
8.648
0.44
1.952
0.124
0.92
2.84
6.936
0.148
1.524
0.172
0.828
8.544
0.564
0.22
3.008
0.108
4.712
1.752
3.704
1.224
3.708
1.14
0.188
0.156
0.276
10.988
0.624
1.132
0.648
2.58
1.224
0.656
0.512
0.428
3.24
0.1
2.308
1.224
5.892
0.86
0.16
0.52
0.848
0.104
0.264
0.18
2.02
0.456
5.408
8.024
0.312
0.404
0.552
0.16
2.956
0.18
1.324
1.32
1.328
1.936
2.732
4.72
2.208
0.1
0.1
0.16
0.8
0.484
0.904
0.136
0.544
0.288
1.472
0.108
0.156
0.472
0.204
0.416
0.888
2.364
7.42
0.144
2.888
1.096
1.54
4.1
0.208
0.204
9.692
0.116
10.252
2.476
4.092
0.2
0.584
6.352
0.192
0.136
0.496
6.264
5.696
1.088
0.18
1.504
4.408
0.1
0.144
1.34
0.94
0.368
1.812
1.288
1.172
1.076
1.724
2.028
0.976
1.456
0.552
1.592
0.16
0.268
4.788
7.452
7.916
0.104
1.832
1.604
1.764
0.1
0.72
1.252
0.144
0.252
1.608
0.2
6.576
0.124
1.92
8.248
4.796
3.628
0.432
0.88
0.1
1.824
0.748
0.732
0.1
0.792
3.504
0.148
2.392
1.268
0.696
0.812
7.108
3.164
0.168
0.416
0.108
0.352
4.724
0.1
3.176
4.912
0.584
0.104
2.904
3.288
0.132
2.956
0.96
2.96
6.252
1.712
5.68
0.74
5.728
2.968
7.352
1.124
0.556
0.296
0.872
0.88
1.064
0.804
1.392
1.624
2.952
0.752
6.836
2.512
3.948
0.148
1.368
0.756
2.324
3.716
1.856
0.104
7.072
9.384
2.812
1.052
3.368
5.508
2.052
1.848
8.588
6.468
4.636
1.256
2.8
2.044
0.156
3.016
0.096
0.112
0.148
0.236
1.96
1.076
0.168
0.128
0.152
5.3
3.816
0.324
2.9
2.064
0.936
1.616
1.476
2.272
0.876
0.444
5.576
1.728
7.144
3.46
0.096
2.528
3.196
1.076
0.152
0.1
3.572
3.26
0.096
6.816
0.948
0.256
10.96
1.692
1.724
1.6
9.68
2.976
2.98
0.988
2.82
0.152
0.156
0.86
3.384
0.28
0.464
2.224
4.112
0.292
0.76
1.776
4.84
0.096
3.216
1.904
4.632
8.296
2.16
1.152
1.78
3.524
4.056
2.888
0.84
0.104
3.9
3.18
0.2
4.564
0.308
0.172
1.212
6.0
0.416
0.368
0.152
0.096
2.9
0.56
2.984
0.12
0.128
4.816
1.176
1.84
0.172
1.224
5.652
3.312
0.232
0.78
0.132
0.552
0.984
0.712
4.228
0.94
10.284
0.188
0.112
3.484
1.464
0.896
5.04
0.888
1.636
2.632
3.432
1.576
0.128
3.76
0.932
0.136
0.176
10.196
0.692
0.128
0.148
1.272
2.324
2.708
5.772
0.164
0.104
1.62
1.08
0.308
0.48
6.468
3.8
0.952
0.108
0.096
0.884
6.704
0.116
3.496
0.704
3.776
8.148
1.092
0.228
1.26
5.752
5.284
0.152
0.936
0.104
5.204
7.048
1.196
1.904
4.436
0.1
4.444
5.992
0.644
1.276
3.288
0.152
0.616
5.168
8.292
2.964
3.14
0.428
0.176
4.956
2.692
0.124
0.152
2.632
1.108
2.948
7.072
0.204
2.52
0.304
0.176
0.616
0.34
0.144
7.3
1.036
0.104
0.748
1.22
0.2
0.128
1.924
0.952
4.8
0.788
0.72
1.356
2.132
0.424
1.064
4.672
1.58
1.62
0.968
3.916
1.184
0.808
7.452
3.228
0.536
0.096
0.276
0.792
2.612
0.452
0.92
1.776
0.66
1.48
0.84
1.036
0.412
0.804
3.02
0.712
3.916
0.308
0.204
0.5
1.28
0.924
1.944
0.1
0.768
1.488
3.136
2.04
0.284
0.1
0.108
0.228
0.112
3.748
0.244
0.664
0.88
3.52
2.552
0.864
3.604
0.16
3.1
0.396
0.86
1.672
0.124
0.988
0.728
0.836
7.588
0.204
2.636
5.328
2.076
1.596
0.836
0.852
2.964
0.092
0.144
0.16
3.096
0.148
0.296
1.284
5.768
7.032
3.768
0.868
0.1
0.104
3.2
1.4
0.404
6.188
0.212
0.976
0.968
0.456
0.78
6.724
1.72
1.06
3.3
0.156
6.512
1.5
0.28
9.316
1.008
1.196
0.292
0.576
0.16
7.6
3.632
3.656
0.416
0.156
4.952
1.988
0.128
0.144
1.028
5.7
0.144
0.156
4.996
3.092
4.472
5.644
1.024
4.356
0.1
3.404
5.724
2.264
2.164
8.896
0.584
0.236
7.232
0.092
0.244
0.116
0.74
0.328
0.736
0.148
0.176
0.112
0.1
1.924
3.636
0.184
1.84
0.656
0.528
1.004
4.424
0.712
1.8
2.94
0.804
0.152
2.172
0.976
1.116
0.116
0.244
0.108
0.56
0.488
0.14
3.152
0.488
1.504
0.112
1.528
0.592
0.764
0.704
1.72
1.096
0.14
0.648
1.18
0.884
0.092
0.132
2.148
0.492
0.208
1.564
0.112
0.336
0.288
0.12
0.232
1.32
1.32
0.768
5.688
0.892
0.352
10.4
1.32
0.236
1.12
1.68
6.624
1.704
1.064
1.62
5.18
8.948
6.48
0.1
0.68
0.344
0.256
0.976
0.164
0.364
3.608
0.1
2.684
1.12
0.424
4.872
0.172
0.936
7.924
0.424
4.392
2.492
2.428
3.576
2.152
0.576
0.488
6.32
0.108
0.136
7.528
0.992
2.916
0.5
0.684
0.78
0.392
1.34
2.16
1.112
0.616
0.572
0.868
0.916
0.104
0.816
3.056
1.516
0.108
0.096
0.356
7.944
2.164
2.824
5.244
0.152
2.456
1.052
0.092
0.1
3.508
1.508
0.388
2.648
0.24
5.94
0.132
0.364
3.188
6.304
2.12
0.528
3.304
0.348
3.364
0.108
4.516
1.356
1.316
0.136
7.868
1.988
0.208
0.1
9.084
0.388
2.232
3.592
5.152
2.508
0.608
3.952
6.096
0.164
1.328
2.576
0.6
0.228
2.144
0.24
0.128
0.464
0.152
2.736
5.364
1.736
2.212
2.34
0.208
3.036
1.788
0.168
0.092
3.676
9.32
0.132
1.16
0.192
1.792
1.36
1.636
0.348
1.316
2.436
0.18
3.676
0.112
2.612
0.1
0.148
0.1
0.98
1.584
0.652
1.392
3.208
1.572
2.464
2.78
0.096
5.456
0.288
0.1
4.684
0.104
0.212
1.88
0.116
1.88
9.78
0.932
3.368
1.868
0.216
0.104
3.004
1.124
1.688
0.484
7.656
0.1
1.12
1.452
1.692
4.292
0.424
0.116
6.0
1.552
0.68
0.964
2.8
1.268
9.416
6.416
0.26
0.132
0.648
5.368
0.14
9.928
0.744
0.788
4.872
7.416
0.7
2.868
0.604
10.012
0.136
0.212
0.996
2.964
0.824
0.564
10.668
0.116
0.188
6.348
0.188
8.424
3.164
0.124
0.988
5.12
1.172
1.12
0.188
1.48
0.16
4.472
3.736
7.596
2.768
1.448
2.548
2.876
1.488
0.908
4.908
2.164
0.16
2.172
1.124
4.852
0.68
1.508
0.512
0.288
0.408
4.804
2.292
0.968
0.592
0.216
1.268
0.468
2.596
0.148
0.092
9.972
0.412
0.072
9.012
0.78
0.716
1.036
1.3
1.588
0.244
4.792
0.828
1.344
0.152
7.924
0.12
0.22
0.14
7.832
3.452
1.844
2.916
0.148
0.884
0.132
1.58
1.608
0.664
3.608
1.784
0.812
3.6
1.084
0.104
0.096
3.108
1.448
3.66
1.532
2.592
0.116
7.448
1.256
0.152
2.592
0.832
0.748
2.808
1.792
0.18
0.484
1.044
0.468
0.396
0.148
0.804
7.308
4.684
0.124
0.98
1.74
3.976
6.192
0.148
6.6
6.324
0.096
0.272
0.748
1.196
0.26
6.528
0.096
4.124
5.148
0.252
0.232
2.056
0.512
0.944
3.352
3.52
2.696
0.856
2.128
1.304
0.144
1.252
0.168
0.356
0.984
0.128
7.32
3.388
1.976
2.064
2.356
1.892
0.228
3.704
0.18
1.64
1.188
0.144
3.228
2.584
3.908
3.848
0.324
1.34
4.748
0.148
0.096
0.152
2.536
0.196
1.556
0.932
0.416
1.72
1.004
3.204
0.14
0.148
3.592
0.212
1.552
6.076
1.464
0.1
1.644
0.124
2.988
0.66
0.872
3.784
0.152
2.176
2.976
0.148
0.112
5.488
0.128
0.14
0.292
0.748
0.924
1.08
8.8
2.916
0.16
0.696
0.224
0.152
0.836
0.152
1.708
0.1
0.324
1.372
1.864
0.14
2.972
1.104
0.212
0.292
0.224
3.076
4.468
0.812
0.464
0.172
0.144
0.796
0.204
1.364
0.592
2.012
5.168
1.16
2.696
0.868
7.188
4.512
0.432
7.952
0.108
0.18
4.404
0.104
1.636
0.144
0.916
3.056
0.092
0.58
2.488
0.536
1.948
7.636
0.18
3.824
2.468
0.14
0.3
0.416
0.696
2.448
1.116
0.124
4.276
7.876
0.984
0.868
0.368
0.504
0.32
0.356
1.464
0.768
4.328
1.492
1.088
2.076
2.552
0.412
0.944
1.168
5.288
1.5
0.1
0.692
1.324
1.852
1.736
0.3
0.308
2.828
0.432
3.632
0.532
4.432
0.824
0.128
1.532
2.684
1.532
0.568
2.084
1.184
1.584
4.248
3.556
0.344
1.072
0.624
0.8
1.588
0.136
2.132
1.964
0.1
0.152
1.832
3.56
1.688
0.296
4.268
0.116
0.144
0.264
0.272
2.844
0.86
5.616
0.2
3.604
1.276
5.94
0.32
2.94
1.796
0.788
0.148
0.32
1.896
1.7
0.88
2.592
2.512
1.384
0.552
0.844
6.0
1.48
1.172
2.716
0.712
0.36
1.692
1.788
1.364
0.136
0.388
1.404
2.728
0.176
0.096
0.432
0.892
8.536
5.62
0.976
0.104
0.116
3.324
0.292
2.088
4.504
0.756
3.164
3.028
0.688
0.1
4.664
2.408
0.236
2.224
0.6
0.096
3.156
1.964
0.1
1.428
5.284
0.532
0.364
0.208
0.14
0.656
4.54
0.144
0.54
0.708
2.312
0.916
2.072
0.72
2.84
3.98
1.72
6.788
0.656
0.372
2.116
0.464
3.212
0.332
0.316
6.308
3.296
0.676
2.996
0.316
4.012
2.728
0.096
5.608
1.168
0.368
6.568
1.824
6.3
1.896
4.16
3.528
0.488
1.304
0.624
1.804
3.888
0.156
1.184
0.928
0.936
0.156
2.664
0.104
2.948
0.724
0.172
0.144
0.728
0.956
0.816
1.368
3.56
10.976
0.548
1.312
10.264
0.74
1.14
1.096
0.128
0.136
2.78
1.892
1.768
0.124
0.296
0.732
2.836
5.092
5.688
0.852
1.04
0.756
1.996
2.344
8.656
5.132
0.764
4.228
0.424
2.664
0.54
0.112
1.332
1.704
1.12
0.34
5.988
2.472
3.808
1.368
2.536
1.112
0.56
4.308
0.124
0.276
0.548
1.14
0.256
0.596
1.192
0.464
1.78
0.368
1.796
0.148
9.568
8.488
0.232
2.048
1.268
1.28
1.336
0.804
8.532
4.028
5.464
1.928
0.412
1.716
0.764
5.432
0.14
0.452
1.5
1.62
1.476
2.244
3.392
6.96
0.612
0.956
0.148
1.316
1.64
0.884
1.44
0.24
0.464
0.28
1.556
2.664
2.264
2.404
3.584
0.592
0.764
0.512
3.572
0.148
0.12
3.808
0.28
0.968
0.488
4.496
0.544
0.1
1.908
0.104
1.42
0.82
5.712
2.612
3.868
0.508
2.72
0.872
8.996
1.776
0.656
1.16
1.792
1.9
0.536
0.212
2.36
0.384
3.676
10.148
0.1
0.132
0.156
1.28
3.216
1.316
0.16
0.1
0.404
0.12
9.284
0.128
10.468
2.944
1.648
4.076
1.808
3.052
0.228
0.416
2.204
0.968
2.108
4.98
2.82
4.332
0.46
2.344
0.092
9.896
1.896
0.824
1.764
1.716
1.72
1.22
0.396
3.944
0.18
0.128
0.36
2.064
1.244
3.068
1.908
2.904
4.636
0.148
0.324
0.096
0.128
0.96
5.444
0.148
1.096
0.728
0.16
8.992
0.204
2.552
3.684
4.708
0.872
0.592
3.416
0.352
0.276
1.192
3.04
0.916
3.192
0.176
1.708
0.284
0.104
5.5
0.892
0.248
0.248
0.804
0.52
2.8
0.12
0.776
7.044
3.012
1.276
0.388
3.796
0.768
2.052
4.196
1.132
5.444
0.196
0.668
0.748
0.804
0.352
0.136
0.156
0.152
0.152
0.68
1.468
1.024
0.22
0.136
0.556
1.324
0.104
0.568
2.088
9.708
2.364
0.288
0.176
1.64
0.16
5.28
1.26
3.284
0.552
0.752
1.756
0.18
3.244
2.916
0.152
0.088
0.1
1.464
0.5
2.408
2.14
0.16
1.128
4.66
2.676
1.964
0.148
1.156
0.264
0.096
4.512
0.16
0.12
0.952
2.144
0.256
0.104
0.964
0.12
0.932
0.124
0.54
0.824
1.432
11.08
0.46
3.872
0.12
0.164
3.432
9.0
4.148
2.22
2.072
0.28
0.976
1.94
2.212
0.14
1.544
0.676
0.12
7.496
5.244
0.148
0.148
0.496
0.156
9.008
0.092
1.396
3.16
1.504
1.544
0.252
2.128
4.456
3.232
3.592
0.984
2.44
0.176
1.276
1.384
0.152
1.824
1.86
0.316
2.676
1.444
0.788
0.672
0.148
0.1
0.156
6.208
1.22
2.268
0.124
0.948
2.272
2.488
1.152
0.152
3.408
0.172
0.112
0.86
3.612
0.692
1.156
1.648
5.44
0.22
2.972
0.736
0.948
4.264
0.124
0.992
0.48
7.24
0.632
3.12
2.16
1.22
7.612
1.276
2.336
2.204
2.384
2.62
2.468
0.692
0.612
10.084
1.624
0.868
0.344
2.516
0.536
1.56
1.624
2.468
0.292
0.756
0.132
1.0
0.188
3.704
2.504
1.592
2.936
0.532
1.084
0.1
1.46
0.896
0.276
2.836
7.24
1.54
0.612
1.68
0.1
4.86
0.1
0.14
2.488
0.784
0.096
2.42
1.344
0.572
2.428
0.1
5.068
1.104
1.852
0.632
2.872
0.176
2.732
0.996
0.2
0.116
5.268
1.176
0.156
2.344
0.1
0.236
0.152
1.428
0.828
0.16
1.588
1.248
1.428
0.956
3.348
8.656
4.844
0.36
3.66
0.096
0.252
3.732
0.824
1.624
4.768
1.072
3.6
0.976
1.192
0.26
1.812
0.128
0.608
0.52
0.148
0.152
0.996
1.304
0.14
0.096
0.896
0.216
5.02
0.364
0.848
0.4
2.04
0.316
6.152
1.108
1.136
3.512
1.404
4.42
1.952
4.792
0.168
1.296
1.18
0.148
1.056
2.32
0.644
1.376
2.048
0.436
0.896
1.056
0.74
6.788
0.244
0.976
3.784
2.896
1.028
0.556
0.092
3.06
2.5
0.724
2.164
1.444
4.576
1.788
0.36
0.112
3.672
0.124
0.484
1.672
1.76
0.092
0.112
0.64
0.148
0.404
6.932
0.54
0.156
1.096
3.62
2.996
0.092
0.484
0.308
1.892
0.468
2.84
0.524
2.1
0.156
1.416
0.268
1.156
3.932
5.816
0.132
2.816
0.248
6.084
2.24
0.348
2.24
0.152
0.812
3.236
0.92
4.516
1.7
9.544
1.544
0.672
0.58
4.892
0.284
0.912
0.46
0.092
8.64
0.888
0.58
5.16
0.652
0.108
2.228
1.708
2.328
0.236
0.828
5.108
1.108
0.228
4.82
0.12
5.94
0.244
2.14
6.7
0.524
1.8
2.004
0.148
1.388
1.132
2.092
2.228
0.628
1.152
1.084
0.456
0.144
0.164
0.464
4.028
1.056
0.84
0.324
4.384
0.524
2.98
0.296
2.552
1.96
1.996
1.164
0.452
0.124
5.48
0.516
1.756
0.948
0.776
7.944
1.364
0.128
0.124
0.148
3.58
1.652
0.216
0.144
8.54
0.176
0.152
0.884
2.052
0.808
0.644
1.46
0.936
0.1
0.456
1.488
1.288
0.148
0.112
0.164
0.28
0.388
4.496
0.704
1.116
1.456
0.608
0.152
1.584
2.56
2.364
3.464
0.508
0.608
0.164
0.6
2.064
0.708
1.12
0.456
0.176
2.22
0.124
4.324
0.428
3.2
0.4
0.096
9.9
0.36
0.096
0.148
7.52
0.816
1.804
1.724
0.58
0.632
0.36
0.672
5.56
0.14
0.784
2.252
1.812
0.312
4.908
0.352
0.136
2.888
1.536
0.228
0.18
0.096
1.228
0.672
1.172
0.244
2.804
1.052
0.476
0.136
0.724
0.196
0.636
0.104
0.144
6.992
1.62
0.24
0.12
0.232
0.108
0.164
0.244
5.016
2.02
0.148
7.88
1.612
0.456
2.584
0.16
0.212
1.092
0.188
6.292
10.684
0.936
2.208
4.4
2.772
2.424
2.884
1.5
4.372
0.768
0.208
0.268
2.076
2.988
0.156
0.184
0.648
1.416
0.164
5.528
2.056
0.24
0.86
1.156
0.16
0.152
3.488
1.7
0.156
0.408
1.164
0.096
0.7
0.096
2.688
0.104
3.892
3.652
0.096
8.628
7.332
3.048
5.04
2.708
0.84
0.112
0.316
1.3
0.324
4.344
0.16
0.152
2.412
0.168
1.14
1.052
0.168
0.456
0.36
2.268
3.556
0.148
1.96
0.32
0.972
0.892
0.52
8.26
1.044
0.156
0.516
0.7
0.188
2.704
2.336
4.892
0.096
0.156
0.12
0.192
3.824
0.78
2.432
0.152
0.14
2.768
2.172
1.008
0.16
1.712
0.34
5.428
1.54
0.408
0.132
0.116
5.844
9.988
0.108
2.588
4.06
1.8
0.1
2.496
2.624
4.828
0.252
9.856
3.068
3.8
0.824
1.276
0.332
0.312
0.544
1.084
0.2
2.448
1.336
0.72
1.84
1.364
0.1
0.516
0.308
0.24
0.148
0.188
1.252
10.984
0.104
1.52
5.044
0.084
0.436
0.248
8.9
0.132
0.256
5.248
1.164
1.784
3.624
0.112
0.248
0.66
1.564
3.128
1.252
9.524
0.1
4.54
0.204
2.3
5.08
2.5
0.184
1.54
0.12
0.252
1.268
0.9
0.136
1.456
6.056
3.588
8.696
3.072
0.1
0.1
0.148
0.8
5.328
2.084
0.132
4.732
0.1
0.432
2.128
0.34
0.208
0.572
0.148
6.596
2.5
0.216
1.056
0.752
3.996
2.584
1.084
1.168
0.256
2.492
1.056
0.136
0.096
0.836
1.604
3.36
1.348
1.828
8.116
1.032
0.212
0.456
2.5
0.14
0.408
1.336
4.38
0.14
0.148
8.708
0.188
3.736
0.124
1.016
5.152
2.888
0.096
0.652
1.232
0.904
2.16
2.44
1.16
0.26
3.98
5.184
0.148
1.344
1.264
0.128
0.748
1.332
3.312
3.008
0.416
3.368
2.6
0.804
0.136
0.484
2.78
2.072
0.828
1.236
1.428
0.104
0.568
0.204
0.136
2.708
0.112
2.52
0.2
4.224
0.116
2.056
2.244
4.152
0.1
1.224
1.58
0.696
0.1
0.176
0.184
5.368
0.096
0.888
2.076
1.408
0.18
2.388
1.736
2.668
3.404
1.032
0.228
1.044
8.4
0.532
0.128
0.924
3.68
2.872
4.944
2.656
0.096
1.352
9.504
2.552
1.572
1.804
0.124
0.148
0.144
1.392
0.092
0.148
5.856
1.004
1.456
1.024
0.556
0.212
3.096
3.644
6.724
0.748
4.636
0.096
0.104
2.376
0.124
0.46
0.268
0.492
1.248
0.628
1.352
0.12
3.008
0.1
1.52
1.344
0.12
1.6
10.42
3.972
4.568
3.916
0.16
6.08
0.304
0.936
6.904
0.852
2.008
2.128
2.72
3.744
1.452
0.992
7.896
0.544
3.848
0.14
2.384
1.664
2.196
2.0
0.208
2.876
0.252
1.9
0.144
0.172
0.688
2.868
7.212
3.984
0.5
0.284
3.604
2.064
0.144
0.148
1.94
0.244
0.616
9.144
0.1
6.984
1.032
1.188
1.324
0.144
2.428
4.228
2.26
0.176
2.048
4.444
10.94
1.084
0.328
2.236
6.292
2.504
0.58
0.904
1.308
10.852
0.12
2.456
0.12
6.208
0.472
0.128
0.148
1.472
0.12
1.208
1.916
0.156
0.712
0.62
0.116
0.12
3.908
0.264
2.48
0.168
5.556
1.472
3.66
0.12
1.088
0.152
0.104
0.6
0.356
0.152
0.172
1.868
3.316
0.312
3.228
1.656
0.64
0.596
1.024
0.5
6.8
3.872
1.612
0.46
1.808
3.02
2.304
0.404
0.348
2.292
1.328
0.992
0.824
0.26
0.172
2.592
0.876
0.464
1.332
7.116
1.416
0.196
0.6
1.352
0.548
3.404
1.8
1.112
1.076
0.444
0.272
0.536
9.388
4.004
0.188
2.592
0.12
6.416
0.384
2.724
0.548
0.104
2.884
0.128
0.152
2.448
2.544
0.744
1.492
0.108
0.1
1.36
3.288
1.932
0.936
0.164
0.14
0.5
0.1
1.192
1.552
0.152
1.636
5.724
0.624
4.472
9.332
0.752
2.02
0.092
1.124
0.98
1.972
2.48
1.156
0.204
0.12
1.276
0.452
1.808
0.18
1.36
0.652
0.136
3.408
9.464
7.636
0.584
1.46
0.156
5.26
0.148
0.136
5.32
1.788
0.388
0.164
1.04
0.42
1.12
0.692
0.968
3.564
0.404
3.06
1.764
2.576
0.176
0.156
3.556
1.732
5.224
1.968
0.196
0.176
4.648
0.396
0.14
1.412
0.096
2.552
0.912
0.104
5.152
0.128
7.1
0.596
2.5
4.444
2.224
2.444
0.724
0.368
0.904
0.152
0.424
2.648
0.092
6.588
0.096
0.712
2.748
0.128
0.212
1.512
4.496
0.648
2.672
0.828
0.212
0.108
0.152
0.168
2.164
5.208
0.116
1.872
0.744
0.656
0.216
0.124
6.616
5.016
4.796
0.256
2.808
0.16
1.484
1.788
3.1
1.632
5.456
0.116
0.096
0.588
0.156
0.972
2.364
0.468
0.916
1.78
0.152
0.44
0.168
0.168
2.132
0.24
0.364
1.316
0.288
0.384
2.796
1.584
0.1
0.38
0.436
0.128
3.304
0.28
0.464
0.46
4.524
2.116
0.512
3.384
0.152
5.764
0.12
4.108
0.232
5.056
1.116
1.552
0.48
1.744
0.332
0.844
4.804
3.596
0.692
1.368
0.1
0.116
0.6
2.292
0.792
0.116
2.944
2.2
7.212
0.252
3.004
1.368
0.184
0.32
4.3
0.108
0.292
0.264
0.096
0.664
0.552
1.248
1.864
3.692
7.056
0.14
0.164
1.476
2.82
0.24
3.288
0.184
9.112
6.14
2.224
0.528
0.672
8.72
0.268
0.1
0.096
0.104
2.4
2.816
4.276
2.016
1.236
0.32
2.016
4.764
2.06
1.252
2.088
1.056
1.22
3.916
0.12
1.636
0.364
2.22
3.424
3.476
10.004
1.244
8.564
2.932
