0.556
0.264
1.76
1.464
3.3
0.236
2.944
0.376
0.148
0.204
1.124
3.268
1.356
1.208
1.896
0.916
1.124
0.396
1.888
0.376
0.512
0.688
0.536
1.116
0.86
6.988
9.796
4.672
0.516
2.268
3.572
5.644
1.052
2.504
5.748
1.78
2.796
2.836
2.112
3.72
2.604
1.228
3.16
6.248
9.304
0.376
2.752
2.032
0.872
0.26
0.664
4.752
0.232
5.98
1.66
0.6
0.572
0.944
1.072
4.248
6.152
0.392
7.436
3.036
0.852
2.148
4.88
0.9
8.468
2.256
5.324
2.88
0.428
1.896
0.356
1.104
3.076
0.64
1.74
1.812
2.384
1.004
6.616
0.428
0.16
6.972
1.552
1.836
0.664
0.248
0.192
0.456
9.772
2.196
1.928
1.864
2.1
1.46
8.868
10.844
0.196
0.348
2.564
5.568
0.944
0.3
3.916
2.484
4.556
0.692
3.072
3.18
1.588
7.816
2.824
5.044
1.208
0.692
0.304
0.884
1.668
4.244
1.592
3.964
4.152
0.528
4.76
0.42
2.064
1.38
0.148
7.72
1.432
6.024
1.384
2.988
0.952
0.5
0.324
0.944
3.472
0.52
2.176
0.488
0.204
1.536
3.408
3.688
3.432
5.036
1.288
1.808
5.884
3.196
3.532
0.836
0.988
3.464
0.364
3.268
0.944
7.512
3.936
2.58
5.124
0.1
1.556
0.644
1.696
2.348
2.756
0.564
0.636
0.352
1.468
3.896
0.7
0.796
1.232
0.576
1.584
2.336
0.656
1.116
7.744
0.536
1.628
1.744
2.704
1.524
1.72
5.556
4.192
4.06
2.624
0.88
1.916
2.612
2.168
1.092
4.316
1.404
2.084
2.424
5.456
9.708
0.508
0.796
2.476
5.128
0.292
1.66
1.076
0.264
8.944
2.212
3.692
0.924
1.46
0.208
5.064
0.772
4.22
2.784
0.488
1.536
0.152
10.692
0.604
1.396
2.18
2.708
7.608
6.824
0.532
1.892
2.996
0.528
1.372
2.868
1.364
0.94
3.524
0.212
1.912
1.68
0.708
0.648
0.436
2.728
3.684
0.612
2.96
2.584
4.056
1.88
4.84
0.128
0.652
10.76
0.612
0.536
1.2
0.108
2.164
0.58
5.456
1.164
0.572
0.332
0.428
1.456
1.24
0.86
1.98
0.744
0.456
2.032
1.884
0.944
5.568
1.38
1.988
0.296
8.648
8.448
2.1
1.136
10.22
0.828
8.236
0.956
3.648
2.628
5.032
4.368
0.46
9.688
1.508
6.948
0.72
6.124
8.528
0.404
3.424
0.584
0.488
1.652
4.9
2.392
10.312
6.108
1.184
0.956
1.604
0.156
1.684
4.308
2.432
0.988
5.208
0.532
0.464
0.304
5.016
0.692
0.804
0.576
10.268
0.2
1.612
0.76
4.184
1.54
4.78
2.812
0.5
0.36
0.316
3.08
4.244
1.728
0.512
0.68
5.18
0.192
0.276
2.36
3.476
0.236
0.3
0.58
0.848
0.492
0.632
3.16
2.68
1.348
0.6
0.644
2.644
1.612
3.48
3.94
3.14
1.904
4.056
0.104
4.02
1.804
0.592
2.324
1.38
1.26
2.668
3.728
2.864
0.428
3.04
3.372
0.272
2.62
4.972
0.684
3.432
1.076
2.404
1.612
0.224
2.644
1.088
5.812
3.236
0.712
0.988
0.4
2.808
1.092
0.252
1.992
5.608
0.648
0.688
0.34
6.388
10.576
6.976
0.652
0.92
0.512
0.86
0.876
8.208
0.852
3.804
0.92
7.752
2.112
3.208
0.764
0.22
0.504
0.96
5.4
0.964
0.964
7.584
2.264
0.84
2.524
0.216
0.62
5.448
1.052
0.968
1.744
1.3
1.904
1.732
2.76
3.584
0.264
0.352
0.38
0.256
1.376
5.764
5.224
2.364
3.068
0.468
1.104
2.548
7.036
0.188
3.644
0.84
2.904
0.872
0.552
4.748
7.308
1.304
2.788
0.684
3.364
0.7
0.436
2.44
0.48
3.996
0.564
1.904
2.012
1.924
1.052
1.2
1.388
0.24
1.028
5.168
2.956
2.108
0.228
1.732
0.496
5.8
2.084
2.544
1.168
2.252
0.452
0.676
0.444
0.188
0.568
0.212
3.26
2.528
4.092
1.008
3.936
0.98
0.492
2.352
1.268
0.232
0.408
1.916
0.712
1.156
2.076
2.952
1.64
3.44
0.452
7.024
1.112
1.432
0.696
2.608
0.148
6.388
0.208
2.148
0.38
1.024
0.228
1.968
0.348
0.248
1.308
3.448
1.7
3.5
1.096
0.876
1.236
0.172
0.564
0.128
1.308
0.644
1.6
2.452
2.576
1.132
1.032
7.24
1.156
1.7
1.152
0.304
0.336
2.416
3.224
0.536
2.6
10.736
0.116
0.548
4.36
3.3
0.46
0.408
1.26
1.344
0.792
5.208
3.424
7.408
3.664
2.424
1.028
0.532
0.664
3.148
0.624
0.42
2.528
0.7
0.188
0.164
0.504
4.164
3.7
4.04
0.792
5.488
1.7
1.044
0.844
8.436
1.748
0.384
1.796
0.58
2.504
2.56
0.236
0.84
0.14
0.564
3.26
1.504
0.644
0.168
1.376
8.812
1.684
1.812
0.92
0.22
0.296
4.856
9.288
0.452
0.12
0.572
0.384
9.756
8.72
0.284
0.344
2.3
1.456
0.42
0.324
7.136
1.976
0.196
0.724
2.996
0.452
5.332
2.636
1.812
0.512
2.152
0.196
0.224
1.192
1.988
3.016
0.296
0.408
4.392
0.996
0.536
1.616
9.096
0.524
0.22
0.888
8.42
2.04
2.276
7.448
0.452
0.26
0.764
0.496
8.4
0.304
0.54
1.008
1.116
3.724
3.196
2.092
0.436
1.756
0.112
1.164
0.368
2.048
4.404
0.952
0.384
0.356
1.788
2.7
5.324
0.556
0.408
1.164
0.832
0.888
0.328
0.456
0.828
4.636
0.428
0.836
1.952
3.372
3.94
2.456
3.252
1.792
2.044
2.66
5.86
7.116
0.184
2.564
3.072
0.676
1.8
0.836
1.304
6.34
0.704
1.024
0.924
1.02
1.908
9.744
2.54
1.368
0.692
4.5
0.98
1.912
3.268
0.692
5.94
1.44
4.9
7.348
2.932
0.932
2.692
0.892
0.132
10.336
2.528
1.952
5.096
0.372
0.36
0.44
0.26
0.72
1.388
1.536
0.5
1.384
1.728
0.692
0.312
0.256
6.088
4.324
0.96
1.672
2.116
1.408
2.728
0.472
1.832
0.376
0.104
4.92
0.3
3.476
0.336
4.748
0.728
0.588
2.028
0.436
2.66
0.684
0.228
1.732
2.08
0.732
3.276
4.564
10.74
1.424
2.148
0.172
1.36
1.492
1.848
2.108
2.536
0.444
3.668
0.596
1.648
5.34
9.908
6.592
4.176
0.316
8.28
2.376
1.064
7.436
8.24
1.228
3.536
1.204
1.416
4.06
3.988
0.212
0.544
5.48
2.588
0.536
0.176
0.772
0.312
3.488
1.58
2.684
3.016
0.784
1.396
0.712
2.008
0.752
0.532
2.324
2.12
0.428
0.176
1.8
0.816
2.424
0.244
4.344
1.008
4.828
0.888
2.708
1.448
1.228
0.104
5.912
4.592
1.78
0.812
0.872
0.856
5.488
7.328
3.272
0.504
4.108
3.848
0.364
0.624
1.424
3.552
0.58
0.412
0.196
1.348
0.436
1.276
1.848
1.976
0.248
2.184
1.564
0.356
0.176
1.164
3.08
3.4
0.548
0.52
0.644
1.304
2.472
1.712
0.848
1.0
0.22
0.592
0.168
0.336
1.776
0.268
1.46
1.708
9.928
0.976
1.556
1.132
0.936
0.744
1.764
1.144
0.276
2.788
2.476
1.308
0.408
1.056
1.324
2.076
2.3
2.888
2.692
1.42
5.532
4.056
1.88
1.88
5.028
1.136
2.236
0.216
3.748
0.548
3.616
0.396
0.344
1.348
4.268
8.512
0.296
0.268
3.576
4.684
1.996
3.556
1.408
0.332
0.44
0.352
2.084
3.508
0.552
8.06
0.476
0.672
5.204
1.708
1.548
3.704
2.38
1.264
3.776
5.924
1.112
10.712
3.136
0.772
0.308
3.012
10.22
3.82
1.192
2.348
5.312
0.372
1.892
1.736
2.716
0.292
0.716
0.78
3.272
0.172
0.756
0.268
1.324
0.14
1.46
2.024
6.108
4.268
9.0
2.492
0.988
0.324
0.284
2.608
0.456
6.712
0.744
0.112
1.452
0.696
0.34
1.6
0.692
0.636
0.212
0.252
5.032
4.98
0.204
0.44
0.616
3.236
0.92
0.892
3.38
4.028
4.872
4.924
4.068
0.196
3.088
0.232
2.18
0.156
0.12
0.172
1.428
0.324
0.896
2.824
0.236
2.144
3.492
1.428
1.648
1.96
0.384
10.284
0.348
3.18
5.064
2.356
0.768
0.652
1.28
0.696
3.016
4.244
0.412
1.292
0.532
2.636
3.076
3.364
0.852
0.22
5.764
4.724
7.856
0.832
3.576
1.2
5.524
0.168
0.188
2.944
1.776
2.996
2.084
0.328
0.66
2.708
1.368
1.032
2.144
2.448
0.336
0.192
0.808
4.544
0.8
2.392
0.148
0.596
2.272
4.976
0.448
1.272
0.656
1.26
2.008
0.712
4.792
0.344
1.568
1.8
1.948
1.012
3.72
0.832
0.28
3.648
0.132
1.164
0.88
3.076
2.852
1.28
0.68
3.312
0.584
0.116
0.304
1.06
10.78
0.1
2.592
0.428
2.732
0.332
3.672
0.104
4.884
4.208
2.44
7.916
1.388
2.04
2.872
5.88
1.872
2.396
4.744
1.392
2.784
0.852
5.276
0.588
0.12
4.348
0.472
0.396
10.604
1.732
3.132
2.34
2.78
1.436
0.112
1.46
6.364
1.456
0.896
0.204
1.8
0.732
0.412
4.312
1.008
1.612
1.496
1.928
2.212
3.284
0.6
1.02
2.768
2.1
5.42
0.328
0.48
0.22
2.064
3.208
4.8
0.372
2.864
5.96
2.312
0.44
4.1
0.972
1.368
2.416
0.832
3.852
0.844
2.984
0.188
2.228
1.804
1.716
0.164
1.988
0.956
7.288
4.188
1.092
2.248
2.024
0.12
2.036
5.02
0.44
4.54
0.208
3.94
1.3
0.556
3.408
1.784
1.38
6.44
1.276
1.332
1.052
2.2
2.66
7.348
3.232
1.108
8.74
2.888
2.88
0.168
5.42
0.14
0.3
0.148
2.52
0.212
1.0
3.948
0.248
0.348
1.56
0.272
1.536
0.276
1.972
0.76
0.148
0.6
2.216
5.76
2.428
1.22
0.128
2.424
0.224
4.76
0.136
5.232
1.416
3.04
1.36
6.272
1.096
0.468
1.284
0.476
9.756
2.06
1.132
1.344
6.384
0.332
1.476
10.272
6.964
3.584
1.096
2.748
4.82
0.66
0.608
0.884
0.648
1.104
1.7
2.44
0.22
0.568
0.164
5.796
10.16
2.596
3.34
1.048
1.092
1.396
2.184
0.88
1.024
2.22
0.188
0.188
2.08
1.564
0.516
5.448
5.132
6.012
2.072
1.16
0.432
1.26
1.04
1.412
3.232
4.02
2.412
0.564
0.892
4.744
0.216
0.796
1.516
1.46
0.252
2.248
0.268
1.784
1.104
0.168
8.652
2.032
2.808
0.54
4.268
2.424
0.38
8.284
1.544
0.904
0.28
8.74
0.22
3.34
0.86
0.86
1.576
0.144
2.012
3.092
1.0
5.108
3.488
4.652
1.736
0.58
2.66
0.136
0.46
7.4
5.088
4.476
3.792
0.528
0.548
3.168
1.512
0.628
0.956
0.684
0.592
0.148
0.224
1.328
0.396
6.72
2.108
0.12
2.6
3.124
1.248
1.028
0.928
0.492
0.196
0.476
2.036
1.22
0.388
4.628
2.7
4.596
1.264
2.016
0.876
1.248
6.552
0.788
1.336
1.196
0.18
3.384
5.432
3.6
0.62
0.272
0.184
2.276
0.616
0.52
1.244
0.284
1.28
8.576
2.028
1.284
2.972
5.352
7.876
1.968
1.084
1.456
3.944
0.548
2.228
0.388
1.568
0.912
0.448
1.028
4.792
10.4
0.732
0.832
2.448
0.476
0.908
1.372
2.392
2.0
2.432
0.632
6.752
0.38
10.18
4.78
1.612
1.4
4.252
3.116
6.032
0.668
0.996
2.38
0.152
10.056
1.992
3.16
3.6
1.912
3.54
1.332
1.436
4.38
1.288
6.372
0.988
10.8
1.188
0.244
2.172
1.512
0.176
0.216
0.472
1.56
5.068
4.852
3.444
1.108
2.416
0.44
0.396
0.868
5.924
2.736
8.66
2.156
0.416
1.72
3.088
1.36
0.944
0.98
1.212
2.392
6.216
3.528
1.328
2.04
0.404
4.14
1.904
0.644
4.08
0.248
0.78
2.736
0.188
1.336
0.912
6.188
0.636
6.212
5.14
1.864
0.9
0.484
2.512
2.752
3.54
1.576
0.968
4.988
1.632
7.576
5.744
3.884
0.592
0.268
0.256
2.096
0.524
1.828
0.228
0.112
0.26
3.568
0.44
9.176
2.684
7.82
2.396
0.156
3.416
0.92
2.396
0.644
1.664
0.112
0.692
5.988
0.608
1.232
0.428
0.44
1.576
1.084
9.324
2.732
0.78
1.58
7.18
0.172
2.604
1.64
8.084
3.62
0.604
3.308
0.488
0.224
0.304
1.104
1.796
0.184
0.096
0.228
3.08
0.132
1.116
8.516
1.836
1.424
2.488
0.412
4.388
3.212
3.276
1.076
1.124
2.384
0.772
0.7
1.3
1.74
6.9
3.864
2.492
0.676
2.484
1.188
6.328
1.128
1.2
3.512
1.276
0.916
1.632
3.96
8.82
0.772
0.728
1.456
1.352
0.54
1.336
2.74
3.604
3.896
0.908
0.836
0.236
2.504
0.196
2.292
1.38
2.476
0.504
2.596
0.992
1.348
0.384
0.332
1.044
9.3
0.404
1.432
0.204
1.66
6.692
4.936
1.284
0.788
1.832
3.74
2.484
4.272
4.14
3.628
3.8
3.472
0.676
4.052
2.94
2.516
0.9
3.728
1.36
8.476
0.84
0.5
1.38
0.308
0.284
0.652
0.92
0.192
1.708
4.696
1.328
0.556
0.58
5.796
0.872
0.26
7.912
0.276
3.136
2.94
0.188
0.288
1.872
3.22
2.064
4.228
3.7
0.86
6.448
5.132
1.476
0.608
0.724
5.584
1.964
1.472
0.616
0.796
0.764
5.892
7.176
0.668
2.664
3.276
3.18
0.68
2.024
2.44
0.656
2.696
6.536
1.904
0.112
0.668
4.664
1.764
0.992
0.296
3.904
1.996
0.476
0.22
1.4
2.26
2.424
2.432
0.28
6.196
1.672
0.452
3.472
0.448
7.272
1.328
1.28
1.704
0.312
1.876
0.936
7.984
7.788
1.196
0.6
3.6
3.168
1.728
1.4
2.492
1.212
4.696
3.764
3.36
2.056
4.236
3.052
0.628
2.36
10.548
0.416
1.472
4.808
0.356
0.836
9.78
8.488
0.656
1.104
3.508
4.632
0.172
0.416
3.028
4.708
2.28
1.356
2.9
1.312
1.996
1.072
1.836
0.268
2.196
2.976
1.4
1.812
0.608
0.612
1.376
3.248
0.828
3.288
0.232
0.548
0.844
3.952
3.32
5.62
5.396
8.408
0.708
2.492
3.88
0.324
0.9
0.332
1.048
2.808
0.212
4.76
6.972
0.596
4.592
3.12
0.12
1.304
0.924
3.392
0.128
2.032
3.012
1.692
0.468
0.716
1.292
0.58
1.676
2.52
5.02
1.588
0.22
2.368
4.856
2.64
3.468
0.696
3.168
0.728
1.708
0.316
0.208
0.144
7.48
0.32
0.332
3.44
2.312
3.384
3.188
2.072
4.508
0.764
1.432
5.904
3.004
0.436
3.792
5.92
1.364
0.604
0.724
6.212
0.932
0.868
0.8
0.548
1.812
5.616
3.7
0.576
1.112
2.996
3.228
6.408
1.968
3.824
0.604
2.928
6.784
6.94
0.24
0.596
3.42
3.396
0.504
2.84
0.264
0.1
0.492
1.7
1.496
0.224
2.6
3.64
0.944
2.796
0.612
0.168
6.204
2.796
0.668
1.78
2.988
0.584
0.22
1.464
1.312
4.008
1.328
2.3
5.628
0.456
0.096
0.16
1.188
2.24
2.952
0.26
0.908
0.428
1.728
3.336
4.232
0.1
3.196
0.188
0.584
0.42
1.66
0.696
2.244
1.356
3.924
2.428
3.412
5.332
1.716
5.096
3.424
1.992
1.128
0.728
2.696
9.656
3.684
1.656
0.128
1.364
0.428
3.004
3.668
0.408
0.816
0.936
0.9
0.168
2.416
0.512
1.596
0.976
1.0
1.892
8.968
1.448
1.476
0.648
2.38
0.888
1.2
0.376
1.412
0.7
0.828
2.18
0.944
6.528
0.144
0.832
1.944
5.536
4.42
1.98
1.648
1.848
1.74
0.284
1.196
1.768
0.984
0.252
1.596
1.476
0.144
0.16
0.696
2.936
6.116
0.22
8.724
5.52
5.304
0.224
1.86
1.136
1.688
0.348
1.72
1.912
1.076
0.94
1.984
1.624
1.284
2.808
0.748
2.44
1.452
4.192
0.492
0.304
0.136
3.748
2.772
0.44
2.536
0.172
2.22
10.452
2.396
2.588
3.556
2.5
3.568
2.028
2.092
0.468
2.096
1.56
0.752
1.068
1.18
3.876
0.34
2.692
0.368
2.168
3.236
0.324
5.12
5.368
3.428
3.24
1.756
3.472
3.676
4.696
5.076
2.74
0.492
1.284
9.216
2.396
1.568
3.276
4.532
3.204
4.032
1.876
0.404
1.12
1.396
1.828
2.06
0.296
0.112
1.512
8.4
2.444
11.056
2.7
1.996
2.204
1.452
2.876
3.432
2.252
2.764
3.664
0.928
0.128
0.352
2.016
1.828
2.14
0.668
1.456
0.156
0.668
0.98
6.34
5.344
0.772
1.596
0.284
0.396
3.868
3.436
0.496
0.672
1.748
0.568
0.66
4.508
2.524
4.068
1.188
0.768
0.82
0.128
0.856
0.504
3.568
0.24
1.628
4.612
1.484
3.336
0.62
0.892
1.208
0.472
2.712
0.648
1.312
0.832
0.524
0.98
0.544
0.44
0.452
9.464
2.384
0.552
0.572
3.18
0.172
4.868
1.644
1.344
0.72
0.696
0.484
4.096
2.632
2.108
4.528
1.204
1.812
0.928
2.704
0.184
3.68
0.864
0.488
0.86
2.456
0.42
2.184
0.516
10.776
1.136
0.428
2.072
1.252
0.54
5.196
0.172
8.128
4.024
2.348
0.52
1.58
0.764
1.928
1.288
0.756
1.888
2.68
1.108
2.34
6.232
2.756
5.804
0.724
1.684
5.952
0.212
1.556
0.824
2.008
0.268
1.844
1.352
10.964
1.984
2.944
4.296
1.136
3.26
3.916
1.28
0.992
0.18
0.784
0.18
1.06
0.644
1.28
0.216
1.9
1.688
0.412
2.216
3.036
1.332
1.352
4.372
0.824
0.396
0.384
1.588
2.336
0.64
8.392
0.272
6.988
3.016
0.404
1.748
3.232
0.184
0.2
3.392
0.936
10.08
1.768
2.088
3.18
3.16
2.052
0.48
0.236
0.316
0.612
4.344
0.872
1.24
0.808
2.356
2.456
0.14
11.116
2.62
2.044
0.516
0.592
2.568
2.0
4.208
0.232
0.964
1.032
2.148
1.792
6.96
0.364
0.12
0.796
1.212
0.776
1.708
2.368
6.54
5.372
0.176
0.388
0.48
1.612
0.296
2.22
0.588
0.56
2.676
4.444
4.716
2.796
0.448
2.512
1.688
8.168
0.34
4.132
1.512
0.16
3.844
7.012
5.408
3.792
9.4
1.368
1.14
2.212
4.408
1.168
5.256
0.156
4.212
1.976
3.828
3.988
0.292
0.128
0.552
1.396
0.632
2.6
1.272
0.656
4.036
0.152
1.804
0.74
0.444
1.764
3.008
5.568
1.808
1.42
1.632
2.028
0.948
1.124
1.288
0.172
1.012
2.736
0.284
0.256
0.104
0.244
0.116
1.308
5.48
1.112
1.104
1.624
0.66
0.104
1.644
0.936
0.688
1.196
5.492
0.776
0.104
3.432
0.308
0.112
2.408
0.576
1.404
1.584
1.86
0.176
0.72
0.376
5.104
8.664
1.48
7.992
4.16
1.136
0.352
1.8
0.34
0.32
2.904
6.2
1.756
0.976
2.164
0.536
6.84
4.376
2.156
2.908
1.084
2.176
1.156
6.18
4.78
2.42
0.216
0.468
0.72
0.108
6.608
0.448
1.456
1.872
0.444
1.3
3.196
1.716
1.512
3.5
0.252
0.644
6.844
2.18
1.344
0.7
0.308
1.068
3.588
0.56
0.14
0.7
1.384
0.208
2.876
0.472
7.032
0.2
6.756
4.5
1.04
0.256
2.532
4.864
0.156
4.18
0.944
5.008
9.376
7.04
1.024
2.64
0.476
3.48
3.452
0.848
0.84
0.844
6.424
3.404
2.472
0.932
2.536
1.188
6.676
1.032
0.172
2.512
4.516
0.88
2.884
1.524
1.74
0.22
0.532
2.268
0.732
1.192
0.172
5.812
3.524
5.872
1.48
7.676
0.7
4.124
2.06
0.316
2.54
2.196
0.168
0.888
0.588
1.072
9.092
1.684
1.92
0.408
3.756
2.504
0.14
10.544
0.864
6.436
2.584
2.944
5.84
1.036
7.572
0.644
0.428
6.524
5.5
2.88
1.544
1.052
0.732
1.856
1.032
10.156
0.736
0.58
0.788
4.512
0.38
2.196
0.304
0.54
6.664
0.528
2.98
1.24
2.676
9.636
2.592
0.108
0.676
1.384
0.176
2.028
1.056
1.448
2.764
1.024
2.024
4.048
0.244
4.344
0.424
0.272
1.704
1.272
0.868
1.472
1.628
1.404
0.896
0.576
2.548
2.204
1.68
1.14
4.164
3.508
3.376
4.316
0.404
1.12
0.964
3.908
6.376
10.008
3.02
2.208
2.828
1.544
0.772
2.872
3.06
1.092
4.124
2.488
2.464
0.476
0.484
4.936
4.712
2.1
0.94
1.348
0.712
8.844
0.352
1.124
1.576
0.42
0.892
0.912
0.68
1.784
5.428
0.484
5.96
0.9
0.692
2.132
5.532
0.296
2.436
8.812
2.912
1.228
4.548
2.896
1.02
3.292
0.132
3.768
1.68
0.856
0.484
0.904
0.708
7.108
1.86
0.192
0.116
0.232
1.316
1.684
0.268
0.404
0.3
2.088
2.392
0.296
0.204
4.684
1.908
0.704
3.396
1.168
1.676
1.512
2.0
0.428
4.648
0.156
1.776
1.3
0.56
0.148
9.212
8.08
1.292
9.432
1.244
0.244
0.66
1.236
0.748
3.444
4.896
6.096
3.344
0.78
3.676
4.132
2.408
3.4
0.232
8.924
0.64
0.624
0.168
2.844
2.728
1.108
2.856
0.392
1.252
0.18
0.228
2.296
2.832
0.576
0.544
3.936
0.436
3.204
3.916
1.168
1.884
3.744
4.2
0.176
2.768
0.248
0.432
4.588
3.844
0.364
2.996
0.648
3.18
2.28
0.244
0.184
4.868
4.484
1.412
4.28
1.932
1.176
1.324
0.94
0.584
1.592
8.756
3.376
1.1
0.272
1.736
1.936
2.46
0.724
1.864
0.228
1.388
2.3
0.132
0.744
1.064
9.24
2.128
0.772
6.748
0.344
0.74
0.888
0.144
1.152
0.884
0.444
0.616
0.224
3.564
0.384
0.908
1.156
3.628
0.216
4.592
0.576
0.652
1.324
2.992
0.616
2.212
1.42
4.98
0.504
10.452
0.332
0.248
2.536
0.32
3.264
0.956
1.976
0.58
3.2
0.896
10.352
0.22
5.112
4.484
1.468
0.476
2.26
0.752
4.496
0.244
0.78
0.676
2.336
1.472
4.724
2.984
3.996
5.1
1.84
0.856
5.356
1.892
5.456
3.192
0.724
4.644
0.936
1.54
0.488
1.56
1.444
1.848
1.236
1.66
2.04
0.184
3.124
0.816
0.676
0.208
8.612
0.64
0.64
0.788
0.484
7.284
0.132
0.876
1.124
2.468
6.42
3.924
2.388
2.836
0.34
1.552
3.228
7.756
1.392
1.16
1.064
0.356
1.772
0.924
0.144
9.544
2.764
0.136
0.648
0.408
1.568
6.16
8.132
7.48
0.792
6.904
7.048
1.924
2.216
0.104
0.552
10.384
1.472
0.376
10.612
1.028
0.504
1.86
2.624
4.836
1.28
5.664
0.892
2.42
1.948
1.528
0.276
1.328
5.196
0.444
0.956
4.5
2.96
1.508
0.188
1.896
3.284
0.288
1.572
6.008
1.768
2.756
3.016
4.096
0.668
2.032
0.388
1.636
0.884
0.764
0.184
1.1
3.884
0.224
0.152
6.424
10.444
0.308
3.176
0.188
0.468
7.44
0.124
0.952
4.5
0.436
0.448
1.544
3.084
6.172
0.608
5.36
9.404
0.82
1.14
2.812
3.132
0.456
7.156
0.388
2.704
4.52
0.56
0.728
1.252
0.508
0.656
0.304
0.872
1.5
1.864
3.116
3.804
4.912
0.164
0.42
1.26
4.604
7.004
3.476
0.288
0.148
3.728
2.56
2.708
1.304
1.884
0.148
2.768
3.136
5.556
0.928
1.36
5.436
1.228
1.072
3.292
0.172
0.744
0.448
5.496
0.708
1.568
1.452
1.272
0.988
2.156
2.936
0.576
1.884
0.2
0.108
0.552
0.252
1.772
2.244
0.34
0.648
7.048
7.74
2.3
0.244
0.248
8.388
0.3
1.296
1.152
5.824
0.864
4.348
6.84
0.38
1.424
0.912
0.22
1.576
0.864
0.832
0.388
9.432
1.388
0.156
0.48
0.932
0.116
0.996
0.224
1.972
3.292
1.42
0.992
2.1
7.08
0.344
2.484
0.816
0.604
3.492
0.344
3.284
0.392
0.756
1.664
5.312
4.232
1.04
4.224
0.148
0.476
1.944
2.512
0.34
0.212
0.9
2.472
0.224
0.596
1.004
1.632
0.312
1.852
3.8
0.516
2.332
2.18
0.888
1.864
1.872
4.708
3.192
2.556
3.4
1.848
2.004
1.112
4.912
7.82
1.808
0.56
2.22
1.94
0.768
0.116
5.752
0.668
4.848
0.852
5.624
0.948
0.376
5.232
1.616
0.684
2.288
1.36
0.22
2.324
0.956
0.528
0.276
1.6
0.144
3.28
7.64
0.148
0.42
0.104
1.872
2.232
0.192
7.68
3.452
1.032
0.888
0.808
0.792
2.256
0.916
4.784
0.78
0.732
1.66
1.344
0.392
0.432
3.1
3.512
1.164
0.736
0.928
0.672
2.288
9.184
0.348
0.48
0.672
6.136
4.024
2.272
0.128
0.84
5.176
4.928
0.988
0.732
1.88
1.232
0.224
4.44
0.104
8.188
0.212
0.904
2.032
0.74
2.452
1.54
0.804
0.336
6.928
0.24
0.184
1.088
0.66
1.84
4.036
2.052
0.192
0.64
0.916
0.292
0.288
2.016
0.496
8.196
0.856
0.316
0.18
1.904
0.24
1.172
3.136
2.184
3.9
5.32
3.068
3.6
0.64
1.22
0.716
1.112
2.944
0.752
2.764
1.496
3.148
1.784
0.712
1.472
6.092
0.896
1.204
1.632
0.164
0.904
0.112
7.652
0.104
0.34
1.58
0.324
0.148
3.772
0.82
5.984
3.52
2.196
0.252
1.556
0.328
1.388
5.872
5.856
1.036
3.364
0.144
3.064
0.268
2.864
6.804
3.024
0.348
1.376
6.696
2.668
1.532
1.064
6.876
9.888
0.432
0.672
0.768
0.204
1.352
2.9
7.628
5.908
1.288
6.368
0.336
0.404
0.584
1.172
0.62
3.496
2.088
0.164
2.204
1.424
3.088
2.288
2.68
0.712
1.644
1.028
0.596
0.876
3.564
0.44
0.384
0.484
3.172
4.668
0.116
0.18
0.404
0.812
3.28
2.712
0.992
1.72
2.5
4.38
5.336
0.408
6.388
1.684
8.976
0.836
2.224
0.236
3.816
9.728
0.32
2.404
1.152
0.284
0.416
1.488
10.828
0.888
1.808
0.512
1.024
2.376
0.244
0.308
10.916
0.812
0.5
5.02
1.316
1.984
0.868
3.968
1.244
0.112
0.304
5.956
0.324
2.976
0.428
0.104
0.812
1.712
0.66
0.4
2.312
4.456
2.864
0.536
0.528
1.236
2.6
2.412
0.888
0.764
1.14
7.688
2.688
1.036
0.56
1.564
1.28
4.184
1.412
2.812
2.564
2.188
0.196
1.644
4.4
0.388
0.436
1.476
1.7
2.1
2.084
7.668
2.276
0.808
1.82
0.724
1.196
6.516
2.192
0.296
1.712
1.552
1.8
0.912
2.012
1.82
4.904
2.468
2.932
0.456
1.176
2.052
0.192
1.0
4.672
2.2
0.452
0.22
1.172
0.104
0.448
3.364
0.608
4.336
2.724
0.864
1.472
0.836
1.74
0.428
8.732
0.108
0.188
2.268
2.2
1.152
3.016
2.024
3.188
1.0
0.6
6.52
0.492
0.648
0.66
0.84
1.364
1.968
2.712
3.448
2.236
2.104
1.696
0.344
4.808
3.048
0.752
0.58
1.068
1.12
9.548
1.6
0.5
2.496
3.984
2.924
0.728
4.796
1.792
3.048
1.912
0.956
0.116
0.84
0.912
0.236
1.2
0.756
0.74
3.032
9.088
2.576
3.224
2.668
0.972
0.712
1.84
0.82
2.572
0.416
0.996
3.08
0.376
3.876
7.96
0.38
7.136
0.164
0.672
3.796
2.252
7.752
0.72
2.7
0.152
1.684
5.24
0.684
0.9
1.272
1.324
1.208
0.1
0.348
2.596
5.772
0.392
8.832
8.692
3.052
2.852
2.0
0.396
0.944
3.0
1.756
1.016
0.736
1.788
0.24
1.34
0.236
8.02
5.104
1.84
1.492
1.068
6.14
1.02
8.292
6.356
0.424
0.108
4.228
1.404
6.816
1.868
0.108
0.18
0.124
0.228
2.484
0.644
0.392
1.648
0.848
1.616
2.048
2.068
1.828
4.364
2.256
0.816
0.264
1.68
3.988
1.324
1.616
2.38
4.716
1.796
2.424
0.9
3.556
1.104
0.528
2.64
10.056
1.18
2.596
5.568
1.06
1.824
1.904
0.44
0.196
0.312
0.332
4.224
1.924
4.288
0.98
4.832
0.448
2.116
1.184
1.744
4.72
10.072
0.288
3.732
0.732
2.524
0.24
0.492
1.008
0.128
4.028
6.62
5.152
0.912
0.648
0.708
0.16
0.904
3.916
0.336
3.364
1.748
8.48
3.016
1.328
1.728
1.156
5.916
0.22
4.04
4.536
0.544
0.908
0.284
9.376
1.912
1.444
1.224
0.988
0.892
0.904
0.696
4.012
0.168
0.664
6.712
1.68
0.892
1.048
2.944
1.124
5.716
1.624
3.004
4.356
3.032
1.5
0.292
6.124
9.924
4.432
2.936
2.088
0.824
4.572
6.064
1.4
0.444
1.72
2.572
0.988
1.224
1.172
1.416
4.008
2.212
1.6
3.556
0.264
2.696
1.14
2.0
1.044
6.5
0.628
1.98
5.584
0.332
7.152
6.672
0.548
2.776
5.148
0.96
0.104
1.076
10.212
3.172
1.04
4.008
5.004
0.46
0.996
0.508
0.504
0.464
0.228
0.436
0.4
1.904
7.26
4.9
3.448
1.7
0.208
1.024
1.292
2.004
2.316
0.548
0.132
0.892
3.156
1.016
0.16
0.672
1.012
2.088
0.544
0.832
0.756
3.588
1.528
2.144
3.752
1.1
0.904
0.232
2.208
0.304
1.364
2.148
0.352
1.084
1.732
1.508
10.168
3.26
2.568
0.204
0.72
0.216
0.724
1.22
2.66
2.044
0.38
5.54
5.716
1.044
0.128
0.28
2.072
0.52
1.692
2.12
1.616
1.036
0.744
3.792
0.324
0.932
0.228
2.564
1.992
0.096
2.716
0.892
0.66
2.22
0.792
1.024
3.636
2.468
0.636
2.0
0.576
1.284
2.248
0.7
1.96
0.388
0.768
0.792
1.736
1.02
1.628
3.3
0.696
1.168
1.824
1.216
1.704
0.708
0.288
1.076
2.796
0.136
6.972
7.592
1.916
7.228
1.088
0.456
4.028
0.156
0.188
0.876
1.216
4.008
0.992
2.468
1.516
8.956
0.284
3.544
0.596
3.88
1.488
4.316
2.944
1.044
3.056
1.788
1.696
2.688
0.612
0.872
2.608
0.556
4.636
6.94
0.6
4.512
0.684
0.124
1.268
3.808
1.984
0.988
0.72
2.536
0.264
1.572
1.736
0.66
0.352
0.572
4.66
6.424
0.48
0.308
0.788
0.332
1.628
0.688
4.164
1.688
2.148
4.124
0.564
2.108
1.804
0.86
1.484
2.608
0.696
0.676
0.48
0.884
3.788
6.372
5.608
0.972
0.528
1.572
0.688
2.176
1.328
1.548
0.12
3.664
2.496
0.576
8.6
3.056
3.568
0.748
1.364
0.304
1.652
9.564
1.384
2.192
0.392
2.032
9.324
0.116
0.464
1.72
1.64
0.88
0.188
1.488
0.168
3.744
0.896
0.656
2.008
2.208
2.124
6.732
2.816
0.536
0.772
0.484
0.604
3.904
1.86
0.38
2.892
2.808
0.172
2.824
1.596
0.528
0.268
0.7
8.212
1.244
2.708
1.588
0.528
1.88
4.032
0.9
0.368
1.644
3.424
5.968
0.744
0.648
1.584
5.512
1.184
0.3
4.252
8.56
0.884
1.42
5.828
1.204
2.936
1.772
0.424
1.192
0.108
2.284
3.04
1.948
7.624
2.484
3.064
1.508
2.136
1.764
9.248
3.412
0.268
0.824
0.244
1.464
0.512
0.588
1.42
3.38
6.532
2.072
9.992
7.684
3.316
1.232
0.572
1.88
4.404
0.628
4.52
0.96
1.016
1.8
1.312
0.256
1.336
0.144
5.404
4.412
2.832
6.552
0.744
3.976
1.992
0.608
0.344
1.624
10.688
0.576
3.384
5.708
0.78
2.98
2.696
4.888
2.556
1.032
5.268
3.424
0.928
3.816
5.636
0.768
1.212
1.8
0.988
0.796
1.848
1.268
0.188
5.532
2.908
3.004
0.644
0.948
2.348
2.908
0.884
9.796
0.308
2.5
3.68
2.404
2.308
1.868
1.264
2.008
0.336
0.124
2.208
6.308
1.108
2.62
1.864
0.204
0.684
1.256
3.928
0.436
0.968
0.384
1.176
0.28
0.864
2.744
1.212
7.372
0.484
1.052
8.712
1.896
1.74
2.936
3.228
0.864
0.112
0.92
0.456
2.212
0.16
1.316
6.812
0.24
0.596
2.852
8.372
0.704
2.544
2.744
0.34
1.52
0.152
3.66
0.772
2.228
0.58
0.624
1.176
4.472
0.544
3.324
1.504
0.608
0.684
10.2
3.572
6.28
0.504
0.436
5.432
8.688
1.584
3.26
2.584
9.696
0.26
0.272
0.492
0.868
1.156
5.344
2.036
0.188
0.928
1.648
2.776
0.248
1.968
1.524
1.408
2.376
1.08
3.552
0.16
1.48
5.556
1.476
1.12
1.612
2.932
0.944
1.584
0.488
1.124
1.24
3.44
0.952
0.388
0.628
9.776
2.948
5.516
7.988
1.172
0.832
0.212
2.208
1.952
0.408
1.984
2.164
3.816
0.208
1.488
5.516
5.692
4.764
2.328
0.42
0.28
1.916
2.104
2.164
0.936
0.888
2.008
2.316
0.528
0.18
0.832
1.232
4.708
2.456
8.296
0.38
2.116
3.708
1.012
0.692
0.204
0.744
0.14
4.192
1.928
0.536
8.828
2.496
4.724
1.884
1.188
1.212
1.1
2.116
0.104
6.384
8.308
0.42
1.604
0.892
0.576
2.232
0.508
3.608
3.32
1.068
1.576
2.228
1.084
0.236
2.476
0.332
0.376
0.456
6.724
0.488
8.372
0.124
0.548
1.656
4.3
1.564
0.556
0.92
2.436
5.816
0.224
3.48
6.016
2.324
1.34
5.32
2.912
0.864
8.948
7.172
2.824
9.124
4.44
10.856
0.276
3.108
1.284
0.952
0.392
1.632
1.764
1.38
2.004
0.356
0.224
0.752
0.556
1.436
0.196
0.208
4.096
1.312
0.376
1.388
0.368
0.612
3.016
4.616
0.592
3.896
0.136
1.236
0.252
0.304
2.024
4.904
0.892
1.572
2.616
0.388
1.056
1.048
0.86
2.108
0.988
2.676
6.884
4.208
1.6
0.528
0.54
1.264
3.448
0.552
1.16
2.924
3.192
7.34
0.96
0.976
1.832
10.644
5.772
0.168
0.516
2.292
0.54
0.52
5.988
1.98
0.408
2.3
3.22
6.84
1.72
0.832
5.0
2.432
2.308
5.028
6.0
1.396
1.74
1.38
0.512
2.12
0.348
1.736
0.3
4.208
0.976
3.272
0.196
1.936
0.484
1.164
0.148
10.42
3.184
0.32
1.66
1.576
2.02
1.86
1.328
6.468
0.748
0.16
1.364
2.036
0.384
0.48
0.356
3.06
2.396
0.752
2.184
1.884
0.764
0.152
1.368
2.208
1.48
1.1
1.06
0.8
1.024
2.828
0.512
1.896
0.792
7.984
7.4
0.952
9.568
1.464
0.156
1.744
4.18
5.812
1.148
0.692
1.592
4.88
1.264
0.584
1.228
0.624
0.456
0.772
0.888
1.612
3.368
2.596
2.496
0.132
2.38
7.16
8.492
2.936
0.144
2.772
1.556
1.4
9.48
2.236
1.036
0.692
1.392
1.26
2.528
2.708
5.344
1.732
0.872
1.568
6.56
2.412
0.328
2.344
0.856
1.164
6.272
2.532
0.184
0.832
1.072
0.7
2.028
0.464
0.224
0.612
7.144
1.648
5.956
0.536
2.376
0.096
2.832
1.032
10.88
0.892
1.16
2.084
0.384
0.212
3.456
1.208
3.004
2.04
0.9
2.036
10.524
0.912
0.616
4.672
5.712
0.336
1.976
1.1
1.22
3.42
0.16
0.632
1.012
1.708
0.608
5.264
7.388
0.176
0.7
6.008
4.156
4.884
3.764
1.1
1.456
0.608
2.504
1.316
0.572
0.86
0.864
1.564
2.12
0.3
6.632
1.208
2.86
2.212
3.22
1.296
0.176
3.712
0.132
1.06
0.888
0.412
3.356
1.248
3.532
0.492
6.0
1.248
7.876
6.724
1.52
2.352
4.136
2.008
7.988
0.608
0.56
1.068
2.444
2.04
0.416
3.748
0.204
0.16
0.68
0.228
1.4
5.308
0.484
8.688
1.38
1.016
4.408
1.432
1.748
0.784
2.968
0.176
4.864
7.764
3.064
2.116
0.376
0.416
0.9
1.14
8.568
0.444
0.672
1.408
1.084
4.344
2.96
3.984
0.148
2.664
0.148
1.832
5.116
1.532
4.84
0.744
2.644
1.34
1.756
6.496
8.716
2.36
2.004
2.452
0.76
9.676
0.928
0.252
4.256
0.828
1.06
0.756
2.308
8.848
2.316
4.016
0.412
5.332
0.128
1.232
4.868
0.188
0.82
0.128
1.4
0.384
0.176
0.724
0.336
0.472
2.388
1.168
0.32
2.692
3.96
0.74
4.872
2.76
2.58
0.452
0.984
0.38
1.176
1.364
0.628
3.84
0.168
2.204
0.916
3.7
1.168
0.284
6.112
0.48
2.76
1.512
2.912
0.512
1.212
10.912
0.276
1.536
2.736
1.156
1.42
0.176
0.344
4.404
0.704
2.152
1.408
0.228
2.46
6.124
2.676
0.628
0.832
1.096
0.984
5.004
1.976
2.588
4.444
0.572
1.492
0.42
1.244
3.332
0.292
0.72
1.76
1.056
5.256
3.444
3.396
0.104
1.332
9.172
7.792
6.424
1.204
0.948
5.736
1.44
5.156
0.256
2.092
1.996
0.22
1.076
5.152
0.692
2.316
1.836
8.66
6.816
0.396
0.196
1.432
1.184
0.46
5.62
1.612
1.152
2.028
0.452
1.528
0.404
5.38
3.452
2.036
2.004
3.732
0.128
0.932
7.632
5.036
0.384
1.524
3.34
7.116
0.392
3.608
0.48
1.956
0.576
0.18
3.04
0.496
0.968
2.224
0.148
0.34
0.556
0.672
0.808
8.648
0.916
2.372
5.252
1.988
0.5
1.496
0.34
0.948
3.924
10.888
5.508
3.796
2.928
0.228
0.644
1.84
3.652
1.756
9.396
0.5
0.556
0.604
5.7
3.672
1.84
0.404
1.212
0.452
3.036
2.4
0.772
0.14
0.724
1.916
2.408
3.06
0.932
1.484
4.012
1.66
0.684
0.528
2.828
2.684
3.268
2.796
0.648
1.064
1.14
0.168
0.888
3.676
0.152
1.864
3.24
1.932
4.82
1.524
0.22
1.728
0.412
10.892
5.216
2.42
1.336
5.2
0.236
0.508
10.588
1.648
4.672
5.096
1.224
0.2
0.712
1.04
0.34
0.524
4.488
0.472
0.18
1.204
0.976
0.936
0.92
0.764
6.112
0.42
2.1
1.948
0.364
1.492
6.756
2.804
7.188
3.692
0.348
0.688
0.472
1.736
2.58
0.56
0.296
1.88
1.692
2.752
0.732
0.764
2.568
0.792
0.816
2.908
1.44
1.032
0.444
10.416
1.36
3.284
0.132
3.052
0.388
1.024
0.16
3.384
0.276
2.18
0.1
0.616
0.92
0.136
3.576
2.996
6.268
1.716
2.172
1.584
1.756
2.156
0.444
1.244
2.636
0.332
0.252
2.792
0.156
3.944
0.256
0.492
4.72
0.216
0.5
4.868
3.936
0.348
2.656
0.632
0.92
0.304
1.9
0.644
0.56
1.576
0.548
4.36
0.428
0.168
5.86
2.728
9.356
0.528
5.04
3.08
0.832
6.696
1.324
0.356
0.392
0.292
2.988
0.996
5.22
0.196
1.516
0.664
0.292
3.4
1.556
0.252
0.676
5.04
0.832
2.276
2.0
0.976
0.3
1.176
0.792
0.316
4.464
0.224
1.216
4.164
0.392
0.444
0.292
2.728
0.58
5.532
0.224
0.248
3.576
0.872
3.572
5.656
0.812
6.784
3.524
0.604
5.504
2.156
0.272
0.112
1.196
2.848
2.444
3.36
3.408
4.232
0.948
2.348
2.296
0.464
1.312
1.116
3.74
6.852
1.864
2.72
1.964
4.588
0.404
2.0
1.076
1.968
5.548
0.732
2.536
0.36
0.9
2.02
0.484
0.116
0.684
0.16
2.016
3.264
1.564
0.72
8.116
0.664
0.24
4.2
9.656
2.108
5.152
3.328
1.676
1.312
5.128
1.704
2.36
1.596
4.308
2.484
1.796
0.244
0.108
1.86
0.32
4.812
0.944
1.216
0.204
2.624
2.852
1.328
7.34
0.98
0.312
0.168
0.244
2.708
0.648
2.396
1.108
5.152
5.724
4.704
1.208
1.928
0.584
0.452
0.84
3.944
1.212
0.228
2.088
1.056
2.26
0.724
1.76
0.872
0.816
1.016
6.944
0.328
0.336
4.608
1.88
1.644
2.144
0.4
5.456
0.816
2.272
2.196
3.58
3.176
1.94
1.608
4.832
1.06
0.624
2.748
2.512
6.532
4.032
1.444
0.324
2.112
0.484
1.072
1.3
2.396
4.424
0.68
1.152
0.652
4.56
5.132
0.12
3.332
4.78
0.88
3.712
0.192
1.328
1.12
3.092
1.308
3.512
1.048
4.364
0.116
0.348
0.136
0.256
3.136
2.916
0.416
1.116
0.764
4.548
4.912
1.304
1.728
0.18
4.164
0.828
3.98
5.276
0.596
0.624
0.976
0.736
0.548
0.772
1.148
0.632
0.484
1.276
5.276
1.2
3.288
2.456
1.752
0.244
0.408
9.736
1.3
5.94
0.332
1.168
0.744
0.512
1.204
4.1
0.7
1.196
0.716
4.48
0.464
2.412
0.328
6.992
2.672
1.296
2.788
0.268
2.256
2.584
0.556
10.648
2.712
5.624
2.548
4.092
0.272
1.08
1.18
3.608
0.732
2.088
3.792
1.628
1.932
1.924
0.216
2.016
1.924
1.008
0.888
0.604
1.8
4.336
4.264
0.984
8.316
1.076
2.82
5.44
3.168
0.1
3.252
1.956
0.94
1.8
5.572
3.68
1.008
1.536
2.944
0.624
1.492
2.496
0.292
5.912
0.288
0.148
7.872
1.12
2.536
3.304
2.74
0.892
3.56
0.604
0.5
0.7
5.96
0.736
3.208
0.316
0.892
5.024
2.728
1.14
5.596
0.812
9.288
0.716
2.076
1.344
5.588
0.148
2.296
0.996
4.376
1.192
0.756
0.352
0.4
0.8
1.62
5.648
0.776
0.964
9.576
1.66
1.736
2.2
0.112
0.228
0.12
1.596
0.16
3.068
2.624
0.664
0.804
2.596
1.304
1.552
2.04
8.092
3.236
3.464
0.956
6.108
2.784
6.932
3.004
1.628
1.112
1.532
0.94
6.296
1.416
0.576
2.156
0.344
1.444
0.12
0.648
3.308
10.68
1.82
0.58
2.284
1.32
1.816
3.532
0.688
4.54
0.224
0.968
6.476
1.772
3.372
5.764
0.7
9.62
2.48
1.14
1.04
9.556
0.352
4.444
2.232
4.892
1.188
0.692
0.808
0.2
0.464
4.112
0.508
3.308
3.268
1.464
0.988
0.72
4.936
0.784
0.792
1.968
5.812
0.32
1.032
2.14
0.12
0.572
3.52
2.012
2.076
3.572
0.3
2.764
1.332
2.396
2.988
3.964
0.94
1.848
0.648
2.204
0.98
1.468
1.356
5.868
1.2
0.876
1.556
6.264
6.756
3.82
0.7
1.54
0.252
1.616
2.476
2.18
5.472
3.888
1.044
2.428
1.996
0.216
0.472
1.272
0.82
1.024
0.32
0.356
4.228
5.128
2.596
10.832
1.508
2.532
0.46
4.756
2.608
0.812
1.184
4.832
1.24
0.116
2.3
1.092
0.34
0.484
0.468
0.364
2.076
0.316
1.54
0.892
0.128
4.46
2.688
4.144
0.124
3.428
0.252
3.06
2.28
11.052
2.376
1.796
1.516
0.324
0.212
0.348
0.772
1.456
1.388
1.272
0.712
1.16
0.2
0.36
4.676
1.276
1.048
0.604
1.192
0.872
1.316
0.408
1.172
3.204
1.316
1.824
0.864
1.388
1.052
0.636
2.332
2.428
0.804
0.856
0.24
1.696
10.924
1.82
1.356
0.548
0.18
0.228
3.54
1.608
1.604
7.496
3.332
1.028
4.256
0.844
2.004
2.336
0.336
1.592
3.988
0.128
1.296
6.46
1.592
1.212
3.604
1.052
2.016
0.724
1.736
0.492
1.772
1.428
2.88
7.308
0.528
3.668
0.172
1.156
3.684
0.236
2.192
10.08
0.724
1.236
0.376
0.288
0.904
1.724
3.4
0.348
1.816
2.4
0.228
1.956
2.472
1.496
1.124
2.156
5.892
0.584
9.612
3.064
0.588
0.228
0.448
2.488
1.3
7.26
4.652
0.824
6.528
0.2
1.448
4.112
3.584
1.86
0.348
9.052
3.472
4.868
0.972
6.964
1.004
1.944
0.6
1.832
9.436
4.232
8.868
2.952
1.028
0.924
0.324
0.116
9.188
1.776
9.252
1.972
1.62
1.812
0.196
3.708
0.276
8.964
1.124
1.9
0.572
1.456
5.228
0.884
2.472
1.792
0.54
3.612
0.968
0.868
0.12
0.284
6.724
4.036
1.6
0.152
0.74
2.98
1.256
0.212
1.224
0.688
2.808
1.052
3.348
2.436
3.188
0.308
2.14
0.404
2.612
1.264
1.628
1.448
3.064
1.18
2.14
0.764
1.192
0.168
0.888
1.716
1.968
0.228
2.936
0.96
5.912
4.28
2.34
0.412
1.772
7.168
0.288
0.112
0.396
0.388
0.244
4.624
6.272
0.66
0.944
3.816
0.272
0.88
2.088
0.284
2.976
0.104
0.42
0.236
2.408
6.716
0.24
3.2
0.712
1.168
7.928
5.004
3.0
1.604
0.404
1.036
2.42
0.216
0.112
0.184
0.804
1.984
3.152
5.58
2.916
1.108
0.804
1.928
2.344
0.616
2.44
0.8
1.756
6.36
1.344
2.784
0.204
0.484
0.12
0.204
4.156
1.088
2.372
0.396
2.64
4.372
0.64
0.396
1.236
1.192
0.312
0.78
0.484
1.144
2.444
3.888
1.172
2.916
3.392
0.508
1.352
2.62
0.788
1.324
6.932
0.844
0.828
0.696
0.104
0.936
0.224
2.912
0.46
0.112
1.796
1.108
10.788
8.288
0.148
3.6
0.616
0.804
0.776
0.832
0.352
0.332
2.58
3.48
0.828
1.98
0.248
8.52
0.848
0.328
6.672
3.208
3.932
3.068
3.804
4.064
1.22
4.056
0.408
0.188
3.748
3.212
2.48
0.496
4.304
0.664
1.86
4.044
0.464
1.848
2.108
8.732
4.36
0.58
1.128
1.588
3.108
3.972
9.78
0.468
2.044
1.492
2.044
0.412
0.364
0.632
1.156
0.928
2.36
5.848
1.332
5.964
0.204
1.628
3.532
0.272
1.3
0.452
5.288
0.964
2.252
1.144
1.744
4.88
0.54
0.716
1.712
3.74
1.812
1.16
1.052
0.656
0.624
2.176
0.192
3.052
5.804
4.776
4.86
0.248
1.164
0.856
2.092
0.468
0.928
4.892
0.168
4.796
5.292
0.448
6.596
2.148
1.152
0.888
6.748
4.436
0.612
8.276
1.292
5.576
3.216
9.608
0.244
0.208
0.344
0.3
0.228
0.568
0.488
0.856
1.152
0.24
7.392
2.6
4.164
0.212
0.6
2.336
4.272
0.948
1.588
0.452
2.4
4.66
0.752
0.568
3.304
0.152
5.536
0.576
5.196
1.52
9.924
1.48
2.092
3.252
1.84
1.536
0.28
4.568
1.228
0.292
0.764
5.724
5.072
1.66
4.004
0.636
0.512
2.256
2.156
3.408
0.26
1.316
1.632
1.756
2.912
0.216
2.272
1.74
2.852
8.352
3.248
6.268
0.68
6.036
1.3
0.136
1.336
2.94
0.384
0.384
0.328
10.12
0.636
1.776
0.492
1.656
0.56
1.224
0.628
0.964
0.428
0.104
0.708
6.8
0.164
4.572
0.744
1.588
1.976
2.484
1.9
0.7
1.452
0.316
2.884
9.892
0.42
1.968
2.516
2.272
5.372
1.128
0.572
0.848
7.648
5.772
3.94
1.212
0.868
3.248
1.52
2.2
0.236
1.28
1.284
0.224
3.788
0.196
8.692
0.38
6.924
3.224
0.304
0.476
5.996
0.8
0.192
0.268
0.444
0.12
1.724
1.428
7.444
4.208
4.108
1.912
5.84
2.072
4.46
0.548
4.896
0.656
2.14
0.372
2.264
1.48
0.236
2.188
0.212
0.736
1.888
10.42
8.528
0.38
2.612
3.736
0.976
10.444
0.968
0.768
2.48
5.188
4.472
1.276
0.336
2.316
0.404
0.628
7.16
3.772
2.504
2.144
2.116
2.364
2.108
3.708
1.092
1.696
1.452
0.98
1.336
0.784
0.172
1.032
1.916
0.8
1.32
0.336
1.528
0.892
2.056
0.352
2.128
1.652
6.848
1.984
4.664
1.432
10.084
1.244
1.924
1.588
2.62
1.344
2.252
1.092
1.244
3.392
2.604
0.32
1.9
0.172
1.508
1.996
2.16
2.116
0.948
2.192
2.484
3.132
3.824
0.22
0.72
4.58
1.02
2.728
0.484
0.308
3.944
2.136
3.212
5.892
4.772
0.7
1.96
0.284
0.18
1.624
3.064
9.868
1.996
0.624
0.508
1.36
0.372
5.28
2.552
2.456
1.664
1.304
0.144
5.224
0.476
1.612
2.356
0.512
0.884
4.364
0.108
0.548
0.108
1.64
2.308
3.924
1.784
1.288
0.3
0.252
0.904
3.076
4.128
5.244
0.376
0.452
0.788
1.5
0.176
6.292
0.564
1.416
2.652
0.856
4.312
2.66
3.132
0.604
2.228
3.844
0.672
2.712
0.66
6.444
6.14
2.684
5.784
1.76
1.936
0.896
2.764
1.416
1.44
10.432
1.936
1.932
1.236
0.416
5.072
0.744
0.108
1.012
1.484
1.572
2.684
3.548
2.276
0.788
3.468
4.092
0.524
0.116
4.12
4.268
2.064
0.84
1.112
1.48
1.396
3.376
7.004
1.332
7.06
5.328
2.4
0.996
3.388
1.264
1.996
0.736
10.212
0.136
0.376
0.392
0.108
11.064
2.548
1.468
1.052
0.488
0.632
0.376
0.7
2.48
1.012
0.268
0.792
0.288
0.64
6.056
9.488
0.436
2.964
0.152
2.42
0.296
0.368
1.128
0.484
2.212
0.188
0.832
1.5
9.876
0.144
0.796
0.344
1.196
3.16
4.452
2.536
1.588
1.352
1.14
5.536
0.788
0.68
2.936
0.84
0.476
0.164
0.24
0.328
4.052
0.568
0.508
2.328
0.584
0.3
0.212
2.304
6.664
0.4
3.012
2.656
0.2
4.884
0.184
0.204
7.724
2.156
1.648
4.028
6.024
1.996
5.524
2.04
0.328
1.724
1.06
0.996
0.888
0.148
0.52
2.344
8.876
1.152
0.1
3.708
0.648
1.724
4.328
3.392
1.048
0.204
2.896
5.084
3.648
0.252
0.136
0.104
0.892
0.192
1.328
5.104
3.8
3.136
4.096
0.096
0.708
8.016
0.856
0.34
0.512
0.384
1.384
2.012
1.432
0.98
1.004
1.372
0.924
0.488
8.256
2.332
0.464
4.408
1.268
0.784
0.704
2.488
2.644
10.6
1.512
0.28
0.136
0.676
9.008
0.392
1.404
0.824
0.572
1.16
0.432
1.784
1.06
0.208
2.14
1.236
0.68
1.072
2.204
10.892
0.788
2.76
1.596
1.324
3.508
9.5
3.28
2.352
0.652
1.848
3.54
0.716
0.368
1.352
0.668
1.68
1.792
0.316
4.064
3.176
0.564
3.992
6.288
2.296
0.156
0.896
0.94
0.452
0.688
0.232
0.724
5.712
0.84
6.716
0.9
0.956
5.0
1.396
0.12
0.192
0.136
1.66
1.176
2.516
0.492
2.356
1.216
0.332
8.432
1.984
0.352
0.716
4.816
5.264
1.848
1.012
1.052
2.436
0.928
0.9
4.196
0.876
5.352
1.764
2.676
0.52
2.084
6.376
1.796
2.544
0.988
0.924
0.536
1.12
0.912
8.236
0.832
1.132
3.912
4.992
5.356
0.512
2.288
1.276
2.168
0.52
5.48
0.216
0.34
0.512
0.208
1.688
1.364
0.476
2.972
9.016
4.668
8.408
1.548
1.42
2.176
0.216
1.384
5.184
0.536
5.264
1.376
1.752
4.156
2.396
0.476
0.892
0.604
0.18
1.064
4.756
0.124
1.8
4.84
6.288
0.968
2.06
0.244
3.484
2.308
0.944
0.436
0.936
0.464
3.9
2.544
3.932
0.812
1.32
3.1
3.276
3.444
4.468
0.912
0.8
0.296
6.04
3.244
1.584
1.08
0.396
10.74
4.404
3.288
0.964
4.676
0.952
2.872
5.536
0.44
0.728
2.032
0.24
1.596
0.396
1.288
0.492
0.488
9.224
6.532
0.82
0.544
1.616
1.284
1.26
1.132
1.724
0.312
0.776
3.008
0.284
0.336
4.932
5.196
0.196
4.428
3.544
2.576
2.06
3.052
0.304
7.14
2.288
1.764
1.792
0.576
2.52
0.904
2.564
1.408
6.784
1.628
1.052
1.428
3.692
0.14
1.18
0.648
0.964
1.908
0.38
4.38
0.924
1.2
1.276
1.472
0.776
0.624
9.676
0.212
0.408
3.284
2.744
0.184
7.708
0.876
0.508
5.796
3.056
0.416
0.848
0.264
2.404
1.516
1.356
3.808
1.652
1.884
1.776
1.376
9.6
2.008
1.204
2.776
1.168
2.2
0.36
2.452
6.296
4.9
3.48
0.184
0.712
3.184
1.888
0.744
0.84
0.688
2.224
2.172
0.54
3.636
0.776
1.532
2.176
2.416
5.476
0.684
0.216
0.724
0.132
1.008
2.996
3.152
0.548
11.06
0.156
4.256
0.452
0.156
1.644
0.296
0.476
0.744
0.816
1.104
1.908
0.464
2.188
1.236
4.716
0.308
2.768
1.804
1.584
7.02
9.016
1.952
3.492
5.636
0.112
2.956
0.572
4.328
0.936
0.464
0.724
0.468
3.176
8.344
0.1
2.04
0.816
0.76
3.424
6.92
1.14
1.536
1.492
4.876
0.78
0.308
0.924
2.676
2.672
6.64
0.964
1.552
4.144
0.304
5.46
4.268
0.556
0.44
0.604
1.968
0.336
9.668
1.552
2.552
1.5
2.916
1.1
1.788
8.024
2.472
0.216
2.484
4.028
4.212
3.632
2.316
1.028
0.496
0.372
5.628
0.552
0.832
5.268
1.092
0.348
0.12
0.112
8.536
2.968
1.3
2.224
1.86
1.468
0.496
7.524
0.236
0.272
11.0
1.568
0.236
3.112
10.108
1.448
1.124
1.784
1.68
3.824
8.152
3.276
2.848
8.884
0.752
0.78
0.948
2.204
1.872
3.6
6.576
1.448
0.744
0.264
1.736
1.212
2.44
7.244
0.8
1.5
2.3
0.272
2.236
0.544
0.636
2.568
0.988
6.448
1.192
1.944
0.876
0.188
0.904
8.444
0.244
0.64
3.94
0.148
0.828
2.98
2.12
1.632
0.356
2.696
1.076
4.208
0.176
1.304
0.16
1.016
1.244
0.272
0.312
0.672
0.16
1.98
5.616
0.652
0.888
0.272
0.736
0.728
1.272
2.832
8.556
0.412
1.516
0.536
1.008
3.364
2.864
0.12
0.112
1.36
2.028
7.772
0.26
2.436
2.348
0.156
1.408
0.164
2.72
0.276
0.56
1.852
2.056
3.18
0.168
1.088
5.36
4.388
0.152
1.732
4.104
2.352
0.528
0.308
8.368
0.34
0.252
1.828
0.292
1.448
0.72
0.168
5.884
3.564
10.512
0.92
8.044
1.824
1.756
0.576
0.124
0.572
0.204
0.856
1.132
6.072
4.9
2.116
1.5
1.18
6.036
4.764
2.424
1.552
2.528
1.0
1.78
4.748
1.176
3.164
3.156
1.704
2.928
10.3
2.06
1.624
1.284
2.464
1.824
2.064
2.016
4.604
0.184
3.62
3.516
0.728
5.364
1.776
0.224
1.212
3.404
1.116
1.16
1.556
4.6
1.372
4.232
0.524
0.664
3.428
2.612
4.572
1.076
2.5
9.412
0.604
3.16
4.836
4.824
0.912
3.732
0.808
1.244
1.312
1.748
1.464
2.2
0.264
2.256
2.604
3.2
7.32
0.304
3.996
2.92
1.34
1.008
3.072
3.468
1.316
2.616
1.36
0.2
2.08
7.368
0.72
0.392
1.172
2.176
3.22
6.372
0.336
5.748
2.836
2.212
1.212
0.328
0.82
1.024
0.332
3.364
0.188
4.216
0.6
0.368
1.292
0.312
7.292
7.952
8.32
0.532
2.992
6.536
4.076
0.696
0.16
1.544
4.116
0.316
1.204
6.716
3.108
2.472
0.476
1.312
8.516
0.152
1.868
1.696
0.48
2.304
3.016
0.54
0.488
4.172
0.656
0.112
0.708
0.196
10.348
0.632
0.588
2.168
1.972
2.42
2.244
1.684
1.152
1.144
1.32
1.224
2.4
2.164
4.0
0.384
3.436
3.58
1.344
1.428
0.424
1.432
3.156
1.236
9.472
1.548
0.832
1.692
4.352
7.616
1.52
0.452
0.2
0.216
2.724
9.068
1.044
0.408
0.424
0.784
1.024
4.028
3.496
0.448
6.904
5.324
0.536
3.016
2.412
0.56
2.5
0.668
3.264
1.484
2.932
4.388
3.092
6.376
0.696
1.712
0.248
0.94
2.78
5.504
1.76
0.252
2.948
2.784
4.388
1.508
8.364
3.644
2.596
1.86
0.568
0.152
0.172
3.88
10.82
1.724
5.6
1.964
5.704
0.268
2.58
0.648
4.448
1.012
9.528
4.212
0.78
5.804
1.196
0.516
0.924
0.532
1.132
1.06
3.204
2.204
4.06
0.38
2.98
1.62
0.104
1.384
2.032
4.612
0.524
1.58
9.576
0.164
0.384
7.256
0.468
3.04
1.612
1.228
0.272
0.928
1.028
0.7
9.172
2.092
1.1
0.48
6.652
1.748
1.18
1.86
0.512
6.0
0.212
0.384
1.548
0.824
5.764
2.172
3.236
8.096
0.184
2.164
0.144
5.568
1.376
2.252
3.256
0.44
0.348
7.4
8.844
0.768
1.412
0.116
0.464
1.028
2.02
3.204
5.312
9.544
0.304
0.62
0.132
2.22
3.464
5.2
0.228
1.184
0.736
0.86
0.464
0.72
1.82
0.808
1.552
0.436
4.5
10.432
0.632
0.152
6.36
2.856
2.044
8.42
6.216
1.352
0.32
0.56
3.1
2.108
0.836
2.224
7.172
3.916
3.192
0.42
1.436
0.244
1.808
0.748
3.904
4.536
2.608
1.7
2.948
4.196
2.276
1.276
0.98
0.104
1.084
5.308
2.232
3.056
1.924
10.708
1.492
1.2
2.46
1.516
0.62
3.708
0.816
0.74
3.296
0.444
0.352
4.98
2.812
1.372
1.048
4.704
1.144
0.852
0.564
0.448
0.568
2.112
3.436
4.832
4.016
2.912
3.04
7.104
0.34
1.58
1.088
0.476
1.312
0.628
0.288
1.54
0.664
0.504
0.284
0.228
1.552
0.14
2.196
4.796
3.684
0.38
4.124
2.176
5.324
0.588
0.724
3.392
0.952
3.26
2.004
2.444
2.804
2.724
1.124
0.592
5.076
0.2
7.196
1.624
3.312
0.452
1.276
2.72
3.672
1.396
2.396
4.852
0.668
2.716
2.744
5.328
2.932
2.632
0.204
1.392
4.076
0.744
0.668
7.656
0.836
1.764
1.972
1.992
2.956
1.92
1.096
2.516
0.856
0.704
0.204
0.496
0.44
2.148
0.208
2.088
0.376
3.056
0.348
1.728
0.376
1.332
5.312
0.808
1.7
3.708
5.912
1.152
1.2
1.596
0.564
1.96
3.952
2.456
1.164
0.58
2.224
1.064
9.632
6.084
1.584
0.748
4.736
0.964
3.772
3.852
0.196
0.496
0.544
4.58
1.056
1.652
3.96
0.78
0.392
0.236
1.272
6.512
1.772
0.42
0.24
0.264
5.96
2.42
3.18
5.112
0.824
0.98
0.664
3.328
3.108
0.464
2.744
0.684
2.684
1.392
2.12
4.516
3.424
0.268
0.748
4.972
0.136
2.988
1.048
5.788
2.312
2.052
7.164
0.192
2.052
0.204
6.664
1.092
0.776
2.032
0.748
5.184
0.288
2.044
3.088
1.184
0.92
0.376
1.4
2.992
3.72
4.796
0.264
3.484
1.784
1.216
1.852
2.032
1.044
1.488
0.144
2.124
2.412
1.128
2.616
0.152
0.812
0.704
0.24
3.26
2.904
7.452
5.74
3.704
1.152
0.988
1.172
4.644
0.244
0.96
0.256
1.22
1.976
1.708
0.268
2.204
1.608
2.636
0.968
4.332
1.812
3.588
2.58
2.912
5.344
0.448
3.784
6.472
2.032
2.472
1.252
0.244
0.432
8.772
4.336
0.872
6.988
0.34
3.348
2.88
8.016
0.228
0.612
2.672
3.412
6.14
0.492
1.728
0.84
1.312
8.464
5.452
4.196
1.58
0.476
10.712
0.42
2.636
4.652
0.88
0.344
2.264
4.316
8.896
0.428
1.044
6.488
2.716
2.836
6.056
9.656
2.988
4.716
0.232
7.792
4.452
1.076
0.536
2.012
1.244
6.204
0.648
0.556
3.952
0.16
1.36
5.356
1.488
0.92
1.028
0.264
0.876
0.608
3.592
0.284
0.592
0.66
6.708
0.464
6.456
1.188
2.304
2.9
3.584
3.64
1.224
2.232
0.476
2.872
9.624
0.672
6.956
1.996
10.04
6.212
1.656
0.716
1.076
2.368
4.312
0.54
0.444
0.384
5.436
2.056
4.992
0.4
4.196
3.272
1.796
0.268
1.112
1.944
0.264
0.564
3.556
0.368
7.344
3.104
2.356
0.34
1.372
1.208
5.084
0.328
1.56
1.524
0.824
0.404
1.084
0.556
5.884
0.356
0.756
0.144
0.552
6.064
2.156
0.196
1.676
6.216
4.556
1.232
3.94
3.66
4.26
4.384
1.196
8.58
0.524
5.82
3.08
0.528
2.696
0.128
2.064
1.816
1.112
0.124
0.992
2.092
1.22
7.272
2.48
0.444
2.792
2.364
1.736
3.408
3.864
1.392
3.14
3.008
0.408
3.572
2.52
0.796
0.388
1.116
0.14
2.312
1.132
1.448
3.472
0.932
5.156
1.148
5.828
6.868
1.476
3.576
2.332
0.492
1.616
0.136
0.976
0.804
3.58
3.78
1.156
0.696
2.48
1.88
4.556
0.196
2.792
0.876
1.356
1.568
0.232
0.828
4.124
0.208
1.532
1.976
2.348
9.7
3.124
0.872
0.3
4.544
3.872
3.5
0.848
0.216
3.716
0.396
2.584
1.752
1.884
1.468
2.232
1.064
1.0
1.056
0.72
3.472
11.016
1.348
1.3
1.0
1.488
0.124
2.992
0.388
4.316
10.172
1.368
3.2
2.264
3.396
0.836
2.76
1.448
1.432
5.336
7.844
0.344
3.716
0.284
6.936
1.956
2.552
1.356
1.832
0.624
6.248
0.98
1.412
2.076
0.2
8.272
0.768
0.14
1.788
1.136
4.676
4.76
0.864
1.696
3.244
5.568
3.944
0.252
9.4
1.78
0.808
0.12
2.368
2.568
1.232
0.676
3.272
0.684
0.412
1.24
0.18
8.792
3.708
0.44
0.76
1.848
9.124
2.58
1.508
0.496
0.48
3.608
0.552
0.528
9.228
3.96
0.916
0.132
0.852
3.38
0.46
4.644
4.116
4.06
1.0
1.816
0.12
2.148
9.404
7.392
1.776
0.86
2.676
0.872
0.264
0.416
6.66
3.044
1.024
3.3
3.748
5.788
2.332
1.512
0.972
2.484
0.432
1.524
1.612
1.812
2.204
4.124
1.824
2.404
0.372
0.436
0.424
2.156
1.932
5.24
0.988
0.84
3.396
1.756
0.804
1.332
1.024
2.344
0.164
2.704
4.364
0.488
3.244
0.36
0.608
4.1
5.08
0.52
0.168
0.948
7.432
10.808
0.3
3.012
0.388
1.528
1.532
1.568
0.656
1.596
3.136
1.772
0.524
3.736
0.164
2.848
0.416
0.26
1.368
0.26
0.352
1.144
9.64
1.476
8.844
6.188
2.1
4.664
6.164
3.188
1.6
1.504
1.804
10.476
1.276
3.192
0.248
0.356
4.08
1.044
1.284
1.076
0.2
0.704
1.66
1.024
4.344
1.22
1.556
0.356
4.176
0.42
5.008
1.888
3.84
0.316
2.124
0.188
0.156
4.804
2.012
2.06
0.224
0.264
7.552
2.636
5.604
0.124
0.228
0.62
3.5
5.564
3.748
1.42
1.452
0.312
0.316
0.596
1.212
0.288
2.852
1.376
5.608
2.048
0.104
1.792
5.344
3.228
2.124
8.536
0.948
1.716
1.104
4.004
1.924
0.104
1.776
1.896
3.276
0.384
1.812
1.16
2.732
3.7
0.616
1.224
1.0
0.36
1.74
2.008
0.7
0.32
0.168
0.336
7.388
1.596
1.172
1.292
1.908
1.276
2.604
10.06
2.944
0.428
2.188
0.248
4.3
0.156
0.208
1.884
0.172
2.432
0.472
0.928
1.976
5.336
0.416
0.552
1.748
0.104
0.26
1.108
1.304
5.528
1.832
4.716
0.368
1.472
2.7
1.108
0.828
2.988
0.652
1.768
0.3
2.604
0.248
2.244
1.924
2.116
1.42
0.604
3.556
7.648
1.28
3.736
1.528
7.152
0.416
0.192
1.296
5.028
4.208
2.736
5.708
3.548
1.864
1.08
2.556
0.308
1.132
3.212
0.628
0.52
0.124
2.48
0.588
4.096
1.404
0.136
0.916
5.652
0.508
0.312
9.096
3.404
0.48
0.556
0.712
0.956
0.14
5.044
1.532
1.94
0.52
1.652
8.4
0.348
0.176
1.448
1.844
0.184
0.496
4.86
2.932
0.688
0.86
5.14
0.444
5.564
4.668
1.064
3.0
0.904
2.2
7.368
1.568
1.476
4.452
0.488
0.64
1.192
1.336
1.26
2.744
1.696
2.108
2.796
0.932
1.504
1.164
1.004
0.416
9.636
1.204
5.86
2.88
1.968
1.488
0.12
1.808
1.224
1.092
0.336
2.196
3.54
3.472
0.184
2.724
0.34
1.04
0.32
0.124
0.248
5.152
0.512
0.584
4.144
2.108
1.156
0.384
3.22
0.272
1.624
3.656
3.468
1.28
2.08
0.46
3.552
0.532
1.08
2.764
1.0
0.26
2.532
1.808
0.636
0.176
0.888
2.32
1.86
5.988
1.3
0.68
0.276
2.6
0.412
1.936
1.272
0.108
1.344
1.64
0.992
1.44
0.916
1.224
0.184
0.764
0.788
0.976
5.172
0.416
1.232
4.984
0.696
3.896
5.564
4.468
2.78
2.036
1.168
1.94
3.024
0.36
1.552
0.216
6.648
1.036
2.48
1.148
0.352
1.356
2.084
1.336
1.548
0.208
1.948
1.676
1.78
0.224
2.988
4.572
2.488
1.864
0.336
7.564
0.32
0.1
0.216
1.48
2.236
0.804
1.14
2.612
1.46
6.256
0.136
0.344
10.624
2.692
1.288
1.084
3.936
1.52
0.804
1.316
2.468
0.16
1.1
0.488
3.336
2.116
3.8
4.3
1.108
0.34
2.052
0.984
0.256
0.936
4.376
0.596
5.564
3.504
4.076
5.048
1.544
2.78
0.384
0.128
0.156
0.416
0.104
2.608
0.628
0.8
0.224
0.36
0.572
0.868
0.744
0.392
0.184
0.976
1.92
3.012
10.4
0.628
2.156
2.676
0.564
1.544
0.472
3.064
2.896
1.344
1.972
1.596
2.324
1.516
0.704
0.98
0.704
1.576
2.12
1.152
1.004
6.804
0.164
0.312
1.284
0.364
0.276
6.516
0.388
0.256
2.26
2.448
2.692
4.784
5.284
3.308
0.172
2.124
2.58
1.66
7.148
0.352
0.532
0.272
0.696
0.364
3.492
4.38
7.72
5.236
2.584
3.604
0.196
0.396
1.784
0.776
0.308
0.7
2.456
0.444
0.368
1.464
0.944
1.656
0.428
2.948
5.716
1.636
7.556
2.256
1.572
2.088
6.736
0.096
0.824
2.312
1.892
5.668
1.18
0.768
1.248
0.348
5.336
1.196
0.1
0.936
1.34
3.964
0.796
1.472
3.408
0.144
2.888
1.796
1.488
5.476
5.636
4.12
4.724
1.744
1.288
0.332
3.74
0.764
5.984
2.444
2.44
0.392
0.848
0.564
0.62
3.468
1.6
0.328
0.672
0.564
0.152
2.284
0.908
0.204
3.4
1.332
1.18
0.328
1.08
1.648
0.152
0.48
2.188
0.68
5.66
1.972
3.6
1.924
1.708
1.828
2.756
0.148
6.38
4.308
6.372
3.62
0.976
1.804
0.832
4.124
1.204
4.588
0.932
7.132
1.632
0.54
0.132
8.068
1.932
2.456
0.164
3.468
2.344
2.14
7.032
1.952
2.516
1.048
0.18
2.996
0.2
0.3
6.592
0.832
9.092
6.884
1.7
4.32
0.624
0.588
4.688
10.844
0.7
0.34
6.364
1.112
7.364
1.256
0.316
0.568
2.844
0.24
0.568
1.128
1.456
1.328
3.72
1.164
1.936
0.636
0.376
2.48
0.276
1.108
1.18
4.492
2.6
1.58
0.236
0.204
2.188
1.632
2.132
0.812
2.088
0.884
1.992
0.652
0.556
2.136
4.132
0.184
1.468
0.784
0.256
2.74
3.408
3.812
3.068
3.02
1.372
2.044
1.176
0.104
1.656
0.68
7.0
0.112
3.512
4.94
0.488
0.6
1.808
4.236
0.212
1.08
5.272
0.172
2.46
4.584
4.948
4.928
1.088
2.208
1.356
4.356
4.832
0.532
0.224
4.688
3.02
1.28
1.416
0.828
1.588
1.032
1.168
0.404
2.592
0.944
2.8
0.724
2.848
0.252
2.188
8.4
0.432
0.896
2.764
0.112
1.66
2.432
0.62
6.08
2.116
0.868
8.36
0.552
0.248
0.608
2.708
0.516
0.604
0.728
1.452
2.764
3.44
0.112
1.616
3.224
0.444
1.124
0.508
1.016
1.46
0.396
0.22
0.148
0.984
1.104
0.68
2.5
5.14
1.088
0.168
0.584
0.284
0.592
1.38
7.768
0.968
0.52
0.776
0.768
1.584
8.452
0.608
2.396
1.66
0.92
0.348
1.648
0.264
0.752
0.264
0.124
0.136
2.836
0.7
0.488
2.768
8.844
1.26
3.664
0.368
2.32
3.46
0.228
0.98
5.96
0.364
0.392
0.18
6.352
1.86
6.22
1.328
0.756
1.676
4.556
0.396
1.656
2.22
2.732
1.788
4.656
2.256
1.0
1.568
2.768
0.232
0.4
7.044
11.024
2.472
0.724
0.712
1.18
0.816
0.608
1.684
2.248
5.524
3.22
0.924
3.936
0.636
2.912
3.368
0.536
5.588
2.344
0.528
0.584
0.2
3.032
3.628
3.3
2.508
5.504
1.448
0.312
0.176
5.444
0.108
0.528
0.46
3.384
2.416
4.492
0.328
1.972
0.636
6.944
4.972
0.252
2.724
1.456
2.328
1.452
1.124
0.588
1.464
0.68
1.112
3.26
2.8
0.808
0.472
1.772
0.56
9.748
0.856
0.344
6.836
1.208
0.32
6.224
0.396
10.4
2.664
1.216
1.82
0.34
1.608
1.032
0.752
4.364
3.616
4.284
0.912
1.888
0.596
2.628
1.5
0.916
0.824
2.588
0.356
0.396
3.912
0.344
0.736
3.732
7.196
0.612
1.824
3.348
4.2
0.276
1.408
0.468
3.824
7.176
1.488
1.564
1.196
0.708
2.964
0.112
4.452
2.868
0.8
1.54
0.524
1.996
2.048
0.176
2.164
0.76
1.176
0.948
1.784
1.94
0.692
0.336
8.996
4.048
0.224
1.264
0.904
1.148
2.652
0.96
1.008
1.224
10.468
0.104
0.752
2.352
5.464
0.992
0.136
1.212
2.744
0.68
0.136
2.18
5.188
0.276
0.716
0.332
0.176
5.48
4.32
1.148
1.172
0.16
0.756
6.676
0.188
0.912
4.324
1.708
0.292
0.412
1.236
9.852
0.264
1.656
0.624
0.916
2.152
1.24
5.204
5.06
1.976
2.46
0.38
7.88
0.184
4.436
0.836
1.524
7.48
0.4
1.24
0.468
1.024
0.924
0.712
0.564
1.516
0.508
2.216
0.828
0.584
6.632
2.124
0.776
0.924
2.244
0.74
1.904
1.904
1.444
3.496
3.044
0.804
8.824
0.856
1.42
0.22
0.328
0.208
1.712
5.248
0.556
2.572
0.148
5.228
0.932
1.724
4.052
6.408
1.176
5.676
1.952
3.26
1.44
0.848
1.948
0.52
3.784
0.94
3.836
0.204
1.256
0.228
3.968
2.564
0.456
2.304
2.46
1.132
3.712
1.3
3.484
0.384
0.96
2.748
1.86
2.876
2.6
2.528
7.848
3.296
1.984
4.892
0.112
1.844
1.912
1.776
0.912
5.58
1.64
2.348
0.232
4.336
8.388
0.98
1.0
10.568
1.188
0.416
4.312
0.684
3.928
1.176
1.116
1.364
6.84
4.732
2.692
3.28
5.62
0.848
1.064
2.172
1.364
0.456
2.108
2.54
4.884
0.936
0.808
0.468
2.816
1.54
0.816
0.612
1.604
1.376
0.492
1.928
1.256
2.356
0.916
1.12
10.46
3.152
8.868
0.616
2.48
10.264
2.34
0.196
2.272
2.376
1.32
0.168
2.524
6.62
0.244
2.184
7.468
0.868
1.06
1.972
2.088
5.588
4.68
0.284
0.484
0.576
0.98
0.804
1.92
0.944
0.604
7.756
2.892
3.4
2.288
0.704
1.152
7.188
8.44
1.192
0.336
0.26
8.048
0.388
1.136
0.32
0.104
1.36
4.512
0.476
6.284
2.164
0.28
0.528
0.128
2.872
3.124
0.108
1.9
2.064
0.228
2.988
6.192
1.576
0.816
0.484
1.096
2.588
3.8
0.232
0.96
1.012
0.796
0.48
0.24
0.772
2.204
1.676
1.212
1.876
2.796
4.092
0.904
0.576
1.708
4.44
0.72
1.572
4.328
0.372
1.716
0.652
0.908
0.34
3.568
1.592
0.584
0.168
0.632
1.228
0.176
1.76
1.292
4.8
0.84
1.6
9.892
1.048
0.376
1.116
2.012
0.216
1.824
1.02
0.496
1.056
0.944
1.804
0.836
0.948
3.12
5.964
2.404
1.716
1.664
1.08
3.948
2.62
2.108
0.492
1.2
4.908
4.14
0.64
0.116
1.636
0.572
2.636
2.048
0.252
1.848
1.9
0.828
1.744
1.82
0.584
0.16
1.792
0.396
4.22
1.024
5.32
4.608
4.184
0.184
3.34
3.588
0.688
0.632
1.972
0.28
0.548
0.764
1.42
2.112
2.612
1.204
4.196
0.468
3.388
5.332
1.176
7.932
5.6
3.06
2.628
0.36
7.88
0.136
3.06
0.98
0.784
4.712
0.172
3.864
1.008
1.14
0.196
2.304
1.16
0.348
2.256
2.408
0.688
0.48
5.116
7.672
1.78
0.96
7.392
2.372
0.588
1.244
0.408
4.996
2.08
4.2
0.36
0.8
0.712
0.136
3.972
1.52
0.352
3.504
7.912
0.588
0.916
1.476
0.192
1.012
1.3
1.112
0.564
2.048
2.98
0.5
1.54
4.416
2.9
5.756
0.152
1.488
1.876
1.592
1.2
0.472
1.944
2.68
0.464
5.18
10.572
2.128
0.168
0.276
0.98
0.332
3.488
4.848
0.108
10.412
0.616
0.24
0.468
0.276
0.208
6.844
1.368
4.9
1.512
5.504
0.624
1.176
1.252
1.628
2.852
0.612
0.184
0.496
1.24
1.324
4.868
1.82
0.456
4.964
3.5
1.512
2.444
0.652
0.352
0.928
2.024
0.484
4.676
5.004
0.628
1.948
3.628
0.1
4.388
1.356
0.544
1.024
1.736
0.548
3.292
2.804
1.516
0.188
1.644
1.296
0.164
10.2
4.144
1.548
0.7
0.116
0.144
1.22
7.372
6.804
1.328
1.208
2.404
0.184
8.7
1.168
1.028
2.52
0.112
1.252
1.884
3.18
8.144
2.232
0.468
2.296
1.292
1.704
2.676
4.332
2.276
3.04
0.616
7.7
0.76
0.288
0.392
9.828
0.836
2.728
0.52
2.636
0.144
0.312
10.38
0.976
1.732
1.56
2.156
0.112
1.92
10.104
0.22
0.196
4.528
0.348
2.168
1.168
5.972
7.336
7.86
4.564
0.312
0.888
0.84
2.588
1.88
0.256
3.056
0.892
2.38
2.168
1.272
2.192
1.376
0.324
2.576
2.1
3.952
1.1
1.788
1.232
2.52
2.032
0.86
7.764
2.62
6.832
2.632
0.716
2.732
0.772
1.808
0.436
9.54
0.312
4.552
5.82
1.46
4.34
5.364
1.68
0.62
0.872
0.276
1.596
3.384
1.852
2.436
9.024
1.208
1.356
3.712
0.516
2.008
2.4
7.752
1.04
5.728
0.652
3.044
0.16
1.132
2.224
1.7
2.38
0.104
3.296
2.688
2.348
6.476
1.776
2.808
6.268
1.208
10.872
9.556
3.132
1.636
1.892
2.136
0.252
0.752
0.188
3.968
2.24
0.732
5.852
2.316
6.74
0.528
2.284
9.176
2.48
1.124
0.868
9.512
2.72
7.124
4.544
3.304
0.34
6.404
3.208
2.08
1.228
0.712
0.296
1.436
1.048
2.216
1.328
3.404
1.396
0.952
0.5
1.464
3.664
2.828
1.896
6.312
1.392
3.28
2.868
0.656
0.368
3.256
1.756
1.46
1.792
4.708
0.408
1.96
3.6
2.336
1.156
0.332
0.184
0.14
0.168
0.372
4.092
1.336
4.128
9.244
0.756
1.384
0.652
1.368
0.18
2.38
4.82
1.764
0.688
0.412
1.988
5.02
2.248
1.516
1.868
0.876
4.012
6.868
0.556
0.476
1.28
2.676
1.26
10.932
0.112
0.208
1.268
1.216
1.256
0.604
1.808
0.328
4.576
4.088
3.448
2.536
1.088
7.472
0.22
1.332
1.032
5.224
1.876
0.156
3.556
1.024
2.5
1.576
0.224
5.404
1.076
1.136
0.412
0.956
9.52
2.928
1.204
5.616
1.748
8.776
2.072
1.816
2.98
0.976
0.46
0.14
0.252
5.968
0.86
0.744
1.028
1.736
0.552
4.676
3.144
0.676
0.868
1.204
6.512
0.396
0.184
0.588
1.192
0.252
0.516
1.892
0.224
0.444
5.88
0.188
7.512
0.32
5.58
2.884
3.48
1.792
0.1
1.7
0.428
1.356
0.932
0.216
2.176
0.648
5.412
1.484
0.3
0.584
1.124
2.136
3.204
3.068
1.132
5.048
1.252
0.476
2.24
1.288
1.16
0.588
3.26
0.936
7.304
2.66
1.896
2.504
1.024
5.264
1.904
0.188
6.012
3.356
2.392
0.144
1.768
0.4
1.82
3.008
2.904
2.024
6.296
7.768
2.028
0.852
5.392
1.396
2.752
0.196
1.46
2.588
0.916
2.836
3.392
0.1
1.244
1.54
0.108
4.332
1.448
2.496
1.064
0.1
0.992
10.464
0.388
3.052
0.136
0.256
0.244
2.092
0.62
3.544
1.144
3.988
2.98
0.964
0.2
9.596
0.188
5.612
0.56
1.604
0.22
2.228
0.32
0.404
1.064
0.516
9.108
0.292
4.496
4.344
0.42
1.36
0.652
2.844
0.636
0.456
5.84
0.468
2.4
3.124
2.264
2.48
2.908
1.18
2.0
3.568
2.708
7.1
0.764
7.804
2.156
0.8
0.78
0.148
2.332
0.372
0.888
0.512
7.22
4.0
0.12
1.776
2.168
3.532
4.744
0.612
0.948
0.224
3.82
1.408
1.324
1.596
0.232
1.056
1.744
4.216
1.776
0.872
1.856
0.856
1.256
0.412
3.208
1.884
0.588
0.244
0.576
2.588
1.912
0.292
1.544
0.208
0.284
3.356
0.9
0.236
1.104
3.188
1.772
5.22
0.144
0.96
4.232
5.012
0.476
2.224
4.812
1.152
3.196
0.764
2.64
0.224
0.892
0.788
0.764
5.252
2.268
3.552
0.848
0.776
0.7
3.012
9.612
0.292
2.3
1.336
0.872
1.184
1.088
2.328
8.54
3.884
0.168
0.24
0.288
1.66
0.644
2.292
8.144
1.368
3.668
0.376
1.724
1.504
1.052
2.5
0.364
0.336
0.856
0.712
6.516
2.66
4.708
1.104
9.68
0.256
7.044
3.232
0.88
0.144
1.928
1.824
0.66
4.476
1.844
1.832
0.28
0.26
4.288
3.572
3.7
1.9
0.148
7.336
8.264
0.368
2.952
0.884
2.776
1.248
0.3
0.276
1.016
0.604
0.208
1.016
7.72
1.02
1.628
0.192
1.344
0.592
3.964
6.692
1.996
0.36
3.58
1.692
0.408
1.828
6.456
3.196
4.956
1.812
0.36
1.268
0.116
1.208
0.5
1.352
0.276
5.104
3.26
0.528
5.584
2.952
3.792
1.204
0.52
1.892
0.94
2.884
0.232
0.776
7.72
5.704
4.532
0.184
0.74
2.116
1.308
5.492
0.36
1.02
5.792
0.312
3.552
0.132
0.356
0.656
5.636
0.84
5.792
1.72
0.94
1.608
0.232
0.976
0.988
0.14
2.16
0.12
2.068
9.768
0.936
0.488
2.076
2.42
4.3
2.252
5.536
0.832
0.192
1.492
6.96
2.988
3.84
5.34
2.636
0.904
0.344
4.568
6.428
1.224
5.848
0.2
1.648
0.156
0.928
0.496
3.584
0.812
0.96
1.42
0.556
0.636
0.788
2.852
0.88
2.604
1.88
1.1
2.32
0.492
0.312
2.592
2.816
1.376
5.424
0.74
0.152
0.14
2.584
1.98
0.272
0.572
0.44
0.176
2.212
1.948
1.14
1.98
0.304
0.292
1.212
1.268
7.504
2.348
2.476
0.568
0.616
0.212
1.56
4.124
1.168
0.324
3.612
0.476
0.492
0.204
0.88
3.696
0.264
0.364
2.128
0.176
4.192
0.34
0.38
2.464
0.176
0.404
0.976
0.968
1.348
2.996
0.948
0.804
0.796
0.672
10.004
1.188
2.208
0.62
3.928
0.704
0.476
8.44
5.628
1.912
1.292
1.696
1.112
2.776
6.312
1.044
3.624
2.536
0.356
0.204
0.672
0.312
1.756
2.344
1.432
0.332
4.596
9.412
2.776
0.188
1.052
0.244
0.416
2.936
1.696
1.16
2.328
1.376
2.98
0.276
0.532
5.584
1.012
5.7
4.132
1.224
0.968
2.584
10.348
0.872
0.628
0.68
1.304
2.46
9.728
1.668
0.824
1.144
4.492
3.248
0.732
0.468
1.796
1.536
5.296
0.716
0.144
0.584
1.888
2.176
1.46
1.556
10.636
0.544
0.204
1.344
7.892
2.872
3.08
0.78
1.94
4.98
4.544
4.7
1.96
1.68
3.816
2.168
0.6
3.456
0.492
1.044
1.16
0.488
0.26
1.372
0.188
0.388
1.468
0.856
1.32
0.172
1.88
1.28
0.736
2.124
0.204
2.156
5.276
1.4
0.436
0.92
1.46
1.264
1.012
0.688
0.78
0.672
2.028
1.132
0.236
0.7
0.284
1.96
1.556
0.532
2.404
0.92
0.484
1.168
6.576
1.672
0.948
4.716
3.672
0.86
1.6
0.1
0.276
1.012
0.832
5.02
1.736
10.76
0.516
1.928
1.32
3.48
0.48
1.076
2.104
0.692
1.348
2.552
0.14
0.416
3.512
0.176
1.008
2.932
1.016
1.62
1.112
2.864
1.612
0.756
1.964
4.1
0.548
5.148
4.58
1.792
0.472
1.416
4.676
1.48
0.372
1.892
1.412
3.84
1.792
1.252
0.24
3.82
0.36
0.952
1.8
0.744
10.1
4.16
0.768
1.012
3.848
0.264
6.108
5.076
0.984
1.336
4.272
1.856
0.344
0.608
6.556
1.364
0.496
2.56
2.416
7.252
1.444
0.796
2.388
0.716
4.636
0.464
9.052
0.304
1.488
0.448
0.764
0.444
4.964
4.36
0.584
0.236
2.06
2.136
5.724
0.28
1.624
0.544
1.232
1.48
2.788
1.896
4.568
1.948
6.18
2.204
1.892
4.084
2.636
0.608
2.068
3.784
0.456
4.94
5.776
0.252
0.112
1.116
4.512
10.668
0.688
0.896
0.452
9.888
7.228
11.08
2.296
9.54
0.368
4.172
0.652
0.532
1.596
1.12
1.276
0.184
0.792
4.828
0.724
0.408
8.168
0.424
0.228
3.856
1.4
1.336
0.568
3.732
5.92
6.384
2.164
0.712
1.112
9.132
1.516
10.052
0.296
0.216
1.312
4.768
0.768
1.78
6.072
3.656
0.736
2.86
2.652
1.228
0.264
1.572
0.344
4.624
1.524
0.94
4.084
1.32
2.476
2.128
0.372
0.36
1.516
2.996
2.1
6.256
1.068
2.096
2.464
0.46
0.284
0.132
0.352
0.352
0.792
3.06
2.88
1.452
4.772
0.224
6.7
0.3
1.328
0.772
0.412
5.856
1.928
1.168
1.656
1.276
0.312
3.484
0.408
1.676
0.612
0.168
1.628
0.46
2.568
0.132
1.876
9.136
3.596
0.748
0.196
0.708
4.172
0.128
0.248
1.528
0.216
2.156
4.06
1.12
0.804
1.096
0.256
0.372
2.096
0.716
3.856
1.86
3.952
0.352
1.572
8.224
3.664
2.408
1.448
1.528
3.712
0.332
2.8
9.952
2.644
0.648
1.504
4.26
0.152
2.676
3.272
3.4
4.056
3.208
1.236
0.344
1.608
3.232
4.948
0.292
0.32
0.176
0.816
0.792
0.476
1.34
0.744
0.88
2.076
2.784
3.324
2.212
1.396
3.552
0.664
2.388
0.732
0.904
1.272
3.716
2.576
1.396
1.152
0.572
4.356
8.968
0.36
3.112
1.888
0.7
10.38
0.868
0.628
3.292
0.168
0.296
0.708
5.256
2.264
1.02
2.072
1.436
1.696
1.96
1.364
0.82
1.116
2.944
0.224
3.728
3.568
1.276
0.128
3.096
3.104
1.592
1.564
0.736
1.344
3.172
7.32
0.248
0.284
4.536
1.9
0.292
2.7
0.176
0.3
6.624
1.024
1.34
0.24
5.416
0.488
0.132
5.756
0.176
0.928
7.412
0.9
0.52
2.768
0.932
0.212
4.7
9.68
0.428
2.92
0.564
9.348
6.94
1.796
0.46
0.608
4.952
7.58
2.288
3.756
2.036
0.492
9.496
0.476
4.204
0.444
0.848
0.208
0.892
1.396
2.976
0.28
3.592
1.864
0.184
0.836
2.704
4.076
0.188
1.42
0.108
0.344
5.764
2.412
1.0
2.26
5.02
1.232
4.156
0.36
1.536
0.248
6.036
4.344
0.116
1.376
0.58
2.52
1.308
0.524
0.108
10.256
8.364
1.124
0.288
2.052
0.448
1.264
3.128
1.968
0.66
1.292
1.34
3.208
0.952
0.932
0.252
0.888
0.744
0.48
1.688
0.552
1.084
6.22
0.968
0.14
0.744
0.152
7.74
0.844
0.356
7.196
0.204
5.044
0.436
1.54
2.54
5.652
0.776
1.768
3.712
3.472
4.42
1.472
1.8
2.568
2.748
0.216
3.812
5.188
1.632
0.388
1.836
3.268
0.428
0.116
4.636
3.124
4.128
1.32
1.468
1.272
8.196
1.38
4.688
4.904
5.496
1.936
10.136
2.896
2.22
9.712
0.332
2.176
1.22
3.084
5.452
2.428
2.32
0.46
0.156
1.876
0.864
0.7
0.884
1.988
1.472
0.912
8.028
0.644
0.124
0.628
1.964
0.408
1.22
0.46
1.08
0.268
2.396
4.428
0.796
0.38
0.228
3.564
5.644
8.488
0.428
1.552
5.064
2.688
0.316
0.332
4.456
0.58
3.564
2.492
1.068
1.92
2.076
2.508
1.404
6.436
8.324
2.2
0.344
4.432
2.368
8.12
1.384
3.744
1.596
1.024
5.68
2.304
0.364
3.296
1.144
6.888
0.488
1.056
0.348
1.416
2.172
0.584
0.432
2.132
0.72
9.544
5.904
5.136
0.388
2.576
6.876
5.036
0.868
0.4
9.04
1.156
1.444
1.404
0.944
3.096
2.132
1.192
4.644
3.892
3.188
0.428
4.636
0.52
1.308
0.232
7.588
0.764
0.452
0.336
3.368
2.82
2.496
0.896
0.328
2.276
0.24
4.324
0.412
1.908
5.844
3.48
0.464
6.2
0.32
4.98
4.008
0.192
1.392
0.244
2.84
2.052
1.076
3.716
3.04
4.888
1.136
4.052
3.0
1.436
1.24
1.588
2.132
6.036
3.012
5.752
0.592
0.108
0.16
10.46
0.608
0.188
3.348
6.2
3.812
0.364
0.608
1.112
1.068
1.436
4.148
1.856
1.272
1.42
0.808
1.116
4.092
0.368
10.552
1.816
10.992
6.396
0.332
3.176
3.72
1.076
2.008
6.364
1.916
4.108
0.372
0.696
0.688
0.476
0.164
4.452
3.344
0.796
2.512
1.364
2.136
1.672
4.964
6.824
1.244
1.364
1.444
1.388
0.992
1.5
0.528
5.656
0.172
5.976
0.116
0.604
4.348
3.332
1.664
3.976
0.74
1.704
1.104
1.144
7.224
7.04
10.136
0.648
0.86
0.668
6.412
0.94
2.312
6.96
4.88
1.812
0.684
0.416
2.284
1.408
1.084
0.364
1.972
1.676
2.92
0.272
3.12
0.2
4.0
2.272
2.12
0.824
1.924
4.548
3.268
3.696
3.468
1.212
0.212
3.712
1.852
0.256
1.008
0.604
3.74
5.164
3.364
3.74
1.324
2.444
2.288
3.724
2.076
0.152
1.22
3.428
5.588
2.232
2.384
1.848
0.468
2.072
1.26
9.544
0.332
0.908
7.664
1.088
0.352
6.608
4.752
1.644
0.416
1.804
3.936
0.844
2.876
1.212
7.476
3.688
0.148
0.952
3.756
1.916
4.204
0.604
0.892
0.78
0.716
6.208
1.788
1.388
5.664
3.064
2.216
1.74
3.64
4.636
0.444
3.32
1.588
6.572
10.152
0.752
0.8
1.3
0.824
0.512
0.724
4.364
1.292
2.848
0.336
0.716
0.272
2.764
4.368
3.828
0.688
0.164
8.18
0.38
3.336
1.6
4.62
0.228
2.832
2.272
0.808
2.264
2.444
3.504
0.392
0.1
0.588
0.868
9.792
6.076
0.604
0.144
4.148
0.236
4.872
0.728
0.416
2.392
0.412
0.648
4.664
7.252
0.432
0.432
0.824
10.244
0.312
2.46
0.196
0.836
0.3
1.864
1.6
2.692
6.84
2.048
1.68
0.656
9.068
9.564
0.172
3.256
0.292
0.928
0.28
0.692
0.728
2.124
1.6
5.2
3.1
5.392
1.768
1.284
0.644
8.896
0.72
7.308
5.316
1.92
1.304
0.436
4.984
0.396
2.256
0.896
2.676
1.276
0.408
2.468
1.58
1.16
1.2
0.2
5.112
1.656
1.252
0.928
0.24
4.136
4.948
0.856
1.704
6.616
2.532
9.792
1.788
7.364
0.488
0.724
6.78
2.528
0.592
1.04
5.712
10.704
3.032
1.704
1.868
1.244
1.816
1.996
0.952
2.016
4.06
3.472
2.156
0.908
0.312
2.324
0.54
0.768
2.768
0.828
0.716
1.956
0.244
0.972
4.04
1.424
0.94
0.78
9.836
4.376
0.808
1.256
3.94
2.748
1.476
1.168
0.7
1.248
1.34
0.82
2.672
0.252
1.4
3.884
2.416
0.744
1.484
0.212
3.912
1.888
3.352
1.084
0.292
1.664
8.704
0.828
0.488
0.54
0.128
1.852
0.476
0.808
2.024
6.868
1.236
0.292
4.36
0.608
1.232
2.972
1.308
1.436
4.94
8.02
2.992
2.256
0.328
1.436
1.892
8.392
0.752
1.16
0.192
1.944
0.508
1.828
0.808
0.372
0.168
1.036
0.144
3.752
1.832
0.348
0.184
7.72
4.284
1.572
3.384
5.128
0.892
0.308
0.2
2.264
1.412
2.9
4.164
3.148
0.448
0.252
2.612
1.328
3.376
5.312
1.364
1.672
1.244
1.332
0.204
0.684
10.356
1.932
1.364
2.08
0.204
1.212
0.328
6.34
1.072
4.716
2.352
0.492
5.56
3.076
1.744
0.504
0.384
3.108
0.5
1.112
4.304
2.64
1.552
8.628
1.392
1.884
4.352
0.676
0.332
0.924
1.772
1.648
1.848
0.184
5.452
2.416
0.796
10.564
2.308
0.776
0.256
1.62
3.228
7.672
5.88
1.82
4.624
1.916
6.52
1.804
2.872
1.328
0.688
0.796
1.748
5.7
4.196
7.952
7.66
0.344
1.42
0.204
2.884
0.376
0.948
1.696
1.492
5.58
0.204
0.112
3.416
0.124
1.012
2.384
1.472
1.196
2.892
1.58
0.632
0.968
3.768
1.372
4.036
10.24
0.504
8.472
0.272
0.88
1.884
0.932
5.336
2.78
1.172
1.088
0.24
0.26
0.28
0.152
1.112
1.06
0.528
2.632
0.644
3.008
5.036
1.492
3.328
7.656
1.004
6.312
0.208
1.468
1.96
0.38
9.588
1.552
2.052
3.956
0.4
3.052
1.38
1.24
1.804
0.5
2.248
7.796
0.184
0.84
4.848
0.272
0.688
5.612
0.632
0.184
3.004
0.328
1.9
0.532
2.732
0.704
0.464
0.58
0.444
2.196
0.828
0.632
2.16
2.704
5.536
5.272
4.88
2.456
0.68
0.424
0.42
0.968
1.3
10.056
7.0
0.432
1.112
0.556
1.756
2.372
0.968
5.356
2.256
1.16
3.576
1.636
0.152
1.56
0.124
5.504
2.948
0.288
1.04
0.452
0.228
10.896
4.156
6.4
0.164
2.94
0.212
0.892
1.324
5.948
0.14
5.828
0.224
0.2
4.208
0.708
0.784
1.368
1.348
0.148
3.564
0.58
2.248
0.276
1.432
0.204
1.22
6.656
1.024
0.572
0.46
0.32
2.36
1.124
2.9
2.34
2.94
2.428
0.256
3.304
1.764
0.524
0.404
1.06
6.7
1.328
6.808
6.284
1.956
0.824
0.784
0.828
4.008
1.188
0.904
1.86
0.312
2.4
0.496
2.968
0.412
0.932
3.628
2.2
5.42
6.128
2.616
2.732
1.188
0.108
1.232
0.84
4.068
0.744
0.66
0.476
0.504
1.144
1.188
1.204
1.264
0.608
3.096
0.404
3.54
1.004
2.196
0.996
0.48
0.152
0.648
0.552
2.272
3.672
3.236
0.52
1.644
5.96
3.72
1.604
0.9
0.956
2.932
4.568
0.676
3.36
1.104
1.108
2.276
0.568
0.148
2.28
3.304
9.16
0.672
0.632
1.36
0.492
2.432
3.084
0.6
0.16
1.004
2.4
0.2
2.808
3.12
1.208
0.688
1.472
2.788
4.924
0.904
2.856
0.996
2.116
0.228
0.928
3.436
1.704
0.128
0.356
1.576
1.444
0.62
4.668
0.656
1.256
7.836
4.836
1.4
0.52
1.216
0.384
0.86
2.636
1.316
5.044
0.284
0.512
3.968
2.96
0.316
1.116
0.68
0.132
0.948
0.272
0.144
0.82
9.644
0.324
2.772
0.352
0.468
0.172
0.176
0.264
2.34
6.564
0.288
0.42
4.248
0.392
7.208
2.568
2.052
1.636
2.62
2.232
0.812
0.328
4.18
0.208
0.12
0.468
1.416
1.32
2.352
1.204
0.272
1.52
4.476
1.396
0.764
0.108
3.416
0.36
6.1
0.2
1.408
9.828
0.932
0.64
10.252
2.42
0.256
0.18
0.348
0.944
0.596
0.712
3.0
1.684
0.1
0.92
0.34
0.788
5.548
3.436
3.488
1.236
1.904
5.596
0.656
1.14
0.204
2.032
4.224
0.388
1.24
2.644
3.072
5.112
0.776
2.016
0.144
1.788
3.492
2.016
8.008
1.12
2.132
0.204
0.272
0.308
0.164
0.468
2.148
0.504
0.16
0.732
1.516
2.492
0.22
0.176
10.872
0.504
0.184
2.324
0.16
6.412
0.856
4.572
0.592
1.748
1.708
1.62
1.96
0.36
0.368
0.808
8.384
8.288
1.464
0.868
0.108
0.804
0.136
3.02
0.236
0.22
0.232
1.06
0.392
0.444
1.068
1.152
2.756
4.332
0.572
2.82
1.28
0.24
0.332
0.656
3.16
0.904
2.652
7.184
10.592
1.288
4.7
0.72
2.376
5.504
0.964
0.524
1.032
0.444
0.3
3.932
0.42
1.832
1.98
4.6
1.76
0.332
5.064
4.012
2.308
4.08
2.2
3.72
1.768
2.496
9.536
0.64
1.532
0.692
0.924
0.168
1.28
0.364
8.068
3.928
1.56
1.192
8.708
0.76
3.384
2.016
2.344
0.208
2.36
0.752
0.392
1.544
0.588
0.152
0.312
5.144
9.252
1.036
0.168
6.164
3.224
1.12
0.2
0.552
2.276
0.12
3.748
3.004
4.456
5.252
0.14
0.94
0.892
2.488
0.324
3.724
0.34
0.352
0.528
0.944
1.712
3.18
2.368
1.728
0.3
2.44
2.328
0.792
0.916
0.884
2.804
1.08
2.508
4.96
2.752
1.86
0.232
1.156
6.468
0.904
4.188
1.888
0.392
0.972
3.656
3.54
0.228
0.948
3.972
2.66
3.016
0.664
0.152
2.392
7.628
4.308
1.376
2.192
2.6
1.08
6.824
1.896
3.696
0.156
1.936
0.8
0.204
0.568
2.036
0.292
2.392
1.736
2.356
1.032
1.44
1.16
1.54
0.968
6.444
2.448
1.464
1.944
1.272
3.764
0.292
2.78
0.4
1.156
0.284
0.224
2.428
3.464
0.824
1.332
1.032
7.42
2.224
3.152
3.088
0.46
2.26
0.14
0.236
1.58
0.556
2.108
1.68
0.576
1.56
1.424
0.616
0.7
5.428
6.164
0.76
1.576
3.28
1.936
2.648
0.144
3.016
1.456
0.908
0.992
6.824
0.932
2.216
2.568
1.756
0.62
0.796
0.592
6.268
5.128
0.82
6.016
4.44
0.944
2.24
0.412
3.116
0.112
1.688
0.36
0.108
0.732
5.356
0.336
0.544
6.52
4.016
4.62
0.696
5.504
1.304
2.196
0.424
1.068
2.98
2.016
1.776
0.284
0.372
0.312
0.452
0.476
0.188
1.072
5.852
2.02
4.552
3.528
0.972
3.408
3.352
0.884
2.036
0.268
2.368
3.552
0.4
1.156
1.836
1.436
0.804
0.812
1.488
5.564
4.252
5.12
9.276
0.164
5.34
1.492
1.936
0.208
4.024
1.468
0.828
7.456
1.28
0.14
0.324
1.172
0.892
0.548
2.608
0.704
1.224
0.58
0.152
1.376
3.8
5.24
0.576
4.092
0.772
2.552
1.668
2.18
4.16
2.708
0.276
4.636
1.34
1.316
2.184
10.096
2.52
8.84
5.08
1.54
0.716
2.604
0.224
4.708
0.904
0.356
3.4
1.512
0.152
1.62
0.276
0.744
1.024
0.348
10.32
1.836
3.8
0.74
6.476
0.976
0.232
5.516
0.248
1.22
1.696
0.512
0.656
3.064
3.488
4.012
0.628
0.508
2.612
2.076
4.288
1.732
0.392
0.536
0.296
9.648
0.492
1.452
0.436
3.236
0.6
0.844
0.42
0.572
2.284
0.224
0.236
0.276
0.688
1.468
0.496
5.668
5.812
1.688
0.652
0.404
6.584
1.736
2.172
0.272
2.168
0.192
2.456
0.444
1.228
2.992
5.464
1.64
0.876
3.428
0.264
7.136
2.54
0.512
0.488
0.216
1.396
0.16
2.404
0.144
0.224
9.52
2.308
0.444
2.088
3.604
0.668
5.924
0.336
4.688
6.216
5.92
0.116
0.836
0.4
0.516
0.272
2.0
2.056
0.832
0.1
1.344
3.26
2.596
4.688
1.428
1.356
1.828
0.364
2.26
2.3
0.536
1.928
2.132
1.16
0.688
1.488
3.636
1.32
2.988
0.628
4.28
2.252
0.204
0.272
1.888
0.712
1.42
1.936
0.376
2.188
7.304
0.732
2.748
4.956
1.584
0.716
0.756
2.7
0.156
1.28
1.7
0.28
1.22
2.02
0.236
0.96
4.596
0.972
0.816
2.416
0.512
0.872
1.512
0.548
1.932
3.004
3.9
1.836
7.44
1.22
2.952
0.908
0.368
0.38
2.936
7.964
3.868
1.544
1.752
0.14
0.468
6.476
0.132
1.8
0.124
1.568
0.56
0.556
10.552
0.636
3.076
0.196
1.2
0.204
1.288
5.1
6.232
9.108
0.948
4.08
0.184
0.312
2.7
0.488
3.008
0.628
0.224
0.608
1.076
2.5
1.404
0.232
0.888
2.216
8.804
4.2
1.992
0.532
0.728
0.604
4.708
3.08
2.528
1.944
0.368
0.396
1.184
0.44
3.104
2.388
2.14
1.856
0.404
1.128
0.34
3.144
0.728
0.168
0.564
0.708
0.112
1.8
0.2
0.14
0.828
2.416
0.424
0.368
1.22
1.116
4.18
2.54
1.644
3.076
7.876
4.104
1.376
8.024
6.472
1.128
0.192
0.684
1.484
0.244
6.96
8.82
7.928
0.344
1.572
0.116
1.696
3.408
2.964
9.092
7.22
0.432
0.308
1.832
3.232
0.456
1.032
3.336
1.172
2.58
2.08
0.224
0.456
1.82
0.696
0.124
1.572
0.568
1.132
3.436
2.116
1.612
2.108
1.532
0.62
0.324
0.536
0.9
0.252
1.024
0.3
2.716
1.108
0.512
0.34
2.86
0.836
0.276
4.78
2.884
1.364
0.344
1.832
1.708
1.464
2.164
0.872
7.148
4.856
6.988
3.196
2.108
0.328
1.932
3.712
4.216
0.092
0.136
3.384
6.416
2.668
2.9
4.984
1.772
1.768
0.1
0.544
0.284
5.232
0.892
5.472
0.132
1.436
0.644
0.212
3.704
4.432
10.644
0.368
0.712
0.676
1.32
0.36
8.572
1.836
9.176
0.832
0.268
0.568
8.328
1.836
0.552
2.312
2.712
1.18
8.076
3.34
6.508
0.2
0.452
1.844
2.1
0.704
0.784
0.544
2.912
8.552
1.68
0.12
0.364
0.396
3.024
0.828
1.732
1.276
0.112
1.416
6.548
0.148
0.796
0.352
0.456
0.772
1.536
0.5
2.492
0.192
4.144
2.22
0.972
8.236
6.364
0.98
0.168
1.408
3.148
0.304
3.132
0.868
2.744
0.472
1.032
0.872
0.844
0.104
0.104
0.336
0.812
7.684
0.276
0.492
1.556
1.304
1.008
6.932
1.648
2.36
0.128
4.248
7.312
4.26
1.488
3.428
8.6
0.644
0.556
7.604
3.216
1.452
5.26
2.588
1.004
5.504
2.86
0.808
3.564
8.952
4.268
0.104
1.852
1.48
2.436
5.728
4.988
1.088
2.152
0.616
0.46
0.964
0.924
0.252
0.932
0.968
0.64
1.664
4.108
4.72
0.632
7.932
0.876
2.26
0.252
2.388
1.54
0.7
1.664
1.296
0.776
1.488
1.816
0.592
0.672
2.384
0.796
1.024
2.928
2.54
0.816
0.928
3.484
0.236
2.172
1.06
3.22
5.712
0.556
0.472
6.712
6.54
2.388
4.18
0.904
1.172
1.544
3.584
1.248
0.9
4.036
0.8
0.252
0.54
0.192
0.132
6.728
2.912
1.812
0.4
2.532
1.636
0.396
1.7
0.684
0.944
0.204
1.316
1.616
0.456
0.14
0.36
3.404
1.88
3.068
1.988
2.84
0.228
1.132
0.756
0.78
1.784
0.172
0.24
3.824
1.8
0.36
4.156
2.284
10.172
0.38
1.0
0.244
7.74
0.176
0.132
0.344
0.204
1.94
0.512
6.092
1.016
1.088
0.748
1.516
0.768
1.556
1.204
0.716
0.304
8.388
0.244
4.644
0.24
0.376
3.684
3.076
0.176
0.776
0.9
0.828
1.928
4.348
0.484
0.472
0.896
1.248
3.86
2.824
0.144
1.38
0.916
2.752
3.32
0.144
1.952
10.68
6.544
0.948
1.204
3.328
0.76
0.96
3.328
0.572
0.188
1.836
4.736
0.544
2.524
2.468
3.5
1.216
1.036
2.62
0.188
0.952
0.44
0.98
1.284
2.36
0.172
0.956
0.46
0.988
0.32
0.224
0.248
0.688
0.14
0.972
6.132
0.164
9.616
0.16
0.244
3.496
4.508
7.584
5.016
2.988
1.432
4.492
2.192
0.868
3.596
0.38
0.28
2.56
5.876
4.392
0.168
0.72
0.368
3.82
0.68
0.9
0.164
2.32
1.692
0.28
0.924
3.432
4.608
3.024
1.136
0.86
3.328
2.14
1.628
1.864
1.82
0.836
5.148
0.488
3.152
1.416
5.096
0.968
1.012
3.488
0.128
4.064
0.52
5.468
0.724
1.236
1.744
4.0
0.284
1.012
2.116
1.488
2.084
0.74
1.584
3.088
2.052
0.596
2.188
2.36
1.244
0.86
1.36
0.312
2.132
3.372
0.832
0.22
2.568
0.808
2.852
0.648
4.784
0.288
1.984
0.244
0.108
4.388
2.1
0.548
0.712
0.404
0.256
0.2
4.536
2.32
0.44
0.248
0.74
3.928
0.136
2.196
9.108
3.764
3.64
1.244
0.888
0.728
0.26
1.16
5.2
0.236
1.58
0.624
3.836
0.556
2.096
1.82
0.684
1.268
0.388
0.876
0.516
1.756
0.42
1.796
1.284
0.836
2.172
3.912
0.436
0.844
1.096
4.78
0.544
0.144
1.576
0.3
0.168
1.652
2.76
6.756
3.728
0.588
3.256
0.584
0.78
2.484
2.672
0.144
3.332
0.696
4.036
0.76
1.384
2.772
5.144
1.016
4.376
3.984
0.38
0.812
4.732
0.428
2.324
0.844
6.996
4.532
2.16
0.192
2.708
2.032
1.98
2.364
4.844
4.056
1.56
0.504
2.448
1.068
1.292
0.212
5.048
1.996
0.36
1.884
2.204
1.356
1.06
1.144
0.136
0.328
0.828
0.676
1.332
3.392
1.156
0.356
0.172
10.224
2.416
10.488
1.02
9.38
0.764
0.92
4.08
3.168
2.404
2.1
3.692
1.328
4.628
11.116
2.292
0.688
0.788
0.192
4.732
0.828
3.3
5.02
6.16
4.472
0.744
3.54
3.844
1.108
1.076
6.288
2.98
0.436
0.372
0.208
0.728
2.388
0.824
1.092
0.22
0.476
1.528
1.072
2.444
2.944
1.104
3.16
1.848
5.06
4.808
2.812
0.752
0.88
9.536
3.168
0.284
0.44
0.52
0.312
1.108
0.62
3.824
5.132
2.384
2.28
0.772
1.488
0.232
0.216
9.808
0.872
3.1
4.488
0.388
0.188
2.812
6.836
3.98
2.196
4.736
9.416
3.596
4.0
3.124
0.736
1.56
1.376
1.116
0.128
8.38
0.624
5.296
2.908
0.34
0.576
0.108
1.488
1.8
1.068
5.26
0.112
0.748
1.548
0.764
0.496
1.004
9.864
0.524
4.5
1.24
0.488
0.364
0.544
0.336
0.172
0.612
1.344
0.848
1.588
1.552
0.84
2.916
2.144
2.376
0.16
2.624
1.312
7.628
0.876
0.856
0.464
1.18
1.544
1.28
4.528
0.752
0.952
3.836
0.236
0.132
0.276
0.496
1.012
1.564
0.836
0.336
1.296
4.012
10.172
2.628
2.892
0.168
0.992
3.096
0.804
3.828
1.78
0.248
1.192
1.2
11.096
0.38
0.12
1.848
9.564
0.16
0.976
4.16
0.184
0.564
2.124
1.644
0.232
1.652
0.684
1.696
0.332
3.804
0.636
0.24
0.692
1.064
4.156
0.32
0.588
0.548
1.348
0.448
0.648
4.644
0.116
10.512
0.34
0.112
1.744
1.356
0.46
11.06
0.456
0.996
2.844
0.112
3.236
1.98
2.704
2.916
2.844
3.14
1.188
2.908
1.112
0.872
8.192
1.916
2.512
1.28
0.284
3.864
3.444
1.696
2.224
1.38
0.208
1.156
1.404
1.164
0.292
0.524
2.052
2.964
0.104
2.3
1.0
8.06
3.668
1.344
1.36
1.54
1.964
2.152
0.148
0.352
4.532
0.224
2.224
3.384
0.52
4.196
2.88
0.632
2.188
2.044
0.632
4.764
2.924
0.968
1.712
0.196
0.94
2.028
1.264
1.724
9.436
0.628
0.188
1.572
3.816
2.336
2.616
0.4
0.504
2.408
0.144
0.78
0.384
4.3
2.06
0.796
0.252
1.58
3.24
1.656
5.644
1.264
0.288
2.988
3.416
3.592
7.232
3.332
0.616
1.368
0.536
1.912
2.356
3.88
0.356
3.16
2.896
0.64
0.856
0.648
0.88
2.164
0.592
2.1
0.58
3.424
1.108
0.18
0.716
8.012
2.46
0.708
0.484
0.216
6.004
0.384
0.292
1.352
4.716
0.748
0.464
2.508
10.888
1.296
0.36
0.112
0.636
0.948
1.464
1.136
0.54
0.344
0.368
1.328
3.528
3.46
0.44
2.24
1.828
2.324
2.388
2.332
2.176
1.372
1.46
1.46
1.232
4.452
1.26
1.416
1.4
8.664
1.18
0.488
3.172
2.78
0.52
0.556
3.14
4.392
3.384
4.344
0.136
0.62
2.608
1.88
0.244
1.468
1.54
9.964
0.328
1.712
1.672
3.252
0.384
0.36
0.184
0.404
1.376
1.784
0.256
5.036
0.856
0.92
3.776
0.388
0.2
0.316
0.676
0.312
0.708
1.22
1.144
3.556
1.284
0.304
0.2
0.372
2.588
3.26
2.38
0.376
0.86
5.556
3.044
6.912
8.852
3.292
0.748
6.388
2.316
0.164
1.508
2.892
8.216
0.196
3.156
1.26
1.484
9.556
1.792
0.296
3.548
0.66
1.476
4.972
0.664
0.812
1.84
0.328
1.688
3.292
2.908
1.344
6.508
0.748
5.284
1.212
1.36
1.036
8.852
1.752
0.648
1.752
0.164
0.656
1.508
0.7
3.492
3.612
0.24
0.196
0.516
0.66
1.776
0.88
0.12
1.288
1.828
4.364
3.104
1.392
2.192
0.98
3.888
0.504
8.296
1.108
2.116
0.22
4.82
1.78
1.324
3.052
2.92
1.732
8.2
0.28
0.664
3.32
1.696
0.988
2.644
1.964
3.924
1.04
3.396
2.352
0.66
8.256
1.496
0.196
0.168
0.544
1.26
1.312
0.928
0.572
8.404
1.216
6.284
6.436
6.952
0.308
0.812
0.568
2.516
1.76
0.468
3.412
2.588
2.016
0.988
3.392
1.044
1.756
1.808
0.456
0.724
1.98
3.976
0.74
3.064
7.132
0.492
1.316
3.764
0.292
2.488
1.16
0.736
0.776
2.032
0.572
0.928
2.368
2.868
4.204
0.428
0.188
0.812
0.228
1.3
5.432
1.208
1.156
2.5
0.168
0.22
0.492
0.42
2.22
5.28
1.624
0.892
4.064
0.936
2.928
2.232
0.24
3.168
4.604
0.288
0.868
0.128
0.732
2.524
0.66
0.3
5.636
2.104
0.272
0.22
1.684
0.564
4.364
2.984
0.2
2.772
4.448
3.212
3.072
2.232
0.272
2.34
0.28
3.244
1.768
1.048
0.952
5.76
1.624
0.628
2.324
1.376
1.752
0.12
2.04
2.352
6.892
4.884
3.28
0.2
3.616
1.292
9.724
3.064
1.092
0.18
0.252
1.016
0.296
0.132
0.22
4.256
5.936
0.172
1.212
0.412
0.492
0.456
0.376
0.12
0.828
0.504
6.424
0.728
1.828
2.04
2.144
1.088
4.776
4.256
5.94
0.2
3.524
1.484
0.22
1.74
8.568
0.26
6.464
2.628
1.732
0.884
3.568
7.68
6.788
3.496
0.444
4.344
6.232
0.832
0.388
0.332
3.22
1.02
1.92
0.376
4.288
1.516
4.452
0.748
0.892
1.316
5.292
0.584
6.588
1.344
1.18
0.176
1.324
2.172
0.316
1.196
1.36
6.288
1.696
0.46
0.652
3.048
2.592
1.836
8.34
2.58
0.276
0.808
0.468
0.82
0.288
8.512
1.6
1.516
0.796
5.28
2.168
1.016
2.764
0.74
2.688
0.152
3.16
1.432
1.54
0.852
3.424
1.196
0.996
3.74
1.972
1.188
0.196
0.288
1.408
1.056
1.94
0.528
0.416
1.384
1.376
7.688
5.708
3.364
3.364
0.908
7.324
0.592
1.456
1.592
2.78
3.776
0.936
5.244
3.14
0.612
1.088
2.192
1.908
1.172
0.512
3.928
0.224
3.696
2.312
0.604
0.556
1.192
4.568
0.152
4.796
4.38
1.38
0.448
1.092
0.136
0.408
0.24
0.596
6.008
1.736
1.148
2.82
1.188
2.508
1.292
2.344
0.592
1.352
0.28
6.256
2.772
3.564
1.944
0.272
0.46
0.276
2.816
2.688
1.52
0.244
1.036
0.168
6.436
0.652
2.976
2.48
0.328
1.028
1.056
0.8
1.712
1.072
0.492
0.624
3.068
0.672
1.68
4.628
1.292
0.448
2.84
1.04
0.796
2.448
0.328
0.868
6.944
1.792
5.78
0.136
1.584
0.436
4.456
3.808
0.476
1.96
0.46
0.34
0.248
0.672
0.904
1.66
3.716
1.384
1.496
1.436
6.652
0.388
3.5
2.848
3.084
7.652
3.764
1.768
0.1
0.168
2.768
0.76
0.288
0.172
3.42
3.168
1.98
3.384
2.004
10.24
0.616
0.656
5.424
3.304
1.78
2.128
0.436
0.68
0.464
0.644
6.32
6.372
0.432
0.148
7.28
3.036
1.256
2.364
4.744
5.308
2.984
3.044
7.512
1.684
7.464
1.016
1.564
1.784
0.132
0.656
6.668
4.636
0.248
2.108
9.832
1.192
3.244
2.372
0.684
2.012
6.876
5.696
0.888
5.848
0.924
2.496
2.0
1.096
0.224
1.776
0.136
3.184
0.812
1.808
0.28
3.012
2.996
3.1
0.86
3.04
0.236
1.008
0.316
2.616
0.696
0.636
0.196
2.108
4.148
2.724
2.196
1.42
1.072
1.488
0.244
4.752
4.148
1.636
0.864
5.376
1.672
1.768
1.528
5.348
6.092
0.12
0.62
0.34
4.46
0.444
0.884
0.484
1.688
2.064
0.592
3.412
0.248
1.016
0.224
0.136
1.16
8.2
1.972
2.444
2.012
0.54
2.1
2.632
0.796
2.032
4.352
1.432
0.4
6.856
3.5
0.096
1.68
2.16
10.712
9.184
5.072
0.296
4.108
10.792
1.2
4.224
1.32
4.228
0.608
0.788
3.036
0.492
5.6
0.732
0.368
2.576
1.064
0.316
0.164
3.44
0.196
0.32
7.536
2.936
1.044
0.632
2.952
0.228
0.256
7.028
1.512
6.616
3.852
0.608
0.32
0.98
0.596
0.192
0.328
4.728
1.808
0.488
3.316
1.032
1.404
3.8
0.888
0.856
0.472
0.408
0.384
2.732
3.232
0.176
1.212
3.928
0.308
2.736
5.54
1.572
1.032
0.42
1.592
1.12
1.18
1.32
0.892
3.108
5.08
1.072
2.864
1.28
0.4
2.576
0.968
0.792
1.984
5.192
2.3
0.848
3.012
0.78
0.164
3.436
5.028
2.244
2.084
2.588
4.036
2.108
0.748
1.976
2.336
0.584
0.212
0.124
3.1
0.496
1.764
6.468
2.076
4.308
0.448
2.044
4.844
0.328
4.072
5.576
2.464
7.608
2.716
4.188
0.696
5.12
2.548
0.204
1.68
3.4
0.34
0.216
6.924
2.704
0.576
1.068
2.02
0.908
1.58
1.196
0.38
1.464
6.152
6.76
8.608
2.46
0.692
2.124
2.416
0.856
0.172
3.216
4.48
0.796
1.06
0.24
5.06
1.416
3.408
5.3
1.104
3.04
1.684
4.78
9.056
2.664
5.3
6.428
2.164
6.7
1.3
2.296
0.16
2.164
0.1
0.392
10.94
1.908
2.62
1.432
0.892
1.052
0.908
0.564
0.284
7.1
3.9
2.264
0.108
0.192
1.444
0.848
3.504
2.336
1.212
4.204
0.88
0.436
0.208
7.408
9.2
3.484
2.652
1.332
0.52
1.272
4.084
0.776
6.132
2.228
0.404
0.2
3.716
0.164
0.34
2.512
5.6
1.02
5.068
3.028
0.468
0.128
1.768
2.912
0.404
1.508
0.984
2.244
2.7
3.036
1.42
0.944
0.112
1.244
1.16
0.84
0.168
2.764
0.508
1.216
2.008
2.864
1.376
1.0
0.168
1.62
2.472
0.844
0.964
0.136
1.024
7.572
0.276
1.04
8.552
1.424
0.676
0.316
3.132
9.6
2.612
0.36
2.34
3.744
0.864
10.152
0.372
0.372
0.944
6.84
7.888
4.032
0.584
0.508
3.052
6.592
2.984
3.612
0.408
0.628
2.356
11.06
8.516
0.196
2.112
2.944
0.8
5.92
2.12
2.076
1.068
5.492
1.412
0.108
2.436
0.556
1.336
0.1
2.012
2.0
0.12
2.404
2.972
3.792
0.192
4.188
1.836
0.86
5.32
0.456
1.156
1.984
1.456
6.412
1.016
0.192
0.468
5.796
0.384
3.236
1.004
5.948
1.352
3.64
0.128
0.436
1.176
1.716
1.036
3.276
2.984
5.12
0.368
0.972
3.896
2.244
0.292
0.116
2.224
0.832
1.36
0.48
0.456
1.64
0.144
1.464
4.836
2.672
4.024
4.512
2.196
4.012
0.236
1.6
8.828
3.692
0.568
6.82
2.244
0.652
0.384
5.524
4.756
1.016
0.532
3.852
10.008
0.268
1.372
10.252
0.84
1.78
0.796
0.356
0.532
2.836
0.32
0.452
5.38
1.62
0.528
2.604
1.336
1.344
0.2
1.624
0.58
0.228
0.12
2.616
2.412
1.608
10.268
0.968
3.696
1.248
2.432
0.668
5.216
3.344
2.14
1.892
0.864
2.004
0.852
0.256
1.48
8.972
0.196
1.04
0.656
1.064
4.628
5.348
9.084
3.812
0.188
4.256
0.328
1.04
0.872
0.256
0.108
2.184
1.988
4.436
0.144
2.396
0.208
6.964
0.38
3.564
1.048
0.268
0.368
2.456
1.952
0.78
7.34
1.012
2.284
0.128
1.888
3.156
5.3
5.7
1.088
0.78
0.716
0.564
0.212
0.124
2.188
2.368
3.468
0.564
3.304
3.74
0.444
4.34
3.352
6.316
1.492
0.344
0.28
2.792
0.136
2.092
8.488
6.836
0.648
3.488
0.432
0.464
3.26
0.716
8.648
2.676
0.512
1.68
8.74
5.052
2.336
2.904
4.688
1.944
4.504
5.544
0.76
0.156
0.476
0.368
7.584
0.792
1.928
0.196
1.436
0.368
1.124
1.04
0.672
0.544
0.476
0.112
1.044
0.908
2.98
0.944
0.336
4.332
1.484
0.828
1.408
0.18
1.3
0.76
1.912
0.128
1.448
0.508
0.192
0.608
0.38
0.352
7.688
2.664
0.424
0.204
1.336
7.172
1.98
1.488
7.692
2.896
1.42
1.836
0.5
1.88
3.048
0.948
0.472
3.524
1.632
0.184
2.936
1.956
3.0
2.588
0.196
2.476
1.492
5.032
0.876
1.456
3.864
1.428
7.132
1.332
4.268
7.112
6.052
0.168
0.144
2.608
0.204
1.948
2.516
0.864
0.704
2.48
3.968
0.188
1.888
0.488
0.708
8.752
0.624
0.58
6.064
1.968
0.2
1.256
1.708
0.544
6.392
4.764
0.196
0.604
4.82
0.732
5.988
0.476
8.916
0.196
9.148
3.272
0.4
0.268
1.3
0.268
4.14
0.592
0.272
1.176
0.136
1.64
1.212
0.608
0.468
0.212
1.676
1.264
6.336
0.684
2.02
1.932
0.46
1.056
0.464
0.3
0.46
0.176
1.912
1.828
0.496
1.204
0.172
3.428
6.288
3.992
0.644
0.116
1.232
9.984
1.224
1.796
3.58
0.26
1.616
0.332
6.144
2.056
0.152
4.268
5.848
2.6
0.212
9.012
2.712
6.252
0.548
1.28
1.22
8.9
0.14
0.98
0.896
0.5
1.748
0.796
1.836
5.08
2.28
1.94
0.204
7.544
0.852
2.144
5.036
9.272
0.38
8.012
0.616
3.272
4.824
0.176
1.256
5.436
3.768
0.444
0.168
0.404
11.048
0.14
4.988
0.952
2.856
7.4
0.536
1.308
1.352
0.452
0.448
0.156
2.18
1.276
3.328
0.324
0.752
2.944
1.548
1.128
0.944
5.776
0.556
0.452
5.14
8.016
3.144
0.34
2.804
1.188
4.256
0.936
1.676
0.856
3.116
1.152
0.184
1.028
2.9
3.188
0.32
0.232
0.572
0.136
2.216
1.168
0.584
1.228
1.884
1.08
0.72
0.82
2.596
6.824
1.372
0.316
1.388
4.268
0.124
0.636
4.004
6.568
2.252
1.044
1.176
0.9
0.712
1.62
0.412
0.124
2.148
3.116
0.592
0.22
0.684
0.484
4.152
1.608
0.72
0.216
3.648
1.228
5.356
3.3
3.056
6.38
1.868
0.192
2.776
1.684
3.868
0.656
1.032
2.34
0.732
1.296
0.468
0.576
2.06
9.088
6.312
4.692
0.144
1.248
2.504
3.064
0.292
0.156
8.788
1.108
4.248
1.668
10.628
1.112
3.22
0.128
0.128
1.072
0.108
9.304
6.536
2.232
10.608
0.408
0.152
1.968
0.816
0.568
2.9
5.92
2.168
6.964
0.228
1.156
1.32
0.216
0.348
0.576
1.26
1.272
0.172
0.308
2.916
0.148
0.676
0.864
2.524
1.484
1.444
2.532
0.456
2.296
3.232
0.604
0.788
3.392
2.556
0.62
1.58
1.824
1.976
0.596
0.696
0.684
1.608
1.036
0.372
3.672
0.184
0.768
1.232
1.52
0.356
8.556
1.168
0.208
0.376
0.72
2.272
0.904
0.436
0.804
3.732
2.176
10.02
3.408
0.728
0.564
0.268
1.432
1.684
1.552
0.3
1.888
3.42
0.524
0.628
3.02
5.264
2.18
0.892
6.588
2.104
2.148
0.168
2.852
0.544
1.172
0.808
0.616
2.052
7.968
2.364
0.232
6.388
2.1
0.256
4.884
0.812
3.264
1.256
1.96
6.008
4.892
0.568
8.884
10.532
0.212
0.624
3.28
3.848
1.672
2.844
0.372
2.936
1.3
1.392
0.676
0.384
2.384
0.132
0.1
1.096
0.368
1.608
0.836
0.372
2.004
0.608
0.212
2.472
0.636
0.104
0.684
4.036
6.14
1.516
8.18
3.44
1.26
0.848
2.224
0.776
3.032
0.84
2.756
3.064
0.608
2.2
1.572
0.94
3.972
0.42
3.012
2.3
0.348
7.432
0.416
1.516
0.764
0.156
2.512
0.948
1.964
2.816
1.432
8.264
0.556
4.168
1.68
7.78
1.976
5.504
1.896
8.012
0.372
5.616
3.084
0.44
3.032
1.156
1.772
2.172
0.856
0.288
1.996
0.312
5.08
0.588
1.236
3.696
7.536
1.484
0.42
2.348
4.616
4.396
0.116
0.196
2.128
6.26
1.432
3.044
2.404
1.428
0.684
0.208
0.228
1.384
0.812
4.86
0.16
3.504
1.22
2.368
4.392
2.452
2.444
0.12
0.504
1.212
0.596
1.68
0.12
0.52
0.584
2.096
0.436
2.2
6.292
0.584
10.048
9.252
0.34
0.656
2.312
2.808
0.592
7.452
1.84
1.112
9.444
2.768
3.18
0.84
3.208
1.148
0.476
3.124
0.688
1.008
2.676
1.048
1.152
0.308
1.496
0.632
0.844
0.54
3.236
0.132
1.396
0.844
1.704
0.22
1.036
8.68
5.592
1.664
1.164
1.152
1.016
1.272
0.2
6.692
3.176
0.532
2.744
0.38
5.872
0.976
0.928
1.356
2.08
3.524
1.732
0.316
5.692
3.336
2.312
0.148
4.66
2.66
2.668
1.384
2.312
0.576
0.484
4.152
0.372
0.252
0.304
0.716
0.52
0.132
3.208
1.816
0.504
5.192
4.884
3.324
1.116
3.964
0.488
5.56
3.172
1.66
0.544
1.94
0.208
2.52
1.096
3.924
1.076
5.988
0.66
1.032
3.292
4.144
1.476
1.384
6.496
1.992
6.288
1.788
0.66
4.484
4.332
5.312
0.328
2.864
1.42
4.852
7.64
0.332
4.976
1.124
0.132
0.212
8.052
1.896
1.588
5.06
0.284
0.348
4.516
0.248
1.28
8.504
1.748
0.52
0.724
0.54
2.776
2.708
2.276
1.564
0.696
1.428
4.172
4.732
1.284
3.996
0.416
4.84
5.808
2.492
0.324
0.9
0.336
0.62
5.148
0.528
0.576
2.336
2.052
0.624
4.316
0.176
0.32
3.04
1.1
2.728
1.772
2.244
2.764
3.968
1.608
0.66
7.452
0.148
2.444
2.008
0.364
0.308
0.984
1.496
0.396
0.856
8.964
5.292
0.664
5.06
2.048
1.484
3.48
2.08
4.328
0.124
1.492
0.28
2.316
6.956
0.296
1.196
0.456
0.608
4.512
0.496
0.828
3.404
2.088
0.104
4.092
3.208
1.736
1.748
0.152
0.584
2.172
2.136
2.196
2.104
2.012
1.12
5.232
1.16
1.62
2.012
0.34
2.648
10.516
2.648
5.276
1.056
1.068
4.68
0.984
1.996
1.784
0.104
1.356
1.78
0.136
2.556
1.264
1.432
0.316
1.272
0.16
0.272
10.232
1.952
4.188
10.928
1.452
0.984
1.12
0.676
1.444
0.328
11.012
0.592
2.2
4.468
0.58
0.292
4.916
8.876
0.208
1.096
1.216
0.288
1.268
0.636
1.4
0.7
8.48
5.436
0.836
10.292
1.416
2.768
0.792
1.576
4.516
1.904
2.084
1.684
1.452
5.932
2.868
0.644
2.824
1.744
1.036
7.128
0.82
0.26
0.12
0.668
0.28
3.052
0.812
0.74
0.372
2.04
4.72
4.22
0.124
0.772
0.416
2.028
3.996
3.312
2.212
5.016
1.564
0.316
0.94
0.884
1.344
0.616
9.5
0.776
1.208
7.556
7.556
2.804
0.304
0.396
1.924
0.448
8.772
2.352
1.444
3.472
0.368
0.128
3.06
1.432
10.716
7.268
2.544
0.984
3.44
1.888
0.132
0.784
3.416
0.532
3.024
1.976
0.684
3.688
0.252
3.592
1.588
7.984
9.968
1.352
0.384
0.752
0.2
0.536
1.108
2.908
0.3
0.516
1.164
0.932
1.884
0.256
1.74
4.212
6.36
9.816
0.16
0.444
4.152
0.64
3.204
1.052
1.104
1.032
1.252
4.504
4.756
0.316
2.16
0.676
0.936
3.744
0.496
1.7
9.332
2.56
0.356
0.364
0.6
0.684
0.816
0.892
0.496
0.36
2.948
4.164
2.836
0.536
1.344
0.604
1.072
3.484
2.28
1.372
1.924
3.904
3.34
3.412
4.416
0.424
2.396
0.124
0.196
0.384
0.288
0.384
3.424
0.296
0.652
0.768
0.928
0.88
9.0
0.408
1.576
6.812
1.076
0.144
2.368
1.288
0.112
2.008
0.328
2.44
0.888
0.612
1.176
5.792
2.32
1.052
3.624
0.636
0.332
1.44
1.732
0.492
3.532
0.324
0.572
0.264
3.284
1.964
0.464
0.888
0.42
1.5
1.436
4.696
9.156
1.484
2.924
3.348
4.88
2.68
0.98
0.82
0.828
1.084
0.34
0.816
2.116
0.62
2.732
0.508
1.18
6.68
0.188
1.012
1.376
0.384
10.396
0.948
0.256
0.324
0.3
0.756
3.424
2.952
0.936
0.464
1.848
2.752
0.784
0.54
3.036
8.568
0.5
0.316
0.292
3.364
0.564
1.468
0.956
0.784
0.152
5.128
1.928
3.152
0.312
1.744
0.184
0.276
0.36
1.264
1.192
1.112
2.084
3.372
0.36
2.02
0.564
8.86
2.508
0.932
1.08
1.6
1.38
2.156
4.784
1.204
8.832
5.2
0.184
2.76
0.376
0.66
1.58
0.24
1.728
7.124
0.824
5.732
0.464
5.364
0.912
1.688
1.376
0.124
0.976
7.1
5.228
4.9
4.524
0.608
1.868
8.032
0.292
7.016
0.16
5.788
5.656
1.636
0.412
2.436
4.924
4.056
0.192
1.356
1.092
4.648
1.408
0.964
1.792
5.296
0.32
4.016
1.5
0.9
0.46
0.72
2.384
2.66
0.272
1.012
7.196
1.248
1.552
0.912
0.6
4.488
2.816
0.868
4.088
0.54
1.536
0.604
5.788
0.984
3.516
0.6
2.0
0.436
0.148
0.624
2.108
0.868
0.988
4.924
0.236
0.796
0.144
2.648
9.308
2.108
0.94
0.476
1.472
1.236
2.524
0.28
0.976
1.0
0.66
2.468
0.124
0.472
3.136
4.544
5.52
1.532
0.724
0.584
2.568
0.22
0.36
0.808
0.396
0.196
1.668
7.908
3.324
0.516
1.168
0.096
1.628
3.632
2.176
0.368
0.132
0.516
0.196
4.352
2.428
3.8
0.772
5.24
4.344
2.592
3.416
0.34
1.428
0.34
0.964
6.672
1.568
0.516
1.076
0.116
10.504
0.14
1.436
0.46
2.492
0.348
0.26
2.324
7.568
0.352
5.432
1.244
1.02
1.28
0.924
0.488
3.1
2.696
4.828
0.432
1.24
3.996
1.944
1.328
