1.136
0.676
3.724
3.468
0.188
0.984
2.96
0.072
4.976
0.472
0.764
6.676
1.616
3.156
0.884
1.652
3.748
1.284
3.348
4.352
2.728
2.856
1.02
2.464
0.94
2.184
0.16
3.896
0.696
1.836
0.432
5.184
5.124
0.648
0.732
3.66
0.244
0.46
0.36
4.056
3.676
7.952
2.668
1.468
2.436
0.576
0.112
1.96
7.236
0.104
5.092
0.352
2.892
0.228
9.496
4.236
2.252
4.36
0.364
0.484
0.196
1.644
2.252
0.8
1.256
1.416
0.72
4.444
3.132
5.748
0.5
1.068
0.832
1.784
2.016
1.024
0.668
0.228
8.256
10.776
4.26
2.452
1.228
1.54
1.668
1.736
6.372
9.32
4.44
5.288
0.256
0.552
0.36
5.248
0.816
1.204
1.22
3.656
8.068
0.22
0.804
2.704
4.284
1.54
4.7
2.428
3.864
2.56
1.02
6.316
1.488
0.54
2.664
0.588
7.452
0.236
1.796
6.648
2.18
5.512
1.048
1.024
0.8
4.212
0.196
3.516
4.144
6.664
1.104
0.368
1.812
2.616
0.26
3.508
0.272
3.892
8.22
9.452
0.088
3.08
0.98
0.948
0.22
2.712
2.024
0.952
0.568
4.148
2.308
0.516
2.596
0.844
10.228
1.136
0.152
0.104
1.576
1.64
0.408
4.692
1.388
0.136
4.44
2.924
1.296
2.02
3.16
0.528
1.916
2.548
10.852
0.252
0.636
6.228
0.364
1.276
3.244
10.316
0.336
1.152
6.328
4.144
1.572
3.36
6.764
0.38
1.792
2.864
1.608
2.524
0.624
1.56
5.136
0.444
0.708
0.86
3.732
3.444
1.888
1.288
0.792
0.944
0.312
1.264
7.856
1.132
1.824
2.832
1.04
4.492
10.264
4.664
1.332
1.472
3.228
2.168
0.316
4.976
0.736
0.108
0.904
1.616
1.328
3.208
2.948
0.824
6.708
0.156
2.488
3.908
0.8
1.244
3.22
0.888
2.508
1.004
0.364
2.004
7.856
0.084
2.828
0.464
0.408
1.728
3.728
0.356
2.764
1.268
0.516
1.176
7.228
1.52
3.6
0.604
3.92
0.316
3.064
0.624
0.144
3.0
2.4
0.624
0.496
4.628
0.912
1.54
2.264
0.728
0.08
5.008
0.728
0.42
1.456
2.108
8.22
0.772
8.216
0.996
0.124
4.788
1.984
3.74
3.312
4.376
2.304
2.668
8.16
0.136
1.572
0.576
2.336
3.404
5.32
1.06
3.456
1.66
0.224
3.988
0.74
1.844
0.884
4.004
2.464
0.732
0.28
1.94
0.112
0.268
2.008
3.268
1.528
0.712
2.156
2.588
0.208
0.348
3.172
4.364
1.292
0.44
1.132
1.096
1.24
1.232
10.64
1.28
5.348
9.252
0.86
10.124
1.112
6.812
4.216
2.712
6.776
7.0
0.552
0.312
4.368
1.156
2.66
0.848
0.176
0.392
1.42
1.488
1.388
3.308
2.544
5.94
4.188
0.18
3.944
0.38
5.536
0.384
0.164
0.492
0.252
0.848
0.892
0.308
3.856
1.612
2.66
1.928
0.6
6.32
1.128
0.512
3.9
1.752
0.408
0.396
9.676
11.04
0.928
0.248
0.656
2.26
4.232
0.94
8.232
7.056
0.636
3.556
0.768
1.188
0.224
3.004
5.932
1.796
2.496
9.752
0.376
1.18
2.912
2.508
3.688
3.132
1.788
0.824
0.128
0.988
6.808
3.204
0.896
0.836
0.748
2.044
0.676
0.92
1.2
2.424
0.168
1.108
0.5
0.66
0.616
2.108
0.232
5.024
4.912
1.096
1.604
4.424
4.228
3.168
3.464
5.332
0.58
2.656
1.332
0.1
2.62
2.032
1.34
1.592
6.44
1.176
0.272
1.072
1.168
1.256
4.036
1.884
1.168
0.352
0.856
0.996
1.024
2.024
1.492
1.832
0.572
2.84
0.72
5.264
1.504
1.044
1.008
0.796
1.644
0.904
2.012
6.896
0.772
2.312
1.212
0.348
4.1
0.304
0.96
0.084
5.832
3.652
3.184
2.264
1.108
1.36
2.084
5.272
1.376
2.904
1.836
4.2
3.172
3.26
2.184
2.428
2.876
1.168
5.612
0.812
3.944
1.72
0.64
1.096
2.288
1.964
6.596
2.172
1.764
2.704
1.296
0.392
1.648
1.732
3.64
1.984
1.42
4.588
8.616
3.0
2.088
0.796
0.52
0.276
1.98
2.768
5.892
0.804
0.54
2.9
1.856
0.8
1.564
2.12
0.992
6.068
1.56
1.58
1.4
1.072
2.444
7.436
1.708
1.34
2.072
6.132
1.228
4.2
0.64
8.816
0.268
0.572
0.748
3.196
3.288
9.82
9.22
2.26
3.504
0.664
2.296
0.376
0.34
0.696
2.784
3.272
0.264
0.388
3.12
5.88
0.216
2.22
0.7
0.904
1.244
1.84
0.556
3.048
1.06
0.72
0.292
5.84
1.748
5.668
2.708
1.808
0.784
1.388
1.38
0.848
8.024
0.852
0.496
2.796
0.168
0.12
0.084
0.652
8.108
5.18
2.508
2.468
2.884
9.116
0.908
0.216
2.256
1.604
4.512
0.864
2.792
1.56
0.068
3.8
2.22
0.772
6.6
5.808
1.54
1.128
1.024
1.92
1.476
0.248
0.36
0.312
1.596
6.012
1.684
6.228
3.072
0.5
0.324
5.0
6.84
0.112
0.648
2.336
0.628
2.12
1.464
2.332
0.736
0.232
0.264
4.012
0.584
1.976
7.804
3.12
5.428
0.58
0.404
1.844
3.044
1.784
2.008
1.864
0.38
1.84
0.096
2.964
3.12
1.792
0.68
1.276
1.372
1.788
9.18
4.076
5.616
2.116
1.488
2.456
1.18
1.276
0.84
3.72
5.3
3.24
0.96
0.368
5.268
2.884
0.092
4.2
4.116
4.964
0.236
2.612
2.012
3.544
7.928
1.02
3.38
0.728
0.236
7.004
0.616
1.096
0.216
3.108
3.208
0.408
0.124
0.532
6.12
3.972
2.092
0.956
0.084
2.732
10.42
3.628
3.9
0.9
1.32
2.668
0.556
0.404
7.78
0.86
8.804
1.684
1.644
0.296
4.764
0.332
4.472
0.212
1.292
5.144
3.536
3.184
1.66
2.836
0.4
4.828
1.584
1.796
0.748
8.684
4.244
1.024
1.792
0.428
2.184
1.42
0.644
3.096
0.632
1.78
0.724
2.312
1.264
1.96
4.32
1.276
1.868
1.896
4.344
5.904
0.972
1.956
8.156
2.5
2.88
2.384
6.504
5.736
1.304
1.492
0.644
0.068
0.316
1.996
0.556
5.076
10.592
5.244
0.436
1.728
2.496
0.932
2.58
0.32
1.248
7.336
1.576
1.476
5.284
4.848
2.564
2.688
0.968
0.404
1.968
2.416
0.2
5.112
3.992
0.652
3.608
9.148
4.628
0.908
2.992
0.268
10.956
0.196
5.252
3.628
5.208
4.432
2.748
0.304
8.9
0.584
0.316
0.264
0.208
0.392
10.548
0.98
2.228
7.512
5.04
0.148
2.984
1.504
3.82
0.7
1.04
0.088
0.14
0.92
3.424
2.336
3.616
10.928
2.756
0.12
3.268
1.488
1.176
0.844
1.16
1.368
2.708
0.432
2.128
4.512
3.976
8.252
1.392
1.892
0.532
0.384
0.516
10.704
5.776
0.528
3.524
5.216
0.636
1.564
0.444
1.5
4.044
1.34
0.112
10.116
0.092
0.452
3.268
1.204
0.276
6.696
2.064
2.996
3.176
3.244
3.28
2.236
0.56
1.092
3.224
7.948
0.984
4.808
1.364
0.16
3.012
0.84
1.924
2.96
3.516
1.74
1.1
0.76
2.356
0.72
0.956
7.888
0.64
2.76
8.336
0.192
1.012
2.676
1.832
0.476
3.52
0.484
2.712
3.976
8.056
0.188
1.248
0.268
0.844
10.104
9.82
5.032
2.2
10.08
3.192
9.42
3.768
1.78
0.204
2.188
1.1
1.672
3.812
0.296
1.532
3.872
6.148
0.208
3.724
0.876
0.072
1.008
0.564
8.036
1.552
0.592
1.06
1.324
0.356
2.112
1.268
6.724
2.04
4.428
3.124
0.08
0.996
1.036
3.92
0.804
0.48
2.552
1.204
0.256
10.296
1.128
3.736
6.444
5.684
1.004
2.2
0.528
1.184
0.88
0.26
0.696
3.28
5.716
10.856
1.072
0.236
9.892
2.284
1.744
0.816
1.604
0.584
2.456
0.252
1.636
0.424
1.776
2.444
0.128
1.08
0.596
5.164
2.06
2.088
0.668
2.74
2.064
1.156
1.908
0.556
1.376
1.792
0.24
0.476
7.496
1.676
0.096
3.732
0.724
3.56
5.992
2.888
1.056
0.224
2.38
0.408
1.968
0.512
2.04
4.048
1.748
1.26
0.376
0.148
4.748
0.184
3.9
0.308
1.664
10.504
0.948
10.62
5.432
4.38
2.456
6.848
1.172
0.432
0.188
1.748
3.632
3.28
1.424
1.044
0.804
0.092
3.2
0.388
6.964
3.412
1.648
2.044
6.96
0.076
0.732
4.892
2.372
0.696
8.124
6.796
0.212
3.18
1.216
1.22
0.22
2.772
3.296
2.556
0.336
3.22
0.436
1.668
0.52
9.964
7.52
3.772
0.452
1.88
1.012
1.948
0.168
1.448
0.356
3.024
0.432
0.768
5.244
3.908
1.36
5.832
0.556
1.656
5.42
0.08
1.02
3.808
0.16
0.072
0.228
1.672
3.728
1.436
0.536
3.724
0.432
0.2
1.684
1.952
3.688
0.836
2.768
9.056
0.552
2.16
2.044
2.648
0.376
0.52
0.144
0.196
2.72
1.6
0.816
3.964
2.812
3.412
1.664
0.84
0.228
4.064
2.164
2.568
1.012
1.1
2.932
2.404
0.64
0.676
0.168
6.712
1.284
1.16
0.148
1.144
3.996
1.012
0.228
7.616
1.712
0.956
0.532
0.708
1.508
0.588
7.216
2.144
0.3
8.568
1.928
0.288
0.268
7.1
1.472
0.12
2.164
2.176
0.2
1.136
2.488
0.908
0.696
2.528
7.324
3.544
2.652
3.696
3.06
0.364
0.292
1.76
1.984
5.124
1.316
1.36
5.016
1.42
0.608
2.264
5.952
0.412
4.396
7.052
0.716
0.42
2.888
0.608
1.54
0.396
1.364
3.024
6.544
0.36
0.916
0.668
0.38
0.656
0.528
6.096
1.804
0.964
0.38
3.224
3.448
0.724
8.016
0.392
0.072
2.812
1.272
1.38
1.2
0.192
0.868
3.316
2.248
1.188
0.956
3.304
0.108
3.048
0.244
7.98
2.148
0.244
1.108
0.12
8.356
1.332
1.02
1.736
1.712
0.616
0.936
0.76
1.804
1.436
1.396
1.828
0.104
0.696
0.564
1.036
10.584
3.14
3.144
0.128
1.204
1.592
0.568
0.844
1.228
0.896
2.536
1.052
1.112
0.128
0.248
0.564
1.344
3.52
1.556
0.616
0.064
4.352
0.26
0.888
6.34
1.44
0.6
2.088
0.196
3.396
3.7
0.944
0.372
0.892
0.544
0.212
3.064
3.968
0.632
1.78
4.38
1.74
0.676
0.488
2.304
1.568
3.616
2.26
1.688
4.08
0.152
1.844
10.728
2.272
0.476
1.312
1.984
10.424
0.376
3.376
3.84
2.004
9.264
2.716
0.284
1.696
0.76
1.12
3.796
0.604
0.624
1.596
0.38
0.46
2.428
2.152
1.932
3.516
7.848
1.46
2.816
0.252
0.392
0.976
2.728
1.396
2.988
1.796
0.976
1.596
1.368
0.888
2.388
1.98
7.276
0.696
0.08
4.076
4.272
2.448
2.236
1.356
6.388
5.276
0.812
1.048
1.336
0.084
1.404
5.168
6.32
5.748
1.016
0.26
7.356
2.736
0.32
1.544
2.204
0.64
1.496
11.032
6.896
0.292
3.128
0.584
0.66
5.092
0.088
0.948
0.496
4.244
5.56
2.776
0.316
1.612
1.66
0.104
3.4
4.184
8.932
2.044
2.588
0.868
0.928
9.244
3.36
2.424
0.98
0.1
5.612
0.136
3.888
0.324
2.192
8.98
1.204
1.444
1.272
1.08
0.16
9.94
1.584
5.62
0.544
7.972
2.264
9.412
4.62
1.82
0.124
2.208
0.14
3.396
0.48
0.532
0.316
1.648
4.38
4.012
4.144
3.376
2.704
0.844
1.596
3.584
1.048
3.312
2.216
1.224
0.104
2.524
0.836
1.204
0.808
1.288
2.052
0.8
2.78
3.084
1.232
1.544
0.292
0.408
0.196
4.06
3.196
4.184
2.508
0.228
8.224
1.208
3.36
4.368
3.1
1.928
0.604
0.564
0.156
1.504
4.676
1.432
1.712
4.796
0.868
7.508
2.248
0.628
0.12
0.108
5.692
2.268
1.728
0.2
8.768
0.928
1.356
1.756
0.332
0.148
0.252
3.236
0.124
0.224
0.6
2.928
0.908
2.304
2.04
3.748
6.356
3.36
0.084
1.396
1.184
5.204
4.06
1.284
1.26
1.128
1.06
8.544
1.468
2.66
7.332
4.452
1.176
1.9
7.444
2.492
4.764
0.284
2.672
0.216
5.084
4.292
2.928
3.552
4.624
1.632
3.076
6.6
2.908
0.716
2.348
1.32
2.84
2.636
3.664
2.54
7.276
4.712
0.54
1.592
10.468
1.68
0.168
1.024
0.22
0.516
7.344
0.776
0.48
1.544
1.172
1.012
7.912
9.172
0.416
6.164
5.536
2.16
0.472
1.58
0.944
1.496
3.44
1.624
1.536
0.156
0.468
1.844
5.22
5.24
0.612
0.2
2.056
1.112
0.76
0.4
0.348
1.364
0.252
1.972
4.32
5.216
2.128
1.72
1.404
0.676
4.988
4.712
5.296
0.456
0.66
3.128
0.22
6.536
1.532
1.68
1.828
6.496
3.34
0.2
1.108
0.248
2.532
0.536
1.032
1.196
0.848
5.776
0.072
3.464
3.94
1.38
5.712
2.82
0.424
1.628
1.976
3.56
8.936
0.076
3.664
0.168
0.592
2.62
3.992
0.872
4.472
2.264
5.868
0.64
1.92
1.148
1.228
1.1
0.86
7.192
2.316
0.716
1.152
1.784
0.372
0.168
0.552
3.476
0.636
1.508
0.256
0.588
2.1
0.212
2.528
4.08
4.18
0.968
1.784
0.672
0.78
3.78
0.248
1.788
0.852
1.808
9.456
1.468
8.264
3.924
0.092
2.416
0.46
0.996
4.46
1.176
1.936
1.424
5.196
1.428
3.288
0.08
3.404
0.5
1.276
2.956
0.468
0.168
3.072
0.84
2.696
2.888
1.372
0.24
3.448
2.032
0.612
0.972
3.152
2.136
4.896
2.468
0.28
0.596
9.96
0.672
0.636
1.032
1.676
0.1
3.816
3.34
4.172
1.2
2.212
6.12
1.412
0.536
0.912
2.1
1.608
9.852
9.132
0.62
1.132
6.484
0.928
0.16
6.696
3.656
2.972
8.028
3.14
1.96
0.348
0.124
1.096
0.652
2.896
10.156
0.272
1.504
2.032
5.764
1.744
2.96
1.66
4.896
1.316
1.06
4.112
0.492
0.924
4.692
1.616
4.28
1.732
0.08
1.668
1.176
3.532
3.472
0.476
0.968
3.892
2.344
2.264
3.812
2.024
0.08
0.14
2.112
9.764
1.408
0.844
1.164
6.932
3.612
9.336
0.316
5.488
0.22
2.872
1.048
0.68
1.116
3.164
2.76
1.376
0.932
7.088
0.124
0.34
2.408
2.76
11.044
3.08
3.568
1.64
3.66
1.128
3.14
6.78
2.232
0.128
1.044
3.38
6.536
1.368
2.792
2.104
3.884
5.8
0.652
6.788
3.812
0.804
5.068
0.752
1.792
0.212
3.464
0.076
0.432
0.228
1.188
2.276
0.62
8.42
3.436
2.16
3.076
0.348
0.656
3.576
10.356
5.544
0.776
2.772
0.748
0.576
3.036
0.58
0.812
5.592
0.552
5.004
0.644
5.66
3.216
1.584
9.1
1.996
2.784
3.672
0.196
2.024
2.024
2.712
4.452
0.216
3.936
2.664
10.156
1.232
0.196
3.328
3.516
0.188
2.892
2.076
0.304
0.34
1.632
0.392
0.188
0.292
1.076
1.048
2.904
0.4
2.428
6.568
0.776
0.404
0.404
0.216
3.628
1.96
4.412
2.924
1.776
0.428
4.28
0.076
1.376
1.784
5.74
0.492
1.076
1.968
0.66
0.664
1.336
1.888
6.452
1.768
1.024
0.092
6.172
4.844
0.552
0.888
1.204
1.564
0.196
1.316
0.696
2.92
2.54
2.716
4.488
3.936
0.476
2.532
0.7
0.096
1.38
2.596
1.376
3.004
2.052
0.372
0.912
1.972
1.108
1.24
2.288
2.92
6.744
1.144
0.884
8.68
1.8
0.976
0.54
2.256
4.284
9.5
0.216
3.224
0.756
2.068
0.236
0.092
4.368
1.392
4.124
6.136
0.248
0.72
2.2
0.744
0.352
0.144
0.592
3.008
0.172
0.752
4.98
1.476
3.128
4.768
0.664
1.296
2.052
2.108
1.032
0.816
0.948
2.284
0.684
0.236
0.304
0.112
1.064
2.572
0.524
1.652
1.272
0.26
2.268
2.448
0.22
2.364
4.316
0.432
1.228
0.804
0.124
2.46
1.068
1.976
2.492
2.976
6.988
1.388
1.992
10.024
4.908
3.86
1.288
6.752
5.936
1.556
0.628
3.508
1.592
5.416
0.86
1.06
0.196
0.252
2.008
5.056
4.852
3.304
2.948
2.292
2.392
1.104
1.632
2.632
0.368
2.2
2.456
0.908
1.052
3.692
2.44
0.104
0.484
1.1
1.356
0.376
2.896
0.724
6.228
4.184
2.632
1.568
1.128
0.784
1.272
4.92
2.444
4.116
5.056
5.748
8.452
0.276
3.536
4.56
2.804
3.8
4.016
1.412
0.96
0.144
4.488
0.088
3.488
5.368
4.0
0.492
0.14
1.096
0.88
0.252
4.94
2.992
0.576
7.136
1.024
1.392
0.668
0.336
0.612
4.808
0.888
1.4
0.536
1.796
1.184
1.096
4.568
10.204
2.112
1.352
0.408
2.296
0.852
1.16
1.424
3.44
3.104
1.108
4.816
4.436
4.224
2.124
1.592
0.196
4.044
2.296
5.984
1.02
3.368
3.124
4.788
1.516
1.344
0.852
9.564
1.564
2.268
5.108
0.176
2.344
1.368
1.384
3.916
2.028
4.08
1.952
0.132
1.4
2.176
0.076
1.728
2.076
0.532
0.752
4.784
0.076
0.94
3.444
8.852
1.528
2.544
0.252
0.692
1.688
0.796
2.236
1.168
0.508
0.384
0.312
1.504
0.616
0.136
1.156
0.968
0.7
3.06
0.696
4.416
2.356
1.0
6.312
5.54
0.768
1.048
0.124
0.516
4.536
1.46
2.288
2.28
4.812
1.468
4.664
3.708
1.264
1.976
8.448
0.24
0.596
1.364
9.936
1.38
2.456
1.716
1.684
3.6
2.504
1.492
0.4
1.824
1.64
0.88
0.204
1.296
4.776
2.244
0.632
2.644
5.052
6.044
4.924
0.116
0.148
1.82
0.2
2.028
5.708
2.196
0.196
2.48
1.008
0.196
1.228
1.116
1.652
3.532
5.664
2.596
1.956
1.872
3.136
4.16
9.028
0.504
4.464
0.848
1.952
3.396
0.364
3.52
2.132
0.952
1.088
0.168
3.088
5.58
3.468
0.692
5.084
5.324
0.876
1.432
1.76
4.392
2.676
7.06
0.636
1.02
0.824
2.62
0.612
3.672
9.028
1.18
4.652
1.244
2.088
1.324
3.78
0.136
0.528
0.092
4.436
4.916
4.28
1.052
2.62
1.388
5.672
4.492
1.084
0.324
1.636
0.808
1.276
0.492
0.696
3.684
0.348
4.06
1.764
1.972
0.208
1.936
0.788
0.184
4.868
2.716
0.324
1.504
7.232
6.116
0.524
5.652
0.152
4.74
3.436
0.492
1.076
1.488
9.336
0.16
0.62
1.692
2.052
3.66
0.092
2.824
2.316
2.632
3.724
2.472
9.26
2.584
0.312
4.856
2.56
1.668
1.284
0.088
1.32
9.984
4.388
1.884
2.556
0.852
0.384
7.152
1.64
0.164
4.368
4.976
1.988
2.248
6.456
1.112
5.352
1.016
0.52
0.724
0.76
1.36
1.888
1.348
4.532
0.184
1.672
0.42
0.376
2.76
0.636
2.56
5.316
4.472
2.788
1.388
3.26
0.412
9.02
4.236
8.112
5.312
8.424
6.944
2.616
0.204
5.308
1.2
1.336
0.588
0.2
0.596
3.136
4.376
1.132
2.556
0.232
1.808
2.192
1.18
1.504
6.952
1.108
0.24
0.616
7.052
3.484
2.468
3.0
1.516
1.356
0.084
1.084
0.276
2.76
0.332
0.836
0.336
0.488
1.824
0.46
1.548
0.692
2.624
0.108
2.424
0.556
0.156
9.176
0.628
2.264
0.308
2.02
0.116
1.892
1.212
1.896
0.388
7.112
0.392
0.416
1.544
5.0
0.388
1.496
2.348
0.128
0.352
1.152
3.952
0.208
11.02
0.352
10.46
4.492
2.652
0.68
1.768
2.128
8.072
0.62
7.272
1.016
0.124
1.44
0.788
0.708
1.296
3.64
1.292
8.684
1.012
6.752
5.376
1.86
0.288
9.716
4.144
0.624
0.272
0.48
0.664
0.884
6.008
0.244
5.944
7.816
6.232
5.54
0.28
0.196
6.86
5.372
1.604
5.332
1.34
0.776
3.688
1.032
6.944
0.072
0.656
2.48
5.948
2.708
0.672
1.092
9.012
0.884
6.816
9.376
0.164
5.224
0.224
0.228
1.256
0.676
0.468
5.22
0.284
0.892
0.812
2.756
0.236
2.056
1.604
2.8
0.384
3.972
0.736
3.572
5.084
9.208
4.62
4.356
0.588
0.956
0.808
2.012
0.196
2.768
1.948
1.156
0.724
3.48
0.624
0.564
1.348
0.496
7.304
2.164
1.108
2.696
2.58
1.124
0.188
0.652
1.316
0.164
6.228
2.144
3.3
1.524
1.612
0.356
1.444
0.668
1.396
0.556
0.708
2.36
0.4
0.092
1.424
0.964
0.784
3.216
0.208
8.66
2.204
2.232
0.796
10.632
0.96
1.46
6.888
0.412
7.1
6.928
0.684
2.764
0.48
0.352
1.42
0.296
0.42
5.568
0.82
9.2
0.24
1.28
0.404
1.224
5.184
1.252
1.824
0.86
0.952
1.224
1.752
1.796
9.18
4.452
0.436
3.396
0.188
4.468
1.6
2.46
0.392
3.008
0.112
5.672
8.292
3.16
1.272
0.936
1.616
1.988
8.816
2.892
5.896
1.888
4.932
1.172
6.732
0.716
0.588
1.528
8.74
0.416
0.372
0.588
0.188
3.872
0.288
1.236
3.316
8.12
0.84
0.936
0.864
3.42
0.964
9.188
1.2
0.988
0.912
1.204
1.564
5.772
1.156
10.596
1.968
2.856
1.348
1.0
1.52
4.624
2.34
7.764
1.176
1.456
3.8
4.588
1.264
5.22
0.804
1.348
1.824
2.572
0.724
2.152
3.456
2.18
1.728
2.468
2.26
1.02
2.568
2.124
2.944
1.988
10.784
5.1
3.336
1.0
0.724
1.388
0.192
0.208
4.356
3.78
1.084
0.2
0.452
0.404
0.244
4.04
5.992
0.14
0.3
1.548
1.924
5.864
1.024
4.224
1.56
2.168
3.952
2.228
3.036
0.252
1.388
0.504
3.172
1.364
2.392
1.684
1.92
2.224
0.736
4.004
4.584
0.748
1.368
1.7
0.448
4.344
7.728
1.552
4.944
3.796
3.864
2.128
4.332
1.988
2.668
1.048
8.428
6.664
0.86
4.3
1.756
5.488
3.248
0.216
1.976
0.736
0.872
0.596
4.04
4.608
0.248
0.74
0.868
1.96
2.524
0.596
0.916
0.148
5.548
1.136
0.512
2.552
1.376
3.8
0.684
10.8
7.984
1.088
0.46
7.112
0.308
1.32
2.656
2.484
9.544
0.192
2.644
1.376
1.232
0.604
1.456
3.644
10.66
1.608
2.124
1.24
1.612
7.284
1.936
2.272
5.164
1.544
3.9
0.704
0.196
0.544
6.192
0.808
7.196
0.304
5.632
3.076
2.944
1.156
0.748
7.656
2.024
0.752
0.564
4.552
0.248
1.56
1.592
2.696
6.42
3.364
9.12
0.412
0.396
0.296
1.748
3.364
4.388
7.316
4.028
0.652
2.944
1.224
1.076
2.636
3.036
1.256
0.108
2.512
3.932
0.688
0.076
1.396
0.568
2.472
1.9
0.208
3.448
2.34
3.532
3.188
7.204
6.424
4.1
0.988
2.584
1.756
1.384
2.432
10.956
0.664
0.276
0.96
0.396
4.708
4.792
5.976
0.944
1.772
1.384
0.904
2.124
6.24
1.668
2.78
0.864
4.656
2.068
1.604
1.0
2.312
1.392
1.808
5.46
0.984
0.224
1.988
0.7
3.396
1.68
0.256
0.296
0.872
3.56
4.944
1.18
1.504
2.756
2.424
1.832
1.188
6.472
8.384
1.08
0.796
0.396
0.816
6.212
5.18
4.596
0.676
0.708
3.544
1.836
1.428
1.664
4.084
1.52
2.404
0.456
2.36
1.256
4.116
8.496
2.928
0.524
2.948
1.616
1.512
5.008
1.728
4.816
1.312
0.544
3.444
2.58
1.924
8.832
3.904
0.648
0.24
4.816
0.62
8.612
0.412
8.748
2.6
0.572
5.876
4.992
2.268
2.328
0.204
1.2
2.28
0.304
2.86
0.968
1.284
1.904
1.568
0.6
0.688
0.896
3.944
1.568
3.484
5.216
2.456
1.728
6.108
0.188
10.212
0.116
6.168
2.344
0.424
0.568
2.508
0.372
7.172
7.628
4.996
0.232
0.232
0.916
1.836
0.208
2.752
2.808
0.28
0.884
0.484
0.208
1.948
0.144
0.608
6.244
2.768
0.112
10.088
6.704
0.864
0.896
2.256
2.06
7.612
1.884
3.148
1.208
0.368
0.92
8.936
5.664
1.532
1.06
0.732
1.74
0.468
0.412
0.092
8.212
1.072
1.484
1.08
0.508
1.132
1.736
2.176
2.76
1.344
0.116
1.672
1.02
6.164
0.176
1.284
0.452
0.996
3.48
2.752
0.212
2.188
0.812
0.744
1.7
1.368
0.668
0.08
2.884
1.248
1.56
10.596
0.604
8.032
1.628
7.84
0.328
0.1
0.188
3.46
1.992
0.352
5.176
1.18
3.836
6.528
0.08
0.168
0.404
1.576
6.56
0.212
0.528
5.4
5.836
1.588
2.4
0.432
0.616
8.06
0.352
3.416
2.496
0.276
1.844
3.08
1.1
0.14
1.368
0.924
1.532
8.276
0.272
3.588
0.3
0.192
1.168
2.004
0.224
2.144
1.132
2.62
3.14
3.024
1.556
6.552
9.7
0.388
1.152
6.38
0.784
2.36
0.86
6.32
0.076
7.444
3.536
2.932
2.776
5.736
0.28
2.36
3.936
0.34
2.124
1.288
4.444
3.232
0.912
5.484
0.668
2.916
3.044
8.368
8.044
2.024
5.768
0.596
0.888
1.876
0.932
0.616
0.108
8.788
4.148
2.596
2.772
1.54
3.404
1.24
0.236
0.068
1.084
0.192
1.756
2.284
1.244
2.612
0.332
1.228
8.56
2.06
3.82
4.352
4.608
0.496
0.748
1.208
0.2
0.2
0.428
0.852
3.88
2.624
10.808
0.664
0.892
0.44
7.6
0.988
3.424
6.172
1.352
2.18
1.992
2.364
1.924
2.536
0.512
2.356
1.016
2.812
0.272
3.128
1.48
1.792
2.336
0.488
2.956
1.556
9.992
6.864
0.764
0.188
3.144
0.408
3.128
0.14
0.108
2.112
0.272
5.496
1.804
2.036
0.12
2.22
4.308
3.58
1.868
3.86
0.216
5.48
4.268
0.224
2.208
7.168
4.54
2.192
7.888
0.412
3.336
1.052
0.072
1.292
2.464
0.116
1.748
0.5
2.868
0.74
1.108
0.084
0.848
1.244
1.0
0.576
0.328
3.104
0.2
4.308
0.524
0.36
1.892
0.636
0.56
1.664
0.396
6.288
1.444
2.052
0.34
6.452
1.408
0.152
0.224
1.444
7.028
6.224
0.148
2.9
5.184
0.328
1.096
2.48
0.488
0.408
3.324
4.824
1.912
1.064
0.2
0.456
0.384
2.164
1.04
0.204
2.052
7.292
0.18
0.412
2.924
1.888
3.46
1.304
0.952
3.708
3.056
0.592
0.54
2.516
2.584
5.136
0.788
0.26
1.384
5.304
0.616
4.532
0.224
0.236
3.884
1.444
4.608
0.536
5.528
1.764
0.972
10.012
1.136
1.636
0.276
0.34
0.772
1.508
2.812
6.664
1.848
7.192
0.168
4.644
1.244
6.004
4.288
3.648
1.656
1.924
7.924
2.536
3.048
0.28
6.372
2.552
0.12
1.3
1.924
0.252
1.288
0.44
3.436
0.628
5.16
1.132
0.836
0.508
0.228
0.572
6.656
0.936
3.876
6.556
0.804
2.12
1.564
0.48
0.728
1.332
2.96
1.452
3.104
2.132
5.588
2.116
0.408
3.54
2.516
1.852
1.708
2.512
2.936
3.204
3.884
2.636
10.352
1.904
0.08
4.576
1.824
4.104
0.456
0.664
1.156
1.336
1.212
1.524
1.036
4.236
0.28
10.66
7.016
1.296
0.196
0.624
1.02
4.12
1.812
3.076
6.636
1.46
1.964
0.144
2.628
4.316
4.88
0.576
4.22
0.072
1.244
0.276
0.276
2.812
6.652
0.684
0.436
0.448
0.076
1.66
5.436
1.7
0.848
2.72
6.964
8.008
2.684
0.092
0.764
2.248
2.884
1.808
0.772
3.86
0.692
1.372
0.08
0.236
0.112
6.68
0.128
1.84
2.352
0.764
2.096
4.956
1.652
0.116
5.48
1.488
0.292
1.508
3.14
0.584
0.272
6.368
0.228
0.104
1.144
8.716
0.412
0.16
1.772
7.408
0.676
1.444
0.32
6.86
1.044
5.004
0.196
1.148
2.824
1.804
0.952
4.084
0.544
2.36
1.912
0.408
3.056
0.988
1.52
4.116
0.3
1.368
6.136
1.916
0.648
0.788
7.024
10.92
2.756
3.556
2.352
0.26
5.092
4.508
0.592
0.084
1.992
1.004
0.536
1.656
7.044
0.288
1.088
0.68
2.564
0.412
0.484
1.444
1.276
0.32
0.224
6.632
2.256
2.02
0.272
0.936
0.308
0.6
4.288
0.984
4.508
2.108
0.088
0.572
6.372
2.596
3.524
2.88
0.472
1.452
0.408
2.24
3.788
0.064
4.92
2.288
2.716
1.396
0.144
0.076
2.136
1.632
1.796
2.896
5.98
2.56
0.984
0.96
1.192
1.728
2.888
0.124
0.144
0.168
0.484
0.092
1.424
3.396
4.972
8.8
2.268
2.712
0.216
2.732
4.764
0.772
2.656
5.048
4.272
0.804
0.828
1.308
8.648
0.26
2.404
7.456
1.232
0.88
2.0
0.58
4.704
0.844
0.232
3.128
3.576
0.604
6.076
0.536
6.824
1.976
1.22
2.384
6.176
2.844
0.62
1.068
6.312
1.804
0.168
4.832
4.892
1.716
0.888
0.144
2.252
2.612
1.088
1.476
2.116
4.896
1.228
0.316
1.64
5.716
0.328
1.932
0.532
0.212
2.504
2.24
4.796
4.468
2.944
0.796
0.388
2.884
3.008
0.592
5.152
0.248
0.28
6.276
3.324
1.272
0.54
5.092
0.132
0.956
0.944
2.328
0.608
1.988
4.576
0.172
4.304
1.3
0.444
3.212
0.08
2.28
3.8
3.856
0.34
0.932
3.94
5.016
4.884
1.2
1.876
0.208
6.188
3.984
3.912
4.348
2.804
3.204
4.728
1.368
0.308
2.3
2.78
3.296
0.476
2.888
0.568
1.78
1.028
0.46
0.892
0.492
0.392
1.608
0.364
2.388
2.444
1.856
0.96
0.724
0.424
0.16
2.9
1.432
4.28
4.428
0.604
0.224
2.964
1.856
0.388
0.236
4.344
3.492
7.056
0.684
6.012
1.84
2.42
0.296
2.344
3.22
1.732
3.7
0.112
0.116
1.108
8.504
1.128
0.204
0.448
2.596
0.176
0.548
0.672
4.804
2.584
4.636
3.908
0.588
1.62
2.944
1.124
6.512
1.812
0.56
1.88
10.008
0.972
1.32
0.536
7.748
1.036
0.404
4.52
1.076
2.072
0.576
1.956
0.276
0.412
3.156
1.196
3.524
2.012
6.092
3.196
3.972
2.1
1.62
3.484
0.352
7.108
0.268
1.44
0.204
0.144
0.984
2.672
0.068
3.444
0.728
3.912
0.716
0.744
3.512
1.62
1.528
2.148
1.76
0.476
1.608
2.328
2.192
1.436
6.784
1.996
9.396
3.612
2.9
0.184
0.564
2.128
1.816
0.4
3.276
0.808
0.9
3.288
0.82
1.692
0.112
0.168
7.656
3.244
3.308
6.844
0.092
0.568
0.484
2.44
3.02
4.004
0.32
3.932
0.532
6.816
1.06
1.804
3.044
2.648
4.6
3.412
1.252
4.272
0.312
1.432
3.028
1.008
3.22
0.876
2.532
1.608
1.464
0.132
1.932
1.136
0.808
1.364
0.484
1.828
1.084
6.188
0.8
3.02
10.076
0.292
3.18
0.464
0.732
0.5
2.236
5.764
2.02
1.7
0.5
0.292
0.748
1.148
2.076
4.644
0.876
0.672
0.688
0.72
4.4
3.824
2.108
2.456
0.68
6.844
2.184
7.244
0.264
0.224
1.26
1.064
0.62
4.516
0.512
2.408
0.672
0.096
3.044
10.316
1.088
0.708
4.552
4.112
2.232
0.904
1.504
2.42
6.072
0.528
0.248
0.232
2.576
3.36
1.72
0.976
4.552
1.212
2.62
2.0
3.404
2.348
0.248
1.748
2.004
3.584
2.572
0.96
1.916
1.432
2.584
6.096
1.876
0.868
1.924
0.62
0.124
0.76
1.936
1.78
0.808
0.456
0.936
1.38
2.856
0.196
2.616
6.032
1.136
1.984
6.328
9.512
0.264
1.272
0.268
4.948
1.576
1.648
0.084
1.636
0.084
0.7
5.204
0.332
7.524
0.828
0.088
3.112
0.516
1.176
2.228
0.196
2.776
3.952
1.896
3.416
3.308
0.784
0.244
1.328
5.776
0.38
0.608
0.612
3.368
0.668
1.904
1.508
6.824
0.356
1.684
0.808
7.232
0.836
0.936
8.4
3.632
8.216
5.588
2.628
7.916
0.62
0.188
2.168
4.016
2.716
2.128
1.048
1.964
2.032
0.796
6.468
1.576
1.94
0.612
0.924
3.372
2.352
0.176
8.696
1.364
1.456
0.336
0.876
0.292
4.864
5.428
0.88
0.532
0.076
2.932
2.42
0.376
1.692
0.36
0.94
0.212
1.188
0.284
1.232
2.456
3.164
0.704
2.616
3.38
2.284
2.4
6.852
2.548
0.264
6.632
3.204
2.588
6.268
1.836
0.82
1.008
6.308
0.556
1.664
1.124
0.304
1.872
1.9
1.86
0.288
0.944
3.268
3.232
8.54
3.58
2.092
0.896
1.572
0.188
2.64
0.412
1.176
3.656
0.204
2.956
5.716
6.292
4.276
4.812
1.38
2.868
2.664
2.896
0.58
0.308
0.796
1.936
4.156
3.044
0.136
0.168
1.672
7.68
0.168
0.932
5.94
0.232
0.804
2.948
2.336
3.064
0.508
4.676
3.468
6.052
3.036
1.096
1.844
2.452
0.252
2.696
5.904
3.584
1.032
0.316
0.796
0.356
6.076
1.428
3.564
8.828
1.812
0.484
1.604
8.536
0.244
1.088
1.38
0.992
9.912
9.316
0.628
1.172
1.128
4.012
0.616
2.808
0.18
1.48
0.32
0.94
0.832
0.896
4.996
5.668
0.596
2.572
1.556
0.796
0.208
0.584
0.296
2.012
0.892
3.024
2.872
1.584
2.528
3.08
6.792
2.448
1.532
2.34
0.208
5.128
0.872
1.464
3.684
0.712
2.508
1.312
5.616
5.416
0.244
6.772
0.544
5.148
3.268
0.904
1.42
10.364
0.328
4.524
4.836
7.496
0.568
0.672
1.36
9.44
9.892
0.084
8.068
0.368
1.056
0.628
1.384
2.556
1.76
2.284
7.26
0.296
2.52
1.748
2.496
0.12
2.868
1.648
2.672
0.484
0.492
0.152
0.54
0.412
1.128
0.64
1.696
3.016
4.3
0.228
3.232
5.28
7.02
8.912
1.976
0.684
7.864
0.62
0.524
1.132
0.208
4.732
2.12
0.232
2.072
1.916
3.236
1.128
1.188
1.828
0.1
2.056
0.784
0.888
8.3
2.272
0.3
0.716
2.416
0.424
0.972
4.956
1.916
1.036
0.752
0.14
0.092
8.196
0.608
4.088
0.56
0.364
0.712
0.78
5.968
1.572
1.3
0.484
1.156
0.448
1.312
0.34
0.152
1.444
2.824
0.16
1.144
3.628
3.192
0.672
0.432
4.092
1.276
0.396
0.372
1.86
0.688
1.832
6.324
9.816
3.236
0.428
0.804
4.644
1.728
2.06
0.216
0.392
2.052
3.7
0.5
1.928
3.032
0.86
3.344
11.052
5.568
1.136
1.092
5.032
1.496
3.396
0.448
2.508
0.88
0.388
0.092
1.228
2.74
0.076
0.276
0.756
1.008
1.636
0.572
4.06
5.252
0.768
0.14
2.984
1.24
2.428
3.568
0.3
3.76
5.732
0.12
0.38
2.472
0.5
0.392
0.692
2.016
1.068
10.844
0.724
0.328
0.368
1.004
1.748
2.448
0.884
2.436
1.168
0.656
8.184
1.82
0.084
1.052
1.484
0.504
1.084
1.536
2.112
5.092
1.972
2.512
0.704
1.392
0.824
1.7
5.584
2.556
3.016
1.16
7.12
10.672
2.456
0.316
0.528
1.008
2.004
0.408
3.424
0.328
0.424
0.26
8.52
4.432
1.416
0.104
2.244
0.968
5.012
1.916
0.668
1.664
0.764
3.848
1.052
1.276
6.82
1.512
0.34
1.032
8.808
0.232
0.172
3.096
4.596
0.8
1.376
5.008
0.816
0.992
0.116
0.8
0.32
0.16
0.616
2.196
0.16
1.392
2.756
8.284
1.088
0.448
1.832
6.62
1.032
1.132
0.12
0.784
0.188
0.512
0.104
1.18
2.892
0.244
2.292
0.516
1.096
2.916
11.044
5.136
2.18
2.156
1.76
2.576
0.504
0.756
1.0
3.112
2.708
3.14
0.996
1.488
1.896
2.616
0.268
0.28
1.824
1.948
0.288
6.024
5.864
1.42
0.52
0.996
1.212
5.408
0.084
8.452
2.696
0.42
3.804
1.532
2.08
1.02
0.768
6.64
1.252
0.832
6.716
6.36
1.608
0.54
0.308
1.724
3.592
0.988
1.52
1.916
1.152
8.108
2.092
9.736
0.172
0.488
0.084
3.572
1.588
0.408
6.384
6.648
2.28
0.724
0.656
2.456
1.704
3.788
6.436
2.52
2.264
0.356
2.076
4.708
0.372
1.092
4.276
0.356
4.184
1.612
8.376
1.088
0.164
4.512
4.328
1.112
0.276
1.752
4.876
4.736
0.512
0.156
1.232
0.964
0.632
2.592
0.48
4.668
8.428
2.712
0.128
5.92
0.868
4.872
2.468
2.984
7.876
0.7
0.836
1.352
2.312
3.352
0.976
0.216
0.928
2.584
0.168
1.508
0.6
1.64
0.724
1.072
9.348
0.1
0.768
2.216
0.268
2.552
0.268
1.008
2.984
0.312
1.572
0.668
1.464
0.944
2.804
0.204
0.816
0.688
1.268
2.928
0.084
8.244
3.908
2.148
0.772
4.332
3.94
0.232
1.92
6.004
2.352
0.348
6.004
1.2
0.364
0.84
2.132
1.036
0.848
2.64
1.48
0.664
3.368
0.74
0.232
1.764
0.328
0.156
8.684
6.544
0.668
0.228
1.424
0.812
0.608
1.044
4.316
0.544
1.2
3.636
0.616
3.212
3.06
1.576
4.436
1.472
1.988
4.212
0.424
7.008
0.64
2.052
5.608
2.884
0.972
1.468
0.676
5.824
0.304
0.652
1.788
0.488
0.688
3.392
0.944
0.136
0.44
1.972
3.412
2.208
1.744
9.46
0.768
5.636
0.228
2.8
2.98
9.088
8.184
0.728
4.64
1.8
2.556
0.76
0.28
1.736
3.9
0.576
1.68
0.46
0.876
0.428
0.536
2.084
0.76
8.892
2.032
0.1
1.028
0.176
5.008
2.496
1.304
0.524
3.808
1.4
2.708
1.432
4.484
1.132
2.728
5.6
0.656
0.344
2.528
0.172
2.552
1.848
2.376
0.44
2.188
2.844
10.272
1.344
1.044
5.908
1.044
1.056
1.28
2.536
4.928
2.988
0.26
4.204
3.164
5.548
7.788
2.232
4.448
0.416
5.356
1.852
0.34
4.448
0.956
0.676
1.548
1.284
0.44
0.284
1.668
2.408
5.7
2.172
0.284
2.76
6.3
0.076
0.236
3.664
1.84
0.168
2.128
0.62
3.944
6.168
3.736
1.54
0.312
0.34
1.456
1.12
1.72
0.956
1.888
1.996
0.768
0.208
4.3
0.36
7.704
0.228
0.516
2.772
0.64
0.348
3.048
0.144
0.18
1.676
1.732
3.732
0.94
1.388
0.34
2.368
4.872
2.512
0.712
1.184
0.156
5.324
0.992
2.036
0.78
1.476
0.724
2.732
1.14
2.368
0.58
0.268
0.828
2.844
0.88
3.376
0.824
0.16
0.468
2.808
1.168
1.16
0.824
1.608
0.512
0.644
2.044
2.476
2.66
0.664
1.304
0.212
1.104
3.54
7.204
1.228
2.764
0.508
7.58
1.548
4.38
1.064
0.584
0.312
0.864
3.66
5.256
6.128
0.444
1.284
1.372
3.48
0.36
0.4
0.128
1.332
0.348
1.884
0.42
6.52
1.564
0.424
4.736
0.116
0.816
1.796
9.856
1.848
2.096
0.268
1.24
8.28
0.192
0.532
1.936
3.312
10.18
0.38
4.316
0.396
1.44
1.564
1.616
1.244
2.984
2.964
0.584
0.972
1.492
0.516
0.14
4.224
1.444
0.3
1.196
0.976
0.944
0.852
1.604
3.644
2.984
1.136
4.856
1.94
1.144
0.732
2.292
3.688
1.124
0.74
0.412
0.404
0.084
1.216
1.46
0.096
2.264
0.164
1.084
3.94
3.108
2.54
0.396
0.66
2.808
1.924
0.86
2.224
1.16
2.108
0.624
1.548
1.944
8.58
6.832
8.028
1.292
2.684
4.088
0.568
1.988
1.192
0.58
8.272
0.244
2.644
2.876
1.904
3.08
0.572
6.276
0.9
0.64
2.488
2.252
0.288
0.6
0.24
2.968
3.956
0.796
2.016
1.42
3.14
1.464
0.268
5.64
0.9
0.376
0.204
2.312
1.736
0.616
0.808
5.124
0.904
1.348
5.38
4.08
0.62
1.36
1.316
3.096
2.18
0.688
0.396
5.324
2.344
0.08
0.824
0.108
0.192
0.444
0.088
3.248
1.352
0.476
0.276
0.32
4.028
3.84
2.748
0.836
4.268
6.444
0.648
4.964
0.264
0.644
2.108
4.972
1.616
0.356
0.416
2.74
0.6
4.764
1.072
1.396
1.148
5.452
5.176
4.932
8.784
3.512
1.196
4.82
0.588
0.924
2.176
2.848
1.004
0.548
4.784
0.8
0.4
0.904
1.636
2.092
4.432
0.224
2.708
0.844
5.728
0.368
5.46
5.44
5.24
2.24
4.388
2.82
0.592
1.568
2.368
1.564
2.512
4.248
4.62
0.452
1.124
2.236
7.18
10.388
0.668
2.596
2.516
0.516
3.316
4.492
1.244
1.784
1.528
2.9
1.204
7.324
3.408
3.712
5.452
0.62
1.348
3.084
5.556
4.272
3.004
0.932
4.664
0.292
0.46
2.052
1.572
1.172
2.888
1.016
1.552
0.972
0.608
0.528
0.844
0.692
0.796
2.872
1.112
0.188
4.456
0.932
0.552
0.688
2.068
0.456
10.152
2.3
1.212
2.172
2.028
0.756
2.388
3.344
0.84
0.956
2.128
0.984
0.1
5.98
0.528
0.524
3.452
1.388
0.408
7.396
0.68
0.7
2.392
2.888
2.78
1.536
1.864
0.508
3.18
2.228
1.96
4.244
4.596
0.116
1.416
2.272
1.244
0.82
5.48
3.308
4.432
1.136
1.656
2.512
0.752
0.784
9.54
0.616
0.6
10.404
0.136
2.68
9.628
1.112
4.204
1.38
2.292
10.792
3.512
0.468
1.78
5.996
0.428
3.904
0.956
2.964
5.0
2.336
0.676
1.512
2.552
4.432
0.608
1.092
1.396
0.204
0.7
0.108
1.376
1.284
1.252
2.652
3.06
0.624
1.952
0.748
2.54
0.488
3.272
0.204
3.192
8.424
5.264
10.504
2.152
2.548
2.54
0.876
1.44
4.952
1.148
1.648
3.616
7.568
1.884
3.488
1.412
2.788
2.28
8.064
0.292
0.424
0.66
2.796
2.704
1.856
3.584
0.196
3.7
2.416
5.236
1.732
0.144
3.524
1.528
2.76
0.384
1.84
0.772
2.668
2.084
2.22
0.3
4.524
1.96
10.952
3.3
2.396
0.068
4.96
2.664
3.228
4.372
0.964
1.296
5.712
0.972
2.3
3.288
2.064
1.616
1.016
0.732
0.796
3.472
1.504
10.276
3.388
2.032
4.004
3.768
0.46
6.736
0.376
0.384
1.54
3.852
1.78
0.492
0.344
1.536
6.28
2.576
1.96
1.308
1.992
0.392
0.804
1.124
0.38
1.788
0.452
1.196
9.192
0.584
4.984
1.188
3.356
0.084
1.924
3.836
1.708
1.776
3.228
0.196
1.848
0.72
0.684
0.14
0.536
7.36
1.516
0.664
0.616
0.268
4.2
0.504
2.964
1.22
1.512
0.576
3.112
6.164
1.048
6.132
0.204
0.74
0.428
0.14
0.732
3.508
4.46
2.736
0.156
2.9
1.624
0.708
3.12
0.556
0.688
0.644
5.88
0.34
2.944
5.512
1.568
1.248
0.144
2.12
0.26
0.136
0.94
3.624
2.488
2.304
1.776
0.988
1.452
2.24
2.076
0.732
6.68
9.788
1.376
2.536
0.708
0.9
9.936
10.572
3.08
2.924
1.576
2.808
1.172
0.328
1.416
0.388
1.232
2.096
2.028
0.572
5.708
1.644
1.168
1.532
2.776
1.1
0.484
2.812
2.268
3.524
1.144
9.592
8.292
10.42
1.224
0.792
2.328
0.308
0.18
4.228
9.728
6.308
0.7
0.376
1.464
1.996
10.756
0.232
5.272
4.436
0.952
3.684
3.28
0.452
3.52
0.776
0.296
3.976
0.508
1.532
6.448
4.484
1.584
2.52
3.976
1.136
0.604
0.132
0.784
1.008
3.128
0.488
1.504
3.212
0.756
1.712
8.776
1.948
0.496
8.172
6.908
0.532
0.272
3.312
4.104
4.66
0.46
0.504
1.044
2.352
0.28
4.572
8.624
1.312
2.868
2.984
3.816
1.976
1.768
1.452
1.908
8.228
4.772
0.344
4.364
3.36
1.944
4.312
0.068
1.124
1.632
1.228
1.992
2.26
0.576
0.556
1.24
0.388
1.204
1.064
2.284
0.76
0.092
1.5
4.84
1.652
4.94
0.472
1.504
0.6
2.88
0.588
0.188
0.284
0.136
6.204
1.76
2.132
1.544
0.36
0.832
2.18
3.036
4.972
0.18
1.04
0.56
2.46
6.704
0.168
0.276
3.116
1.788
5.756
1.444
4.472
6.88
1.384
3.088
3.84
0.856
0.216
3.872
2.872
4.696
2.604
3.332
1.848
0.988
3.608
3.94
1.332
1.492
0.856
0.484
2.256
2.12
3.108
2.864
3.364
6.748
0.952
0.72
2.952
1.4
5.984
1.268
5.576
5.096
1.988
0.636
0.768
2.388
5.016
1.496
1.316
6.512
3.268
1.08
0.528
2.432
0.952
7.784
0.076
2.176
9.592
0.524
0.388
4.72
2.108
2.92
0.612
0.424
1.636
0.292
0.296
0.688
1.544
4.376
0.332
1.904
0.276
3.98
3.032
0.98
1.424
2.544
0.228
5.748
1.456
2.704
1.956
2.12
7.772
10.036
1.452
3.848
3.548
4.108
5.06
1.452
1.08
0.792
3.644
0.368
0.096
1.096
0.324
0.828
3.472
10.232
1.852
2.636
6.632
0.148
5.136
4.568
1.048
1.288
4.228
1.224
0.12
0.184
1.796
8.472
1.476
4.052
0.868
0.212
0.128
5.844
0.2
0.824
0.472
1.528
1.832
0.068
0.984
1.952
1.684
1.468
6.668
8.02
0.12
3.156
1.872
11.028
3.212
3.768
0.52
0.832
1.064
0.16
1.276
1.188
1.22
1.584
1.632
1.804
1.776
0.368
10.232
1.0
4.404
4.068
0.22
1.196
2.252
1.492
0.348
4.0
1.728
0.68
2.892
4.892
7.064
0.784
5.896
3.0
2.008
3.772
2.4
5.932
0.548
1.28
8.656
5.644
2.624
1.368
1.4
3.408
5.696
0.16
3.46
0.988
0.988
3.792
3.54
2.212
0.252
2.556
3.576
0.44
1.876
5.644
2.412
2.172
1.116
10.552
7.848
0.7
1.052
2.164
0.264
0.58
8.776
5.852
3.8
10.22
1.344
1.456
1.152
0.204
5.336
2.012
6.68
2.64
0.456
0.612
1.688
0.176
3.044
7.956
1.676
0.34
1.636
0.576
4.272
0.536
1.92
0.16
2.996
3.056
5.336
2.392
0.14
1.996
8.472
3.164
2.484
0.116
10.62
5.092
1.18
10.1
2.228
2.696
1.94
0.66
0.132
0.596
3.336
0.3
4.796
6.18
2.9
3.316
1.068
0.552
7.448
0.264
0.16
1.82
4.42
2.0
2.672
1.596
2.088
0.412
0.248
6.348
4.688
0.112
1.384
0.688
0.992
0.66
1.976
2.536
2.244
0.488
0.816
4.948
2.384
1.836
2.584
2.8
1.984
1.6
2.124
5.596
2.088
0.88
4.272
0.872
1.676
0.996
2.228
2.356
0.5
1.468
3.084
1.364
2.62
0.364
1.892
0.816
1.312
2.808
1.284
0.124
1.392
2.64
4.884
0.332
3.004
4.132
0.796
3.244
6.296
3.024
0.972
1.588
1.808
0.584
0.188
7.224
0.196
0.676
0.112
3.916
6.832
2.104
1.608
1.1
0.688
0.388
3.288
0.08
2.344
1.444
0.268
0.612
8.684
1.636
0.248
2.852
6.2
1.372
2.888
7.956
0.624
2.032
7.248
0.14
0.796
3.58
0.764
7.644
1.828
2.616
4.492
1.072
4.872
5.168
1.892
0.104
0.26
0.264
1.148
3.036
0.356
0.744
5.436
0.508
5.608
1.588
1.34
6.324
8.908
3.336
4.492
2.48
1.116
3.264
2.208
0.704
4.508
2.484
0.524
0.92
0.22
1.252
2.876
3.552
1.592
2.548
0.104
0.476
1.308
0.66
0.732
0.86
1.568
2.172
3.072
2.708
0.22
1.012
7.384
1.14
10.384
0.168
0.868
2.508
10.692
1.864
3.624
3.872
3.468
1.808
0.5
8.764
10.552
6.572
7.708
0.48
3.512
2.152
6.696
3.024
1.368
0.692
0.24
8.972
2.72
2.844
0.9
2.196
4.38
0.524
2.66
9.896
1.044
0.388
3.256
0.22
3.86
5.556
1.696
2.772
0.084
7.224
0.212
0.076
2.36
0.596
0.452
2.34
0.492
0.16
1.704
2.144
3.46
2.668
0.068
1.232
1.464
1.812
4.56
0.828
2.224
4.024
10.756
4.524
3.468
1.52
1.536
1.508
3.844
2.584
3.02
6.22
0.532
0.704
2.172
4.684
7.78
0.332
7.544
0.84
5.216
2.288
2.308
0.212
0.496
1.056
0.644
1.152
6.656
0.828
0.796
4.76
1.632
3.212
0.732
4.068
2.1
5.632
1.892
1.356
0.232
0.428
1.572
3.692
0.672
6.448
0.6
1.848
3.252
3.664
2.412
5.96
1.524
1.22
0.504
0.688
0.324
1.632
0.752
2.7
2.396
3.416
0.84
0.88
1.288
3.744
1.488
1.872
0.18
2.248
4.812
0.308
7.2
2.568
1.584
2.44
0.988
2.2
3.7
1.02
5.74
1.972
1.624
0.164
1.608
1.332
0.3
3.228
0.728
1.836
3.156
1.296
0.92
0.208
5.792
1.188
0.252
2.46
7.076
3.652
2.8
4.372
1.536
2.152
1.832
0.508
1.108
2.696
7.096
1.684
0.352
1.564
0.228
2.932
0.396
1.304
0.324
3.488
3.628
3.34
1.18
0.468
0.72
5.4
6.764
4.388
9.384
0.412
10.188
0.632
1.952
2.104
3.052
0.572
0.108
0.604
2.044
1.012
2.528
2.856
9.496
8.716
2.968
3.9
0.28
2.216
4.456
0.544
0.872
0.832
1.068
1.228
2.688
0.1
0.508
0.304
2.988
0.668
7.104
3.508
5.008
0.88
0.264
0.588
7.364
1.96
1.524
3.536
1.664
0.756
0.196
1.192
0.972
4.128
1.052
2.524
1.536
4.388
6.972
4.328
3.676
0.944
