0.412
1.556
0.996
0.26
9.284
0.996
0.148
1.804
0.248
8.352
6.7
1.568
3.308
0.792
9.844
1.416
0.264
9.372
7.776
0.384
1.056
1.416
1.576
0.228
1.864
1.22
2.096
0.572
3.172
1.98
0.608
4.496
0.792
1.432
2.492
7.992
1.28
1.676
8.992
1.576
4.616
1.752
2.576
3.82
0.056
7.36
8.444
8.56
0.08
0.712
2.136
6.056
3.376
0.768
0.628
0.46
4.864
0.288
0.476
1.732
0.056
0.404
0.796
3.572
1.44
2.248
6.456
2.456
0.472
3.112
6.684
2.468
2.524
0.104
0.556
8.912
1.612
5.452
1.208
5.388
4.24
3.888
4.024
0.24
0.096
0.164
2.924
2.676
0.196
1.004
0.24
5.916
0.736
0.272
0.732
3.648
4.476
4.692
4.052
2.132
0.572
8.276
3.916
2.8
1.892
9.564
9.984
0.484
0.26
2.412
6.076
2.12
2.688
1.388
7.42
2.148
3.456
9.792
2.324
2.032
0.668
1.636
9.876
5.408
0.456
1.04
2.14
0.464
0.108
0.06
1.048
0.604
0.248
3.836
7.176
2.74
0.3
0.968
2.876
0.396
3.436
1.86
3.584
4.608
1.448
1.376
2.992
1.92
1.576
1.388
0.508
0.408
0.088
0.22
5.428
2.44
4.172
0.092
0.316
9.324
8.172
0.224
2.592
0.192
0.108
0.048
0.14
0.076
0.18
3.312
1.948
0.82
2.576
1.084
0.752
2.804
1.38
0.432
0.576
0.184
1.264
1.592
1.716
4.668
9.392
0.94
1.608
0.88
1.236
0.936
0.168
0.82
1.7
0.764
0.1
0.108
0.908
4.08
7.78
1.608
0.332
3.932
3.304
5.876
0.252
1.208
1.092
0.844
1.58
2.404
0.236
4.628
2.628
0.5
3.088
0.324
0.676
1.596
3.82
1.94
3.124
8.816
1.2
1.512
2.204
0.532
0.688
1.832
1.128
0.196
1.472
0.42
5.196
2.46
0.796
1.888
1.208
4.328
1.748
0.48
3.504
0.556
1.112
0.304
2.728
6.668
0.304
2.232
1.444
0.148
5.32
1.62
4.092
0.488
1.088
1.408
0.72
1.028
2.824
0.308
0.356
0.392
3.444
2.34
2.152
2.336
0.792
2.94
0.508
2.344
0.456
3.436
8.708
2.236
1.872
0.472
2.388
0.252
3.88
0.452
5.372
2.648
10.492
0.316
4.504
1.82
1.752
3.12
7.796
0.464
2.252
3.892
6.904
2.404
1.54
0.344
0.144
1.052
1.4
9.452
0.624
3.724
0.224
0.692
1.824
3.08
1.588
2.112
2.324
0.392
1.224
1.92
1.0
1.46
2.552
2.412
8.392
1.468
1.412
1.632
1.672
2.564
0.724
5.704
1.376
0.58
0.752
1.064
0.196
1.22
2.572
1.008
2.816
3.044
1.064
3.108
2.86
4.704
9.224
2.292
2.348
3.096
7.664
0.064
1.296
0.088
1.48
4.476
1.584
0.436
1.072
0.56
5.376
2.576
2.08
0.576
1.544
1.036
2.548
0.38
0.96
10.104
3.016
0.204
4.848
2.924
3.084
9.896
0.792
0.164
2.628
0.66
0.404
1.248
1.608
3.024
5.196
3.788
1.08
2.68
1.412
1.356
0.212
2.244
0.284
0.152
5.244
2.164
5.132
1.208
1.192
0.264
0.428
0.9
1.244
2.948
4.468
3.668
4.896
0.784
0.58
1.64
3.58
7.856
1.932
0.268
2.0
0.356
1.772
3.24
0.436
0.34
3.24
2.584
0.616
1.264
0.784
3.228
1.804
2.792
0.152
5.184
6.512
0.88
2.46
3.864
0.704
6.628
0.048
0.58
0.48
3.952
1.344
11.08
0.452
1.764
1.484
6.252
2.664
4.192
1.3
1.4
0.14
0.648
10.108
0.6
0.408
0.616
1.284
3.86
4.636
1.508
1.02
0.86
0.072
1.376
1.12
0.72
5.76
7.316
0.54
0.984
1.788
5.988
10.08
7.872
7.228
5.56
3.308
1.72
4.832
0.788
5.572
1.208
6.828
0.456
0.68
0.284
0.3
0.884
0.252
9.584
5.396
2.452
1.792
1.048
7.136
1.852
3.08
0.992
0.484
1.308
5.236
0.364
6.688
7.98
0.836
4.592
0.356
3.2
3.996
2.644
5.764
1.596
1.652
0.248
0.712
8.624
1.712
2.064
7.48
0.288
0.964
1.204
2.588
2.332
1.916
3.396
2.22
0.32
1.324
0.972
8.784
0.14
1.48
3.376
8.508
3.04
2.328
0.34
2.552
2.14
0.544
5.06
0.66
1.0
6.008
3.22
0.136
2.756
4.504
1.716
2.684
2.628
3.532
1.216
1.34
2.956
1.928
0.336
1.632
3.38
2.644
9.804
0.268
0.24
2.672
0.584
1.724
0.76
0.992
1.2
3.02
4.956
0.58
9.212
2.556
2.364
2.4
5.692
0.072
1.248
1.392
0.148
0.124
0.26
0.428
0.208
1.484
0.452
1.104
10.024
0.612
6.344
0.932
0.696
1.696
1.696
1.496
0.076
2.404
10.896
1.508
10.8
2.564
0.084
2.824
2.644
1.088
10.46
2.504
0.22
1.672
1.3
0.204
0.38
0.78
0.312
0.604
0.748
3.74
8.3
0.884
0.132
6.308
1.456
1.368
11.036
10.16
0.44
0.368
0.204
2.968
0.644
0.968
1.46
0.888
0.1
1.996
1.464
2.064
2.588
0.224
4.76
3.256
0.464
4.612
6.076
1.432
1.276
3.992
0.536
4.684
0.892
1.476
0.784
3.972
2.564
2.54
2.104
0.124
1.536
1.66
0.272
2.208
0.284
0.924
1.316
0.2
2.84
2.036
2.132
0.18
10.948
0.336
3.612
3.724
0.48
0.304
0.88
11.06
1.368
4.032
0.692
5.068
4.864
4.948
1.068
3.66
4.312
3.028
1.68
9.82
9.536
1.236
0.548
3.324
1.9
2.4
2.856
1.168
2.308
5.584
3.128
2.18
7.26
0.588
1.92
1.228
5.472
0.236
2.148
0.308
1.116
3.328
0.508
0.864
0.152
1.94
0.484
7.156
1.404
1.352
1.232
6.364
7.312
1.228
1.424
0.104
0.98
2.928
1.452
2.792
0.092
1.084
5.66
2.968
0.516
2.056
5.596
1.496
4.196
0.404
2.904
2.38
1.184
2.98
9.316
0.34
3.628
0.208
5.012
9.512
4.556
5.8
2.272
2.496
0.152
1.416
4.832
0.168
4.88
0.304
1.504
4.608
1.036
2.74
0.244
3.416
0.484
1.556
2.488
4.996
0.264
0.64
0.72
2.408
2.78
7.108
0.86
6.372
5.704
1.796
0.224
6.596
0.14
8.908
0.812
1.176
0.812
5.576
0.928
9.144
0.796
1.472
1.788
0.352
3.088
1.98
0.272
4.16
0.24
4.036
6.228
0.136
0.924
1.308
0.312
6.904
3.068
1.06
0.208
0.084
0.728
0.86
0.096
9.088
4.72
0.096
1.3
0.888
1.688
0.828
3.536
3.68
1.912
2.532
1.756
1.796
10.18
2.568
1.824
0.112
9.236
0.08
10.832
8.024
10.728
7.12
0.76
3.56
2.4
1.316
2.916
1.34
5.292
0.856
7.08
3.244
0.472
6.748
1.66
1.604
5.088
3.068
1.024
0.38
5.172
0.532
6.108
2.908
0.436
2.048
4.236
1.536
0.804
3.448
0.232
2.064
3.608
1.996
3.828
2.12
0.524
0.44
2.04
5.024
0.472
0.148
3.564
0.664
2.672
9.396
7.684
3.276
0.272
7.76
1.872
2.012
7.34
2.708
1.392
0.36
0.636
1.848
3.744
0.404
3.804
5.2
1.024
9.9
4.536
5.084
0.664
1.4
0.26
0.604
6.188
0.064
3.652
4.064
2.228
2.952
0.896
4.212
2.136
8.84
2.292
0.216
0.58
1.728
0.212
3.928
0.904
9.072
0.3
3.632
2.604
3.664
4.696
1.212
4.448
0.18
2.192
0.308
0.108
2.408
0.172
0.696
0.656
0.572
0.156
0.616
2.652
0.056
0.432
0.76
0.072
0.172
0.624
4.82
1.54
1.532
1.584
1.808
2.816
0.444
5.196
0.104
8.584
0.184
0.956
1.508
2.408
4.26
4.264
1.816
0.2
8.96
6.84
5.136
1.056
1.82
0.412
2.552
1.8
6.632
0.064
4.692
0.208
4.632
5.576
1.672
3.188
0.812
2.1
0.46
1.648
0.372
3.028
2.62
1.968
0.288
10.892
1.78
1.38
1.972
4.34
1.3
1.74
2.144
8.728
5.316
9.464
0.072
0.828
0.3
3.58
2.092
2.288
1.144
1.88
1.336
1.632
1.384
0.564
3.004
0.196
8.06
0.7
1.3
2.904
0.272
0.636
1.048
8.072
0.072
0.812
0.252
3.74
8.076
1.66
0.452
2.248
1.32
5.244
1.556
4.632
2.104
3.936
3.968
3.852
0.448
1.364
1.316
4.308
2.352
0.636
1.024
0.184
0.932
0.984
4.22
0.752
1.544
1.648
2.44
2.892
1.792
5.328
3.392
0.972
4.876
0.708
0.244
2.22
4.256
0.092
1.016
2.24
0.656
0.62
0.1
0.352
3.756
8.108
0.38
2.776
1.608
4.496
0.416
0.084
1.3
0.184
1.208
8.852
2.84
5.44
2.168
2.376
0.252
3.604
1.24
2.32
0.8
0.468
3.692
0.188
0.792
3.5
2.78
0.352
1.448
0.788
3.512
0.488
0.272
6.852
0.676
2.28
1.416
1.304
7.996
0.124
3.376
6.564
2.088
1.116
0.504
1.884
0.624
0.232
5.916
5.084
10.768
1.36
4.992
1.244
3.612
0.168
1.732
2.764
3.116
2.248
2.548
5.272
3.096
1.688
1.308
1.492
0.2
0.78
1.856
2.156
0.32
1.488
5.124
3.14
0.528
4.612
10.5
0.068
2.484
3.112
0.108
1.236
0.14
3.884
2.2
1.808
0.584
2.6
2.16
0.336
1.492
0.724
0.248
1.364
2.428
0.836
4.424
3.516
1.316
3.38
1.076
0.204
4.256
2.972
3.588
1.668
1.476
3.072
1.02
2.056
0.364
5.004
0.256
7.136
0.408
2.412
0.268
3.676
3.684
0.224
0.716
0.208
0.74
0.444
5.908
3.6
0.868
0.736
3.836
3.984
1.34
2.608
1.152
0.956
0.556
3.98
3.616
1.148
1.724
0.388
1.964
3.068
8.12
1.176
0.98
3.988
1.252
3.856
0.988
0.66
3.328
1.412
1.524
0.052
3.268
4.356
0.164
1.152
5.64
3.208
0.784
0.632
0.94
3.572
2.556
8.488
1.076
0.98
2.88
0.644
0.452
2.244
2.984
0.98
0.464
0.204
0.568
1.832
0.54
0.952
0.6
0.292
1.14
0.14
10.248
0.12
2.564
0.776
10.396
2.532
0.356
10.732
1.84
1.656
0.556
6.592
0.192
0.428
9.896
0.964
3.236
2.78
1.296
0.86
3.388
0.296
1.82
3.0
0.424
3.196
2.86
5.908
2.108
1.024
2.4
4.396
0.732
0.368
1.348
0.512
2.256
5.616
0.08
0.78
0.104
1.216
3.956
3.176
0.12
4.116
0.68
3.156
8.228
7.96
2.704
1.384
0.38
7.936
1.104
2.644
0.856
0.484
9.444
2.272
0.632
0.076
3.348
0.704
1.884
0.804
1.124
0.652
0.132
6.928
0.192
0.16
3.98
9.424
0.892
2.624
2.2
1.644
0.432
0.78
6.564
2.084
10.564
2.396
0.304
2.924
9.964
0.444
1.18
5.336
0.84
0.064
2.06
1.384
0.084
2.856
3.968
1.872
8.664
2.636
0.52
0.344
0.284
3.096
3.392
0.228
0.52
2.66
1.384
0.524
6.72
4.608
1.364
5.952
2.184
7.972
3.152
3.56
0.204
2.512
4.02
6.344
2.22
1.012
6.52
1.928
3.84
1.824
0.156
0.208
3.092
0.148
0.688
3.148
3.464
10.552
1.416
10.368
1.908
2.108
4.736
1.156
4.492
8.804
5.16
5.812
3.792
0.124
0.556
10.816
2.676
1.612
6.376
2.944
0.14
2.272
1.044
2.668
1.516
0.292
0.076
0.096
0.424
1.948
4.26
4.292
0.64
1.104
0.336
0.2
0.4
3.904
0.376
0.996
1.992
1.964
9.708
1.424
1.388
3.924
7.804
1.848
1.74
7.44
4.016
0.976
0.388
0.884
1.0
1.688
0.256
0.24
2.252
0.988
1.544
5.188
0.292
3.428
8.76
4.768
0.768
0.224
2.064
3.212
6.852
0.308
5.968
0.82
0.488
1.964
3.304
1.716
0.532
0.648
0.08
3.312
0.948
4.904
1.972
1.58
2.532
0.452
2.36
3.888
3.912
3.012
0.1
2.292
0.6
0.328
0.712
0.088
9.072
0.5
1.708
1.992
2.528
7.856
0.384
0.088
1.032
6.384
0.084
0.656
5.12
0.328
0.932
0.38
2.396
6.144
6.508
1.06
0.7
1.86
0.976
1.872
3.604
0.432
3.012
10.116
0.98
0.548
1.668
2.884
9.244
5.08
0.096
1.456
0.832
1.904
0.764
1.08
6.128
1.548
0.196
2.48
2.044
5.56
0.16
2.436
3.392
1.604
2.172
3.672
0.596
3.92
7.772
0.552
4.048
3.32
1.188
0.804
0.096
5.632
2.42
0.652
1.204
5.008
1.78
0.892
0.7
9.384
0.844
0.392
1.656
0.24
3.264
0.328
6.136
0.196
4.132
8.232
0.416
1.62
0.06
0.704
1.268
1.712
4.14
3.612
1.384
1.32
2.096
4.684
0.196
8.188
0.9
0.16
0.588
4.692
0.248
1.316
3.796
1.136
3.768
2.092
5.128
0.296
2.12
2.228
0.656
1.228
6.748
0.72
1.312
1.936
7.092
1.224
5.764
5.188
3.46
6.716
2.208
2.04
0.58
1.216
1.452
0.352
0.396
10.396
0.54
3.688
4.892
0.088
0.676
1.14
6.112
0.928
1.436
5.896
9.02
1.196
2.304
0.464
1.22
2.192
0.64
4.06
0.708
0.488
2.3
1.872
2.188
0.516
0.544
1.952
0.76
0.816
4.056
1.6
1.18
1.768
2.248
1.096
0.94
0.356
6.852
2.84
0.676
3.628
0.404
2.92
0.064
2.416
5.888
2.596
0.732
0.664
3.948
0.044
0.304
2.616
2.456
9.804
2.496
2.464
6.712
1.172
3.008
2.576
4.624
3.56
3.536
0.704
1.384
1.124
9.12
0.416
0.408
0.916
0.284
1.288
5.124
5.86
0.912
0.292
0.828
0.084
5.18
11.072
0.244
0.788
5.456
0.228
1.9
1.044
2.356
0.36
0.648
0.196
1.752
1.248
2.58
2.932
7.3
3.796
0.14
3.636
8.148
0.724
1.528
2.236
0.364
1.476
1.54
9.828
3.936
6.008
3.312
0.764
0.48
0.904
4.968
0.2
0.4
1.688
2.916
1.588
2.476
2.584
2.192
0.548
2.7
1.216
2.964
2.088
0.696
0.264
3.828
2.06
4.048
0.564
2.352
5.376
0.192
2.968
2.516
5.172
1.0
0.688
1.408
1.172
0.668
3.164
3.776
0.428
0.24
1.932
3.116
3.256
0.988
9.604
0.084
2.772
0.328
4.38
0.392
1.984
1.16
0.428
0.752
0.416
1.028
8.5
1.188
3.348
0.496
0.384
2.056
0.08
7.356
3.188
1.868
0.14
2.008
2.396
6.456
0.656
1.356
0.292
0.644
0.212
1.292
0.972
2.336
2.008
0.216
2.404
8.4
5.336
2.66
3.212
2.38
3.64
2.432
4.328
6.188
1.124
1.976
0.904
0.372
1.08
1.104
4.96
1.316
1.648
1.228
6.328
2.86
10.456
0.316
8.768
3.876
0.936
2.388
1.332
0.124
0.648
4.048
0.116
7.94
7.784
2.448
1.352
0.456
1.832
1.86
5.98
0.292
0.888
1.252
0.232
0.092
8.132
4.056
1.532
0.588
4.196
0.148
1.592
2.276
1.748
1.12
3.584
2.88
0.528
0.516
1.084
0.584
10.296
0.336
1.412
0.288
4.06
3.74
4.536
4.452
6.18
1.08
3.192
3.212
0.724
2.488
2.108
3.052
0.256
0.82
5.264
0.304
1.224
0.212
0.772
0.9
3.24
1.784
0.28
2.512
1.376
0.62
2.8
0.536
2.272
0.296
1.156
0.436
0.34
4.38
1.736
1.5
7.332
9.256
0.296
2.404
1.716
0.052
0.948
4.232
0.664
0.248
10.712
1.412
0.224
1.976
1.04
6.216
0.668
1.156
0.64
6.54
1.16
4.016
3.628
0.132
7.04
2.144
2.884
6.528
3.116
1.564
0.656
0.708
0.944
0.492
3.08
4.004
1.12
0.852
0.108
0.796
0.772
2.308
4.752
8.848
1.216
0.988
0.528
3.864
0.844
0.104
0.368
0.316
3.736
1.5
0.152
4.564
0.58
1.384
0.456
2.464
1.06
0.98
0.58
1.912
0.312
3.348
6.924
1.332
0.308
2.956
3.964
3.496
5.124
1.288
2.456
6.04
4.552
2.216
1.328
0.244
7.4
1.008
3.844
1.712
2.86
3.476
1.58
0.256
1.196
1.152
0.056
6.476
0.956
0.928
5.012
7.424
4.164
3.652
4.364
4.0
0.488
1.36
0.62
3.236
5.492
3.436
3.604
0.236
0.304
1.204
4.436
1.084
2.368
2.38
1.024
1.196
1.42
3.168
0.636
1.428
2.944
0.996
5.276
1.14
4.192
1.04
2.16
1.424
0.944
1.672
7.684
1.948
0.86
2.596
9.332
1.108
3.72
1.54
0.608
4.42
2.456
3.488
2.464
10.604
6.02
0.436
1.944
0.48
0.948
8.588
1.468
5.888
0.796
4.184
3.08
4.564
1.024
0.816
6.864
0.232
3.32
1.364
1.668
2.396
0.224
0.532
0.644
0.408
2.512
1.536
0.156
1.292
1.14
2.836
0.412
3.436
3.864
6.152
0.7
0.864
2.228
8.688
2.284
0.952
3.104
1.672
4.676
0.088
0.76
0.78
2.312
3.012
4.548
0.72
6.204
1.624
0.8
0.272
0.364
3.416
0.52
2.108
1.192
1.788
0.896
1.376
0.86
0.768
0.312
0.22
0.328
0.248
7.664
0.34
3.452
1.116
4.94
1.372
8.712
5.108
0.22
1.472
1.74
2.728
1.588
0.736
9.968
0.556
3.608
3.532
1.244
1.16
4.704
3.152
0.896
3.432
0.212
2.044
6.068
5.456
0.1
1.396
1.972
1.324
5.856
3.996
0.308
1.94
1.068
0.212
3.716
2.036
5.276
1.452
4.536
2.076
0.34
8.944
2.252
0.86
0.596
1.932
3.18
1.34
0.808
1.124
1.38
1.328
4.608
2.728
0.788
0.404
1.076
3.0
1.576
3.324
0.528
10.028
0.48
10.424
2.532
0.204
4.448
6.592
2.164
2.252
5.504
0.952
2.356
2.148
2.828
1.212
1.404
0.904
1.364
2.096
4.436
2.132
1.2
1.292
0.336
7.6
4.612
4.168
2.276
1.492
5.28
0.312
1.432
1.66
4.148
3.896
0.06
3.108
1.128
6.484
1.032
2.692
0.488
6.032
6.412
0.272
0.92
1.164
2.772
3.016
4.288
4.592
5.072
0.912
2.588
6.456
3.608
2.704
0.184
1.984
0.404
1.4
0.056
0.144
1.912
1.564
0.18
1.468
0.564
0.572
2.056
0.924
0.24
1.636
1.948
2.288
1.412
0.32
0.284
2.844
0.256
0.776
0.34
2.088
0.748
2.484
4.872
1.612
0.128
0.896
0.496
2.34
3.604
4.176
2.904
9.0
8.704
0.064
2.284
0.68
0.644
0.352
0.388
2.828
2.0
1.716
1.568
1.412
1.416
3.62
0.612
0.232
3.856
0.368
0.22
0.212
4.172
0.344
4.112
1.3
1.496
0.524
2.456
0.724
7.584
4.088
0.996
0.996
1.252
5.2
3.276
3.808
1.572
1.44
2.472
0.716
0.116
4.716
2.652
0.292
4.792
0.056
4.308
2.98
5.724
3.72
2.92
0.368
3.388
2.532
8.232
0.592
0.216
6.388
0.64
4.172
1.188
7.4
0.476
0.936
1.968
0.584
2.416
0.204
0.88
1.1
1.888
0.144
1.196
3.108
3.256
3.788
0.284
0.196
1.628
0.228
0.068
3.568
2.204
5.468
0.424
4.0
0.688
0.62
1.6
0.26
5.184
7.176
5.16
0.548
1.196
0.072
2.424
1.2
2.592
1.46
2.432
0.596
7.364
4.724
3.736
1.036
0.82
1.468
5.164
1.376
1.276
2.692
0.072
0.604
0.196
0.572
0.536
0.1
5.82
8.916
0.58
1.38
0.048
2.192
0.84
0.992
5.812
1.624
10.952
0.496
0.888
2.252
0.572
4.532
0.064
0.664
4.048
2.164
2.332
2.236
0.696
1.432
1.536
1.932
0.124
0.3
3.108
0.664
0.068
1.556
2.064
2.296
4.916
0.412
3.576
1.028
9.316
5.58
1.448
1.464
7.564
0.632
1.22
1.412
5.284
1.728
0.14
1.116
3.508
0.8
0.62
4.552
6.952
0.604
1.212
3.488
1.32
3.828
4.024
0.564
0.792
1.528
0.796
3.964
0.66
0.324
3.056
1.712
2.108
3.86
1.128
0.216
4.192
1.108
0.912
1.876
0.868
0.596
1.204
4.04
0.84
0.072
2.652
3.316
2.152
1.892
0.3
0.584
1.588
1.768
0.704
0.832
8.88
3.54
1.156
0.448
0.908
1.26
1.744
9.72
3.06
1.036
5.452
2.172
2.764
0.352
4.172
0.492
0.264
1.328
2.264
0.104
0.548
1.664
0.552
0.324
0.592
2.984
6.248
3.124
2.596
3.916
2.88
3.016
0.18
1.216
1.972
3.028
0.864
5.068
3.7
0.192
1.384
8.1
5.0
0.832
0.664
0.88
0.48
0.344
1.984
0.488
4.236
3.744
0.628
1.88
5.208
4.176
0.344
0.396
0.328
2.28
3.144
0.396
0.572
5.724
0.444
2.548
0.212
2.128
0.38
3.372
3.948
0.932
3.648
3.808
1.788
3.416
1.62
10.572
0.872
3.032
2.688
0.812
1.448
1.82
3.084
10.432
0.684
0.176
4.104
2.524
0.516
5.252
0.124
0.716
0.46
1.12
0.536
0.568
3.756
0.716
1.188
1.564
1.636
7.528
0.644
2.84
3.7
0.28
4.556
1.16
1.26
3.2
2.544
3.776
1.3
0.616
1.872
1.548
0.484
0.804
10.008
3.588
2.288
1.924
0.3
2.096
9.904
0.532
1.344
2.152
4.328
1.396
0.94
1.112
0.628
0.592
3.524
1.1
0.764
0.256
2.032
3.024
1.724
2.864
0.148
1.084
1.808
1.032
0.184
1.02
2.448
4.004
0.788
1.64
1.408
0.156
1.084
1.38
0.996
1.772
2.88
0.636
2.308
1.688
3.592
0.992
1.632
0.488
8.044
3.076
0.784
1.428
0.416
1.532
1.336
1.052
0.66
4.344
3.696
0.148
6.18
0.496
1.724
1.136
0.5
6.512
1.072
7.756
0.5
9.32
0.784
1.024
0.232
2.428
0.588
1.348
0.38
1.004
6.384
0.588
0.748
0.384
0.592
0.896
4.76
1.232
2.748
0.54
1.856
1.916
2.308
0.756
1.38
0.612
1.392
0.196
2.616
0.284
1.056
10.168
4.252
0.508
4.152
2.196
6.788
0.756
0.38
2.38
3.22
2.248
2.868
1.124
0.344
4.176
3.824
3.416
0.92
3.864
0.74
0.552
2.22
2.44
0.12
1.212
1.372
1.008
0.052
3.188
4.052
10.28
3.828
1.924
0.712
1.636
0.312
2.268
3.82
0.98
1.652
1.016
2.564
1.928
1.9
1.324
3.144
2.072
0.672
4.892
2.704
0.636
0.124
0.412
3.132
0.232
1.88
4.308
2.864
0.744
0.64
1.276
1.58
0.832
3.828
0.748
1.648
2.748
0.668
5.868
4.088
0.136
1.38
4.536
3.552
0.112
0.048
0.132
2.176
0.528
3.184
4.896
3.564
0.576
0.996
0.376
6.016
0.744
1.352
0.08
0.812
0.436
3.296
0.532
1.104
1.156
1.976
0.74
0.464
0.78
0.728
0.244
0.348
1.528
6.876
0.144
8.78
0.864
10.116
2.92
0.324
0.1
9.816
1.144
0.992
1.884
0.772
0.612
2.044
6.684
0.436
6.944
3.728
5.488
0.632
0.592
0.424
4.292
0.912
0.6
6.932
0.636
0.528
2.584
7.68
1.46
8.556
0.72
2.02
1.38
1.88
5.112
5.684
7.196
6.008
0.064
1.632
3.564
0.896
1.184
2.28
0.396
7.788
0.736
0.724
4.592
0.412
0.208
0.336
0.228
5.04
2.24
7.752
0.108
9.752
3.536
7.944
0.244
0.072
1.684
2.14
5.04
0.088
0.212
0.208
1.008
10.752
1.36
0.58
9.044
3.548
3.016
1.612
0.252
2.024
4.976
1.744
0.244
0.46
1.048
1.264
2.148
0.96
1.228
0.416
1.332
0.68
10.012
2.768
2.308
0.62
2.136
0.464
1.32
2.196
2.5
0.232
2.416
4.044
3.02
1.388
0.212
6.5
0.08
9.604
1.532
2.076
0.568
1.168
1.992
3.304
0.448
8.172
0.884
0.724
1.16
3.16
0.64
2.52
1.236
0.124
0.948
5.248
0.14
0.12
8.86
1.976
0.304
6.896
0.076
4.216
3.196
0.828
1.128
0.084
5.46
1.128
2.392
3.596
3.284
2.232
0.8
4.256
2.892
1.108
1.0
0.484
9.592
0.876
0.316
3.892
1.332
0.356
2.212
4.864
1.016
0.212
3.696
3.752
5.14
1.672
0.936
0.816
0.34
0.932
4.736
5.212
5.32
1.26
3.128
0.556
5.7
2.592
1.216
0.572
7.328
0.864
0.68
4.688
8.756
1.132
9.316
0.328
0.428
2.94
1.096
3.276
5.524
0.056
1.636
5.952
3.104
0.504
2.62
0.248
0.344
0.664
1.444
4.216
0.712
1.336
2.816
1.448
4.76
9.468
2.052
4.356
9.648
0.508
2.788
4.5
1.812
2.784
4.024
2.048
4.988
3.888
0.432
0.348
0.212
1.776
2.172
9.272
5.18
0.392
0.428
0.356
0.068
7.22
0.216
1.06
1.352
0.992
2.58
0.864
7.756
0.496
0.972
2.376
0.316
0.208
0.236
3.016
0.724
6.652
0.2
5.616
1.3
0.668
0.552
1.436
2.492
0.264
6.732
1.796
2.052
0.448
1.408
2.62
0.94
1.336
2.756
0.2
0.588
0.532
2.856
0.76
1.488
3.688
0.408
3.148
3.084
5.884
4.456
1.916
4.524
2.788
0.944
1.556
0.84
0.296
0.38
0.968
1.5
3.62
4.348
7.42
3.736
1.988
1.188
3.628
0.072
0.132
0.816
3.852
2.184
1.184
0.104
1.784
1.528
4.776
0.768
1.696
0.36
0.648
0.836
9.384
0.584
0.572
0.28
2.864
1.232
3.256
1.344
1.416
1.024
0.776
5.232
4.612
5.064
3.772
7.66
0.808
1.956
2.188
3.012
1.036
2.472
5.32
1.316
1.368
0.192
3.036
0.616
3.112
10.972
0.388
0.548
3.476
2.276
0.472
1.536
2.936
6.252
1.72
1.36
5.592
5.56
2.432
0.852
0.072
7.824
1.496
0.064
4.008
0.412
0.076
1.692
0.82
5.292
8.52
1.512
6.132
0.416
1.924
0.628
1.992
7.492
0.428
4.904
0.248
0.392
4.14
2.404
1.6
2.66
2.28
1.616
0.396
1.004
4.536
1.72
1.224
0.748
1.456
1.02
1.588
6.384
1.36
0.436
1.856
1.34
1.152
0.76
7.604
3.788
4.448
2.636
6.596
0.94
2.664
3.08
6.58
7.544
2.164
0.944
0.424
1.328
2.248
1.656
2.004
8.556
3.596
3.976
1.664
0.984
1.064
3.488
6.032
1.368
0.452
0.544
1.064
0.296
8.556
5.008
1.408
2.648
2.0
6.464
5.028
0.26
6.168
7.696
0.364
0.716
5.508
1.944
1.24
2.864
0.324
0.296
0.42
0.224
1.112
2.412
0.996
0.952
2.012
9.532
4.032
1.996
0.276
3.768
0.192
2.376
0.156
1.86
2.376
0.204
0.22
1.816
1.976
1.512
1.664
0.372
1.304
2.572
1.18
7.828
3.276
2.46
1.464
0.568
1.44
1.196
4.712
6.632
0.068
2.812
6.588
3.712
1.596
0.3
1.996
1.196
0.8
2.724
0.148
6.596
2.36
1.932
1.34
0.264
1.072
0.12
0.832
0.24
0.252
0.192
4.956
0.476
2.092
0.532
2.52
0.472
0.444
0.128
0.58
2.604
0.672
2.728
4.172
0.312
0.412
2.784
6.716
3.852
1.5
3.204
0.424
2.576
2.096
0.068
0.328
0.596
3.952
1.076
0.208
0.384
2.46
0.06
1.592
1.0
3.024
0.632
1.872
2.604
1.856
4.196
0.252
1.196
0.784
0.976
1.68
0.88
2.408
4.144
3.0
4.804
0.132
2.524
1.064
2.264
2.836
2.32
2.08
0.652
5.372
3.352
0.068
1.4
0.644
1.22
8.372
1.476
1.004
1.152
1.1
1.66
1.908
0.36
2.856
0.228
3.664
1.42
6.088
0.196
6.488
9.992
0.348
1.764
3.932
5.056
0.912
1.152
1.424
0.836
0.692
4.676
7.904
0.656
2.244
5.324
1.864
5.484
0.664
1.672
3.916
3.3
0.588
6.908
1.58
0.308
0.748
2.924
4.228
2.0
0.32
5.676
0.784
0.32
0.384
9.748
3.768
2.82
0.056
6.664
0.256
2.116
3.432
5.272
0.928
0.244
1.324
2.136
9.444
9.068
2.984
2.396
2.628
3.148
0.228
4.492
1.372
1.596
2.44
0.58
2.772
2.452
2.9
5.244
2.228
0.368
0.492
4.868
2.124
2.612
2.16
0.26
1.068
1.248
1.248
4.104
0.54
0.596
1.572
0.48
0.636
2.128
2.696
1.732
0.616
8.152
1.508
0.304
3.78
2.168
0.408
0.48
0.3
3.248
0.108
0.204
1.196
1.58
3.356
0.724
0.688
5.32
0.1
0.268
6.532
1.048
1.468
0.676
0.776
1.344
0.204
0.536
0.868
0.136
0.492
1.62
0.048
3.688
2.056
0.432
0.348
1.256
6.308
7.308
0.148
1.456
0.22
0.832
1.14
10.864
0.78
6.148
7.064
4.44
6.452
0.528
0.3
1.288
0.5
0.056
1.78
2.172
1.716
1.264
0.576
3.496
0.108
0.528
1.644
0.276
2.08
0.204
5.304
3.424
0.676
0.508
2.168
0.384
3.796
0.96
2.748
0.616
0.308
4.488
0.1
1.296
0.792
2.124
0.668
0.252
0.244
0.552
1.524
2.268
1.48
5.272
0.672
0.788
9.068
0.784
0.712
0.868
5.612
1.256
2.584
1.42
4.08
1.82
1.284
0.12
3.548
0.696
5.248
4.62
1.2
0.356
0.216
1.748
5.196
5.572
0.528
2.376
2.008
1.54
0.832
4.576
0.084
4.62
3.144
0.416
1.7
0.344
4.396
0.2
0.748
4.204
8.58
0.492
4.244
0.256
0.26
0.208
7.692
0.528
6.036
2.248
1.096
1.336
0.984
3.42
4.628
0.448
4.064
0.316
7.024
2.38
1.2
1.208
3.7
8.016
5.06
8.124
1.188
2.016
0.624
0.392
1.372
5.416
8.644
0.124
3.78
1.2
1.032
0.96
0.5
1.144
1.336
0.74
1.552
1.172
1.556
0.66
8.792
1.024
4.108
1.308
2.8
2.024
1.044
4.976
3.992
4.016
3.796
2.748
0.576
1.904
0.512
0.12
1.992
0.428
2.72
1.008
0.472
0.516
0.856
0.392
1.244
0.348
0.176
0.216
1.612
1.316
3.704
9.772
2.192
5.9
0.288
1.412
1.296
9.736
1.876
0.596
1.36
0.136
1.792
0.532
0.712
1.328
2.748
5.804
4.04
7.564
1.112
1.084
0.312
0.576
1.54
1.432
2.732
1.296
1.312
5.984
1.876
0.308
2.06
2.176
4.236
4.952
0.192
2.66
10.672
4.304
1.456
0.428
2.284
3.364
1.816
0.156
5.756
1.856
10.22
2.748
5.132
0.56
0.124
0.172
0.712
0.12
1.48
0.068
1.304
0.432
0.46
1.092
1.012
0.084
4.564
0.472
0.332
3.796
1.86
9.148
1.64
3.904
4.152
0.352
1.784
9.748
9.092
3.7
2.376
3.512
1.324
3.044
0.46
2.352
1.688
8.032
0.3
6.86
0.948
7.3
4.004
0.936
0.82
1.344
2.468
1.764
1.608
1.812
1.588
1.104
1.528
8.36
0.96
0.524
0.7
1.204
0.848
4.612
0.804
1.4
3.12
5.112
1.56
1.108
1.032
3.632
6.832
7.128
0.208
0.436
2.816
0.428
0.532
0.228
0.996
2.208
1.208
1.848
1.144
0.32
0.316
2.012
0.084
0.208
0.812
6.888
6.116
0.084
5.748
1.136
1.568
1.748
10.948
0.888
0.276
0.408
2.172
5.236
2.06
1.652
2.236
0.356
2.168
2.164
0.708
0.508
0.696
1.94
0.336
0.132
0.584
0.768
0.808
1.024
0.496
3.86
5.828
4.076
1.96
3.292
0.048
4.552
0.684
0.808
5.652
1.072
0.432
0.128
1.632
1.66
2.044
0.532
0.496
0.856
1.072
2.496
2.472
0.096
0.656
5.8
5.568
4.628
3.44
1.248
7.784
3.536
0.144
6.688
0.56
6.972
0.472
0.196
2.76
1.376
0.544
2.24
1.124
3.584
1.052
1.284
1.192
2.596
1.588
4.108
6.144
0.66
0.92
0.676
1.612
3.716
2.112
0.152
0.544
1.512
2.516
0.4
5.944
0.9
3.6
0.196
0.452
0.724
0.444
1.012
8.992
3.352
0.384
0.336
3.468
0.348
0.128
3.588
1.828
0.064
1.936
2.664
1.82
0.952
1.768
0.52
0.644
0.24
1.5
1.444
3.784
1.156
0.044
0.452
5.648
3.808
1.188
8.02
0.424
0.144
4.692
4.784
1.54
6.408
0.148
5.78
2.872
4.168
8.468
10.764
4.984
3.416
1.716
0.088
1.112
1.62
3.904
0.508
0.36
5.16
0.304
1.732
0.96
1.224
4.164
6.132
2.404
0.748
5.036
2.664
2.016
4.112
0.324
0.572
7.704
6.296
10.82
1.956
0.556
1.004
3.576
0.148
0.98
8.896
5.592
1.516
1.752
2.696
7.136
7.124
2.86
0.204
0.592
4.52
1.992
5.828
4.352
1.404
0.94
5.512
7.22
1.64
0.876
1.048
0.528
0.376
1.852
1.824
0.484
1.496
1.1
3.62
0.428
1.964
3.184
0.42
1.808
2.024
6.12
0.18
4.928
0.464
1.308
5.04
1.06
5.204
0.2
9.448
5.6
0.784
0.196
9.376
1.24
0.868
8.58
0.372
2.232
0.216
2.576
3.2
0.388
8.216
4.396
0.636
5.568
0.08
2.952
0.988
1.16
4.116
8.068
1.044
4.108
1.76
0.704
9.876
1.756
2.068
0.684
0.264
1.312
0.372
8.072
1.076
1.016
4.372
0.852
2.744
2.172
0.96
0.204
4.004
8.864
1.008
0.2
0.296
0.448
10.396
2.68
0.992
2.688
1.276
9.464
1.08
0.856
0.196
2.572
2.912
0.904
1.472
0.5
1.096
3.756
2.2
3.596
1.256
0.9
0.62
0.176
0.536
0.416
0.196
1.088
3.748
7.512
1.104
0.62
1.76
0.604
0.676
1.368
0.072
2.844
5.928
1.008
0.308
0.244
3.144
3.808
0.164
0.064
1.136
0.328
2.884
1.412
2.088
4.944
3.576
0.592
1.128
0.296
10.596
3.164
2.916
0.788
4.428
0.276
0.66
1.42
3.064
5.888
3.904
0.644
1.52
3.844
0.832
0.128
1.636
1.64
2.032
1.66
1.44
0.616
2.036
0.528
0.844
0.668
0.232
1.64
1.88
3.196
0.352
0.712
1.392
0.312
0.196
0.82
0.284
3.12
0.2
5.468
1.296
1.492
3.424
2.756
1.368
4.72
0.5
4.712
0.232
0.792
0.588
3.352
1.776
2.168
0.92
2.58
0.204
3.816
5.18
1.228
1.628
3.72
2.692
0.748
1.88
4.916
0.764
8.4
0.348
0.572
0.884
0.296
0.204
0.32
1.032
4.06
1.776
2.896
4.82
2.048
0.516
0.2
2.388
9.364
1.324
0.828
0.828
4.84
0.356
8.768
1.928
1.552
2.088
9.32
6.012
0.084
3.216
0.74
1.552
8.304
2.004
6.692
3.408
1.284
0.368
3.18
3.996
1.68
1.888
0.092
1.388
1.46
4.528
4.8
5.636
1.312
1.456
0.248
2.396
8.36
2.468
1.476
2.44
2.088
0.152
0.196
0.24
0.636
0.532
8.852
5.624
2.416
8.592
1.596
0.68
2.788
0.124
6.484
6.092
0.98
0.18
1.108
0.632
5.208
9.556
0.14
1.956
1.528
5.468
1.484
1.264
3.644
0.744
2.06
0.62
0.604
0.84
1.788
0.536
0.124
0.588
3.628
0.684
1.968
0.896
3.864
4.608
0.732
2.512
5.424
0.804
3.588
3.024
0.048
0.164
1.264
0.3
0.256
2.936
1.168
2.196
5.552
0.328
7.968
3.452
4.54
3.204
0.44
2.228
1.648
2.508
3.076
0.108
0.848
0.664
0.072
0.06
4.564
1.308
0.128
2.38
0.588
1.08
1.208
2.036
3.104
0.208
1.092
0.504
4.924
2.06
2.264
1.432
2.252
1.968
2.552
0.052
0.144
2.836
2.724
0.856
0.936
1.86
0.272
5.184
3.148
0.208
1.724
2.032
6.936
1.716
2.88
1.492
0.376
1.728
2.752
0.988
1.868
0.6
6.24
0.904
0.316
5.892
2.748
2.148
0.232
1.592
1.532
0.064
0.132
6.276
2.204
0.404
0.064
4.256
10.056
0.964
0.468
3.496
0.796
0.572
3.42
7.392
1.676
3.304
0.988
2.016
4.256
0.832
0.224
1.436
8.984
0.868
3.184
0.784
0.712
7.088
0.604
4.196
6.72
1.78
1.468
0.928
0.144
1.412
2.04
1.116
0.5
0.788
3.68
1.368
6.284
1.244
0.08
0.432
0.652
1.768
0.82
0.944
4.428
3.38
2.672
3.72
2.132
2.068
0.816
0.524
3.068
0.2
2.588
1.092
0.256
0.772
0.684
6.736
0.472
6.248
1.952
4.284
1.856
1.296
0.744
2.34
1.112
1.612
0.752
2.996
2.488
3.472
5.864
0.44
3.16
3.46
2.296
2.536
5.3
7.248
5.148
3.152
0.152
1.544
0.072
0.32
0.092
3.136
1.012
2.064
4.296
4.52
6.052
2.888
9.768
1.004
10.732
9.508
1.188
0.224
2.532
0.436
0.192
1.204
8.376
0.624
1.412
3.096
1.472
10.376
9.624
3.672
3.748
7.668
0.548
1.724
2.752
6.94
9.42
0.56
2.996
3.792
4.464
3.912
0.988
1.688
4.184
3.448
9.192
2.68
3.684
4.568
3.508
2.192
7.736
2.98
7.196
4.112
2.528
3.032
0.492
1.16
5.036
0.06
0.612
2.756
0.932
2.62
0.932
3.124
2.832
0.296
0.384
0.564
0.712
5.352
0.16
3.66
3.212
1.228
5.068
3.476
3.004
8.036
0.796
6.536
0.388
0.376
1.388
1.084
10.244
0.996
10.036
0.236
2.072
0.4
0.472
0.06
0.456
0.504
7.812
3.496
0.596
0.584
1.884
0.944
3.776
2.764
1.06
10.308
7.664
2.432
0.636
6.72
9.396
1.82
0.988
7.268
1.94
0.588
3.248
5.408
2.724
4.528
3.708
2.056
1.812
4.276
0.208
0.36
3.064
7.424
1.752
1.164
1.304
1.024
0.932
2.5
5.492
4.692
0.4
0.088
0.2
4.16
1.808
0.74
0.316
2.904
0.308
0.716
5.164
1.712
5.42
1.436
3.312
0.604
4.58
5.792
1.732
2.056
0.64
0.076
0.212
0.052
0.532
2.36
3.048
0.64
3.52
0.376
2.444
0.428
3.748
0.728
8.424
3.396
1.928
2.924
4.132
4.772
1.764
2.18
2.072
0.312
3.236
8.14
7.068
7.752
0.068
10.32
1.484
1.248
0.612
0.836
1.428
0.536
1.104
2.012
2.224
0.216
0.296
2.64
5.252
0.848
0.548
2.04
1.672
2.44
0.82
1.952
0.336
0.28
0.448
1.536
0.592
1.112
0.8
4.384
2.452
1.924
1.204
0.34
3.34
1.856
1.352
6.484
0.616
1.28
0.82
1.476
0.98
3.308
1.092
1.056
0.604
0.32
3.996
4.072
0.52
1.144
1.524
2.072
1.224
2.0
0.948
0.096
1.584
0.408
0.644
0.412
2.632
1.36
1.196
4.48
1.452
1.496
1.872
2.204
2.572
1.436
2.872
7.592
0.852
0.88
1.02
4.436
5.004
0.192
1.74
10.464
1.424
0.772
0.144
3.272
0.836
3.564
0.28
0.876
0.84
10.052
3.124
1.776
0.6
7.692
3.332
0.652
0.412
0.06
1.464
3.396
0.544
0.608
0.208
7.056
0.084
2.008
0.92
1.208
8.88
10.856
0.448
0.944
1.624
3.448
11.0
2.068
3.804
2.712
1.672
1.216
0.308
0.116
2.408
1.82
3.316
1.784
0.168
3.74
1.38
4.728
0.132
0.284
2.636
0.12
0.428
1.432
2.6
0.384
3.032
5.452
1.928
0.54
7.096
3.56
0.74
2.076
10.096
1.708
0.164
2.472
1.276
0.768
6.248
0.752
9.176
0.172
2.264
0.548
1.848
0.544
1.644
1.62
1.42
1.304
0.232
10.452
1.512
1.204
3.508
0.976
0.348
1.896
0.576
1.308
7.796
1.192
1.912
5.164
4.692
0.452
0.964
4.012
0.38
0.48
1.8
1.572
0.836
0.212
0.388
1.64
1.412
0.516
1.392
0.1
1.912
0.5
4.932
1.832
0.924
0.812
0.828
8.568
4.688
7.572
0.236
0.484
0.156
2.06
0.556
3.196
1.488
1.244
0.868
2.48
7.712
0.108
0.58
0.996
2.472
3.712
0.208
0.912
2.152
0.632
7.064
8.996
1.76
2.4
3.54
0.544
0.856
2.844
0.172
2.972
1.088
0.7
2.036
0.476
1.024
0.588
0.144
0.448
0.132
3.764
0.888
3.616
5.712
0.668
4.108
4.04
9.084
3.668
0.716
0.208
5.272
2.068
1.808
7.836
0.464
0.064
1.812
3.94
0.196
0.192
1.872
1.028
1.448
1.696
0.212
0.484
0.42
0.616
2.312
1.88
0.26
8.8
9.104
1.144
5.948
0.944
0.056
0.768
1.388
2.176
0.144
1.276
2.8
0.324
1.032
1.28
0.304
4.864
1.816
5.632
1.432
2.164
0.068
0.952
1.18
1.228
4.836
8.432
1.292
3.624
8.348
3.74
1.54
1.248
1.384
1.34
2.636
1.596
10.704
1.52
0.416
1.296
1.416
0.072
0.492
1.104
0.428
10.152
0.544
6.756
0.096
1.46
4.108
0.296
0.556
1.324
6.648
1.824
0.12
1.992
3.536
2.852
1.716
5.74
5.008
4.76
4.552
9.776
0.964
0.82
10.76
1.852
9.812
0.2
1.372
0.16
0.188
0.176
1.724
1.608
3.056
2.776
1.784
1.752
0.124
1.336
0.672
5.728
6.752
0.072
0.368
1.224
1.684
0.216
2.236
0.744
8.516
2.08
0.348
1.556
8.288
1.3
3.964
2.672
1.46
0.624
1.196
10.516
3.236
0.524
8.928
0.164
0.496
2.044
0.428
1.328
1.716
10.572
5.752
0.332
0.176
0.328
1.316
0.144
3.156
2.4
3.068
3.796
7.58
0.172
6.224
0.648
0.672
3.128
1.636
0.484
2.06
2.648
4.084
1.568
1.332
0.736
3.744
3.504
2.128
1.0
1.76
2.68
1.132
5.596
0.788
1.064
0.436
7.092
5.68
1.112
0.536
4.436
0.048
0.776
0.188
0.328
0.712
0.304
4.352
0.976
1.64
0.572
3.712
3.384
2.332
1.728
0.724
0.96
7.38
3.608
0.228
2.392
1.42
2.16
10.092
5.624
2.06
1.488
7.156
1.452
1.524
0.908
1.112
8.944
0.2
2.736
2.212
2.876
4.056
0.556
2.892
7.276
0.652
1.876
0.16
1.504
0.736
2.824
2.176
1.06
0.584
8.256
0.62
0.396
0.112
6.744
2.8
0.488
3.704
0.808
0.232
3.232
1.204
2.844
0.808
2.348
3.804
4.224
8.136
0.468
0.664
1.808
1.292
5.844
4.356
9.704
2.416
4.26
2.464
0.192
10.316
0.48
0.836
1.52
8.112
0.208
9.956
2.072
3.028
2.732
1.036
2.508
0.636
1.848
2.204
0.3
1.128
3.028
2.696
1.252
3.312
1.124
0.704
6.16
2.732
1.576
3.58
1.42
6.112
0.54
1.584
3.108
4.028
4.232
2.356
9.136
3.48
0.296
10.688
0.516
1.36
1.552
0.888
1.9
0.076
0.48
2.992
0.5
0.192
3.048
0.42
3.78
0.2
3.54
2.1
0.572
0.696
2.184
6.396
0.452
3.18
2.868
1.196
5.84
0.156
1.332
4.632
4.04
2.4
0.448
2.324
2.432
1.8
0.88
0.624
3.012
2.352
4.724
0.176
1.36
3.448
4.5
4.86
0.636
4.384
0.448
2.188
0.104
3.104
2.592
2.832
0.56
3.596
1.448
0.724
0.528
0.344
8.216
0.272
0.584
1.824
0.404
0.7
9.0
6.912
4.952
0.468
1.244
0.184
0.9
2.652
0.728
3.612
0.288
2.028
0.788
0.44
0.076
2.796
3.136
3.868
0.2
0.348
1.128
2.52
2.676
0.636
2.488
1.492
0.712
8.748
0.644
8.32
3.488
1.556
1.496
4.184
3.144
0.244
1.636
0.728
1.24
1.144
4.72
1.308
5.272
0.756
1.404
0.656
2.124
5.352
0.716
3.196
1.08
6.308
5.784
4.596
1.28
0.724
2.072
4.792
1.592
0.632
5.12
4.98
0.2
1.836
5.712
8.724
0.212
2.416
0.248
0.416
0.096
1.284
2.848
10.176
1.48
7.44
10.836
0.36
7.856
3.636
1.536
2.456
2.736
4.92
1.108
1.212
2.904
6.004
5.06
0.644
2.312
1.276
1.42
0.072
4.496
8.996
2.352
5.912
0.368
5.512
5.932
1.84
4.1
0.284
5.192
0.46
0.472
1.096
10.56
6.816
2.408
9.428
0.528
0.528
9.128
0.884
1.656
0.208
0.548
0.264
0.688
4.608
4.272
0.724
1.5
1.86
0.096
0.576
9.192
2.312
5.348
3.12
1.364
0.28
1.928
0.404
2.056
4.208
0.972
4.144
8.228
6.104
0.92
3.428
1.496
1.732
4.756
3.364
7.34
3.2
2.22
4.092
0.156
2.884
1.38
0.78
1.0
4.116
0.18
1.316
6.776
2.912
0.368
9.252
1.628
3.212
1.724
0.612
2.356
4.02
0.912
3.608
0.404
4.636
0.632
0.744
0.624
6.512
6.384
2.464
3.032
0.368
5.256
0.312
4.14
0.864
5.316
3.92
1.888
5.032
1.284
0.16
2.068
0.116
1.284
5.968
5.568
0.416
3.432
7.16
5.684
3.92
9.06
2.268
6.088
0.532
4.204
0.2
0.224
0.716
1.748
6.124
5.036
1.036
0.716
2.46
0.768
1.988
0.076
4.408
0.284
0.528
1.984
0.896
3.616
2.62
1.576
2.104
1.004
2.456
0.284
2.136
1.116
0.216
2.748
5.14
5.228
1.884
0.888
0.356
3.856
0.744
0.628
2.904
0.86
0.44
0.504
3.62
3.42
5.504
8.224
0.116
5.612
1.28
4.728
0.852
1.852
0.436
0.604
0.124
0.304
3.192
3.992
0.656
0.1
2.948
1.14
0.252
3.436
2.848
9.772
1.004
0.116
1.296
4.844
0.192
2.628
1.1
4.356
3.22
0.32
1.412
2.604
4.064
4.924
1.292
1.252
10.556
4.372
2.936
0.404
2.356
4.82
0.332
2.876
2.34
0.492
1.736
0.612
10.404
1.048
7.94
0.68
2.972
5.616
0.584
1.572
4.264
0.404
2.548
8.24
4.128
0.76
0.192
3.02
9.52
4.536
9.62
9.96
1.116
1.668
0.3
1.512
3.208
2.52
7.08
1.048
5.372
0.3
1.176
3.368
2.812
1.944
0.8
0.168
1.176
0.596
1.744
0.34
4.776
2.0
0.448
1.196
2.936
0.16
1.288
1.1
1.784
4.876
5.852
6.108
0.94
2.948
0.052
4.212
9.04
2.944
1.372
0.648
3.0
4.248
0.636
1.876
5.32
0.124
2.032
4.26
5.236
3.368
3.54
2.22
1.876
4.108
9.868
4.824
0.384
0.156
3.404
0.196
0.516
0.744
1.22
1.164
1.056
0.848
1.428
1.576
0.312
1.348
1.516
3.3
1.22
0.204
10.18
4.812
3.256
0.536
8.156
5.508
0.172
0.836
1.212
2.204
0.928
3.316
2.504
0.568
3.2
3.844
2.872
1.088
4.836
1.564
2.096
2.808
2.764
1.716
4.496
5.612
1.448
0.12
0.656
1.524
0.488
0.088
3.356
0.78
4.904
0.14
1.548
0.788
1.56
0.46
1.284
5.7
5.504
0.988
0.308
1.22
1.036
6.288
6.8
1.256
0.672
0.86
6.764
0.78
0.332
0.34
0.5
2.572
1.284
4.188
9.46
10.048
1.768
0.336
3.06
0.988
0.78
1.668
1.904
0.06
1.524
0.688
6.3
5.104
0.512
0.296
0.464
0.42
0.836
0.412
3.772
5.016
9.716
2.02
3.132
4.46
1.68
0.412
0.652
0.156
3.244
1.0
0.78
4.176
0.916
1.136
1.632
1.136
1.912
6.82
1.708
3.524
1.48
0.936
9.604
5.764
1.068
1.344
2.148
0.176
1.64
2.04
0.188
6.756
1.248
0.644
0.992
2.128
2.06
3.384
2.728
0.056
0.476
0.216
2.248
7.628
2.752
0.496
0.06
1.836
6.532
1.036
0.092
1.548
0.188
0.596
4.412
1.66
0.144
6.996
1.108
0.628
1.016
2.096
1.628
2.784
1.936
3.164
0.924
4.292
3.408
0.58
1.004
0.144
7.604
1.792
3.264
1.092
0.228
0.92
0.32
0.548
0.488
3.24
0.272
0.6
0.952
0.552
0.056
2.288
3.396
2.272
2.076
0.484
0.2
0.216
0.608
0.796
0.1
2.176
0.196
0.644
8.1
5.448
0.224
3.952
0.212
2.856
0.056
0.796
3.612
6.664
0.252
1.96
0.532
0.648
7.492
0.044
0.772
5.164
1.072
0.692
2.412
5.18
2.356
3.6
2.052
0.06
1.8
0.06
6.376
0.652
2.312
0.64
10.112
2.264
3.668
6.74
4.184
5.676
2.692
0.444
4.028
2.104
0.148
8.432
2.708
1.976
4.624
6.496
0.868
2.752
0.06
1.804
1.684
0.9
0.396
0.288
5.288
3.92
0.368
0.96
3.076
2.512
7.76
2.564
0.692
5.404
0.24
1.424
1.956
3.02
0.196
2.112
10.92
1.068
2.124
2.28
0.048
0.216
0.348
2.792
10.196
1.848
1.26
8.436
1.196
5.932
5.548
1.16
2.02
0.956
9.896
2.5
0.276
4.696
3.912
0.124
1.484
0.672
0.052
3.952
7.764
1.44
0.28
1.96
1.82
1.088
0.644
2.716
2.44
4.184
1.708
2.076
2.14
1.78
2.72
1.492
1.216
1.416
0.716
1.7
0.132
4.948
3.412
3.552
0.868
1.532
3.404
0.3
0.544
0.304
1.52
0.428
0.496
0.224
1.788
0.116
0.78
2.772
1.132
0.348
4.832
1.332
2.644
5.34
1.024
0.26
2.576
4.768
1.412
3.48
6.344
2.14
3.468
0.948
0.448
7.868
2.152
4.564
0.472
10.656
4.7
10.712
0.424
0.408
1.004
3.24
2.468
0.712
4.84
0.284
2.096
8.192
2.096
5.032
0.512
1.444
0.452
9.732
2.492
1.88
2.948
1.748
1.792
3.732
0.292
0.776
1.832
0.96
1.276
1.24
0.26
3.58
0.732
0.1
1.26
0.888
0.968
4.716
0.572
3.124
0.412
1.66
5.464
1.384
0.232
8.532
2.764
2.82
0.228
4.208
3.048
1.26
0.632
0.956
0.804
1.328
1.032
1.216
3.276
9.672
4.196
1.012
0.224
0.8
2.964
1.9
6.024
0.94
4.848
0.668
6.232
0.664
1.404
2.12
1.14
0.152
4.76
0.876
3.7
0.56
2.52
9.016
4.076
0.148
0.612
0.12
2.572
6.72
0.128
0.048
1.184
1.948
0.76
10.604
4.46
0.108
3.12
1.184
0.908
4.736
0.5
3.308
0.28
0.66
0.284
0.128
4.944
0.248
1.952
0.26
5.404
6.072
0.716
2.056
0.268
1.596
0.192
0.232
2.732
3.948
6.388
0.204
0.364
0.16
0.248
1.116
0.784
2.14
10.764
1.164
2.272
0.568
5.684
1.712
3.096
0.78
1.444
2.964
0.46
7.124
0.056
0.988
1.216
0.54
2.156
1.34
0.692
6.228
1.052
4.908
8.06
3.2
1.268
1.688
0.592
5.564
0.356
4.384
6.42
0.82
0.872
0.54
3.84
0.416
0.06
6.728
2.384
2.936
1.416
0.868
0.364
2.8
0.444
1.288
0.42
1.016
0.652
0.348
0.596
4.856
0.636
0.288
2.872
0.2
0.06
4.664
5.372
3.672
3.104
0.492
0.468
3.892
7.0
1.312
8.36
0.708
4.332
2.964
1.868
2.376
2.04
0.76
9.692
2.14
0.16
1.2
0.244
0.14
3.1
4.292
3.416
1.4
0.688
0.852
4.148
1.168
0.472
1.244
0.36
1.168
0.844
0.304
0.796
0.116
0.292
3.924
1.032
1.448
2.6
1.232
1.804
0.28
6.38
1.076
4.632
6.204
2.436
2.8
3.28
0.364
0.116
0.928
4.144
5.76
5.024
2.564
3.988
2.312
0.644
1.128
4.44
0.412
3.816
1.524
1.356
0.096
4.528
7.008
2.144
5.108
4.992
2.628
0.284
0.448
0.216
1.92
2.192
1.824
0.28
1.128
0.544
2.352
0.784
0.74
0.772
2.028
8.64
0.744
1.504
1.66
1.584
0.74
0.592
5.004
4.94
0.74
0.168
1.252
0.308
1.104
2.968
0.444
1.908
0.66
8.996
2.904
1.656
2.64
0.328
2.48
2.044
1.1
8.68
8.728
0.744
9.66
2.124
0.464
0.092
0.744
4.796
1.576
1.396
0.376
1.456
0.692
1.228
0.556
0.652
2.944
0.732
1.712
2.204
6.892
3.124
0.64
2.992
0.6
2.252
9.02
5.676
3.024
1.496
1.452
1.624
8.152
0.628
3.028
0.1
4.06
0.448
9.8
1.736
1.404
5.588
5.268
0.512
0.264
4.508
2.036
8.16
0.328
0.316
5.676
2.36
0.716
4.348
2.42
1.592
1.036
2.856
4.976
2.728
1.364
1.228
1.684
2.98
0.384
0.688
4.784
0.172
0.164
1.32
1.668
0.116
2.924
1.352
0.24
1.464
0.392
1.784
1.124
0.16
3.76
2.376
1.696
0.948
0.256
1.116
1.368
2.012
0.324
4.084
0.464
4.908
1.076
6.876
1.74
2.096
0.34
0.28
1.028
1.776
0.916
2.132
0.732
3.54
0.084
2.016
2.304
0.376
1.788
0.12
0.14
2.304
0.248
7.18
9.188
0.616
3.992
1.66
5.972
0.848
2.104
5.072
0.416
1.692
1.104
1.04
1.984
0.508
3.648
1.168
2.296
9.5
1.104
0.044
1.584
2.672
1.508
3.58
0.852
0.256
2.72
0.144
2.204
1.16
6.168
0.084
2.052
3.192
1.612
1.928
3.604
5.016
0.3
0.208
0.56
2.384
3.124
1.236
0.812
1.012
0.316
3.036
0.92
0.948
1.928
1.224
1.516
1.932
1.144
0.656
4.176
0.212
9.7
0.548
0.712
0.68
5.084
3.292
0.436
5.352
4.956
0.712
0.608
0.22
0.336
3.24
1.484
5.036
2.18
3.0
2.984
1.264
4.768
0.584
1.26
1.324
4.752
3.384
2.224
4.3
2.176
3.54
1.824
5.244
0.052
1.524
0.256
0.044
6.744
1.908
8.888
0.252
1.456
2.232
3.096
0.168
2.548
0.232
2.14
0.656
0.208
2.716
4.84
3.756
0.428
0.8
1.096
4.528
0.4
0.224
0.448
4.108
2.68
7.388
1.524
3.548
5.024
6.956
4.576
2.396
0.136
2.016
1.368
1.236
0.464
3.58
4.68
4.46
2.156
0.864
2.368
0.436
0.328
0.8
0.492
1.172
1.56
5.344
5.996
4.028
2.932
2.84
0.54
4.344
0.728
1.756
4.032
4.588
2.452
8.356
1.22
0.852
8.456
2.836
0.92
0.388
1.204
0.388
0.648
0.064
1.496
0.28
0.352
0.684
2.816
1.652
1.004
0.092
3.904
3.176
3.172
2.888
3.74
0.912
0.768
2.748
1.024
3.5
0.288
0.856
3.172
3.34
10.844
0.248
4.112
10.68
0.744
1.116
0.224
6.14
0.516
3.676
1.46
1.644
0.86
0.112
1.94
4.064
1.312
0.8
0.564
0.232
2.864
0.112
2.992
3.436
2.66
5.02
0.604
0.564
1.176
2.068
4.036
4.56
2.972
0.668
3.172
5.244
1.732
0.74
5.756
1.108
0.308
0.292
3.956
3.196
1.288
0.724
0.348
1.82
0.24
3.752
0.364
1.632
4.384
0.616
0.996
1.1
0.18
0.62
3.316
1.828
2.076
2.52
2.032
0.44
3.652
0.116
2.032
1.148
4.46
3.084
0.596
1.92
2.088
3.356
0.256
3.976
2.7
0.056
0.9
2.108
0.376
6.652
0.508
5.956
2.192
0.148
1.672
1.056
7.356
4.916
3.948
1.048
4.376
1.58
6.388
3.792
1.224
0.3
3.496
0.136
3.744
1.152
1.352
7.828
1.392
0.912
2.768
0.62
1.476
7.516
9.048
0.044
2.304
1.328
0.892
2.256
3.932
1.16
4.956
0.204
0.24
2.544
0.488
2.952
1.852
8.572
2.084
1.984
0.512
2.536
0.636
0.716
0.36
0.94
3.084
0.404
0.936
0.144
1.212
0.364
0.052
0.152
1.592
6.676
2.68
2.396
0.652
2.94
0.432
1.772
0.332
0.944
3.224
0.192
2.908
3.396
1.852
0.304
1.084
1.876
0.692
7.172
2.552
0.716
0.144
10.884
1.864
3.612
6.164
0.856
1.304
4.34
4.44
2.444
0.22
1.208
0.072
1.34
0.88
1.824
7.536
5.468
7.808
1.956
3.356
0.42
0.34
0.868
0.104
1.344
1.7
2.616
3.912
2.5
0.756
2.748
0.448
6.816
2.54
1.7
1.324
0.2
10.052
2.292
0.152
8.824
0.068
0.46
0.428
5.296
1.56
1.016
2.156
4.676
1.892
1.424
6.632
0.072
0.308
3.984
1.672
0.7
1.288
0.876
0.556
1.8
2.392
4.644
2.472
2.24
0.324
0.3
0.092
6.356
3.648
1.096
0.944
1.884
3.064
5.624
3.344
0.968
1.096
0.152
3.328
0.476
0.656
0.872
0.068
0.432
2.376
0.44
0.328
2.332
1.46
7.94
0.108
1.244
0.8
0.396
2.788
3.092
4.068
1.084
4.976
0.6
1.352
4.684
0.096
0.432
0.992
5.092
7.296
9.096
6.808
4.544
10.112
1.168
0.196
2.48
3.872
2.656
0.304
4.392
0.092
3.088
4.712
2.508
0.136
1.372
2.468
0.356
0.32
4.96
7.232
2.312
2.424
0.604
3.364
0.428
0.144
1.332
2.12
3.328
5.58
0.128
1.468
1.748
2.216
0.8
0.516
2.28
3.308
1.892
0.54
1.796
1.4
1.724
0.272
2.776
0.796
1.18
2.872
4.584
1.492
2.208
1.244
0.1
1.408
2.224
0.516
7.036
0.828
1.444
6.844
4.572
1.88
2.696
0.688
2.752
7.08
0.716
3.312
0.74
3.484
1.268
1.164
1.768
5.06
5.472
0.72
1.244
0.78
6.996
1.428
0.308
6.784
3.568
0.916
6.416
1.832
4.76
2.288
1.016
3.016
5.72
0.776
0.1
0.552
1.328
1.132
2.132
1.296
0.224
3.452
4.94
0.096
0.4
3.216
4.152
2.848
2.004
1.236
1.132
5.116
0.476
2.556
3.456
1.0
0.884
0.4
2.384
1.28
1.508
8.496
6.324
0.208
0.812
5.364
2.072
3.88
3.76
0.28
2.008
0.344
0.152
4.652
0.072
0.196
1.404
0.296
1.024
0.516
1.516
1.168
7.412
9.42
8.868
0.52
0.256
0.452
0.884
2.108
0.448
3.952
4.652
0.08
0.12
2.156
0.56
0.304
7.068
4.568
1.976
1.444
3.888
0.668
2.968
1.008
2.14
2.412
0.852
6.34
2.848
9.888
0.216
0.136
6.192
0.144
8.792
2.112
8.668
0.82
0.7
1.284
4.552
1.664
4.06
2.388
1.736
2.656
0.732
1.336
1.136
7.42
2.608
1.052
4.048
0.484
6.084
1.416
2.62
3.048
0.232
1.656
0.54
3.92
0.888
0.132
3.064
1.508
0.196
5.028
9.04
1.232
3.356
3.82
0.568
2.188
2.052
10.864
0.44
8.948
1.8
0.816
2.18
2.56
0.836
0.62
2.408
1.092
0.724
4.808
8.484
0.984
1.584
3.98
8.68
0.204
0.636
0.1
1.076
0.984
0.864
1.784
0.688
0.788
0.984
1.472
1.452
5.88
4.832
0.28
0.188
2.8
2.0
2.188
6.176
0.308
0.064
0.432
0.308
0.996
0.368
0.592
3.852
0.22
0.456
5.084
3.652
0.652
0.664
0.4
2.552
2.004
1.408
3.204
3.12
2.644
1.484
2.22
2.912
0.416
1.504
1.8
4.36
1.236
1.54
0.108
6.52
2.176
2.18
0.348
0.588
6.548
0.236
5.824
0.476
7.992
0.156
1.656
2.0
3.008
4.14
0.548
3.92
3.948
2.964
1.948
0.644
1.484
0.44
3.56
4.0
1.588
3.98
0.092
1.06
1.74
0.724
3.488
0.508
0.852
1.96
0.072
2.128
0.508
1.696
3.068
0.26
1.884
4.548
7.724
6.284
1.228
5.864
1.164
4.936
1.784
2.9
7.384
1.616
0.356
2.464
4.284
0.12
0.168
1.128
5.204
0.288
2.384
7.188
5.568
6.48
0.12
0.98
0.064
8.152
3.212
0.208
8.06
4.672
4.436
0.4
2.788
0.428
7.36
8.192
6.892
9.284
0.284
1.164
1.312
4.16
6.12
0.364
0.86
5.064
0.104
3.188
0.472
3.296
1.072
0.116
1.86
8.688
8.832
3.972
0.048
2.472
6.692
0.06
0.312
1.044
4.48
2.068
0.392
9.676
3.228
10.6
1.336
0.212
2.82
1.444
0.804
1.292
0.14
0.188
0.524
0.7
9.0
4.728
1.124
0.708
9.18
1.484
1.816
4.152
0.188
0.816
1.844
1.596
1.42
2.236
2.192
6.888
4.756
3.848
0.324
1.464
5.0
4.236
0.956
2.672
0.916
0.288
0.896
3.492
0.976
1.576
1.448
2.684
3.92
0.368
6.224
2.084
2.108
1.332
3.572
2.312
4.636
1.316
9.24
0.908
1.68
0.9
4.344
1.152
0.312
2.004
0.752
3.064
0.316
1.572
1.4
6.352
2.18
4.708
0.116
0.472
0.536
2.168
2.304
3.52
1.144
1.724
4.416
1.604
1.852
5.292
4.732
2.252
2.12
2.928
5.476
2.284
2.984
1.608
3.408
0.816
0.592
0.66
0.408
3.74
1.152
6.368
1.784
1.388
0.692
1.108
0.124
0.92
0.612
5.112
0.24
4.224
0.9
1.092
1.228
5.176
8.308
1.72
2.276
1.712
2.696
2.668
0.744
5.828
2.812
2.624
0.956
0.788
0.196
0.048
0.88
5.26
1.376
5.668
2.412
0.12
0.596
5.148
0.864
4.592
0.432
0.52
4.124
2.1
0.712
0.704
0.164
0.432
2.336
3.88
0.372
0.688
5.172
1.38
2.024
0.836
1.896
0.084
2.712
0.468
3.048
0.532
0.908
2.656
5.14
3.764
3.936
0.208
1.62
0.784
0.128
2.508
1.596
2.052
4.164
0.94
0.604
4.056
0.944
1.268
0.912
2.072
0.348
0.172
10.512
3.196
10.76
2.132
0.48
3.5
0.976
0.18
2.5
1.484
2.176
1.164
3.58
0.212
0.524
1.136
0.048
0.696
5.116
5.048
1.556
0.432
4.756
1.996
0.18
1.996
0.26
5.516
1.68
2.004
2.488
2.22
2.316
8.712
2.388
1.236
0.612
0.048
0.06
2.244
1.432
0.64
7.708
1.588
2.944
0.628
1.312
2.704
1.476
2.304
1.832
4.552
1.336
0.732
0.148
0.62
5.0
0.928
3.552
0.5
0.312
2.3
4.48
0.72
1.308
0.884
1.624
0.664
5.9
0.16
1.372
3.188
2.084
3.7
0.58
1.332
3.872
2.94
2.644
4.332
10.804
1.972
0.164
1.06
6.348
0.288
3.208
1.664
2.672
0.156
0.564
1.24
5.652
2.256
3.028
2.576
1.696
9.348
5.184
5.412
3.424
1.4
2.4
1.1
1.396
2.968
1.196
2.892
0.184
3.536
0.136
3.356
3.588
0.172
3.488
0.472
3.024
6.28
0.116
3.648
0.132
0.26
1.52
0.068
4.056
2.136
1.768
5.48
2.544
2.276
1.536
1.484
3.144
1.16
2.82
6.832
5.664
3.084
0.596
7.276
8.544
0.212
1.084
5.496
1.416
0.456
3.78
0.508
4.064
1.348
4.164
1.308
2.988
2.812
2.796
0.288
1.84
5.096
1.224
2.496
7.128
4.092
1.704
1.048
0.196
0.092
3.5
2.156
1.16
3.18
2.16
3.172
0.352
2.904
9.624
0.436
1.028
1.504
0.828
4.364
0.2
1.008
4.18
1.312
1.04
1.716
1.312
0.76
1.216
0.38
3.344
9.564
0.804
0.728
0.976
2.796
7.044
0.656
0.204
0.064
0.208
1.668
1.86
2.368
6.588
3.78
0.248
1.776
1.88
0.332
5.096
2.116
1.648
0.184
7.896
0.78
1.592
0.992
0.872
4.312
0.444
2.228
3.924
0.992
3.748
0.864
6.56
2.6
1.24
0.14
0.66
1.612
0.82
2.052
4.992
1.74
0.844
1.088
4.212
3.912
0.108
0.116
1.664
1.756
1.824
1.328
0.132
3.896
1.976
4.34
0.08
5.924
0.188
4.548
0.656
1.684
2.536
5.86
3.736
0.596
3.272
1.416
3.392
0.352
5.912
0.28
0.236
0.056
1.18
1.772
2.224
7.092
0.132
1.464
3.984
0.204
0.048
7.568
5.08
0.992
0.192
1.396
1.704
4.296
0.968
0.952
0.552
1.244
1.008
1.152
0.712
1.852
1.216
1.712
2.616
2.716
1.404
0.152
2.956
2.112
4.948
2.06
0.98
0.388
1.196
2.348
7.544
1.072
1.788
1.488
3.692
5.876
0.728
1.824
1.644
0.96
2.236
0.204
6.376
3.444
1.692
0.472
5.252
0.624
1.536
1.68
2.804
0.14
4.432
1.652
3.372
7.472
1.02
1.644
2.888
1.428
3.584
10.94
0.908
0.608
2.336
0.892
0.996
7.428
2.756
5.984
1.02
1.196
4.784
1.736
0.844
0.1
0.688
4.94
0.496
2.672
2.328
8.184
0.296
2.372
2.772
1.96
0.652
1.66
0.844
3.268
0.14
0.2
1.112
5.268
2.848
1.964
0.58
2.136
4.108
4.692
2.124
2.944
1.516
1.124
3.644
3.728
2.852
0.16
0.932
0.4
2.932
0.656
1.708
10.044
0.34
1.028
1.476
0.608
0.064
0.464
2.808
3.244
0.432
5.016
1.552
4.252
0.384
2.352
0.368
3.012
2.772
2.124
5.232
2.884
1.604
0.336
2.456
2.036
1.368
0.652
4.496
3.528
0.304
9.536
1.384
0.996
0.16
0.952
1.356
0.52
1.156
0.588
1.24
1.884
1.188
4.044
2.86
0.888
1.9
0.34
1.404
6.616
1.972
3.136
0.06
3.896
0.3
0.724
3.22
1.584
0.904
0.82
0.5
0.884
4.616
4.384
1.388
4.684
4.86
0.884
0.704
5.4
0.44
0.768
0.112
0.876
0.816
2.324
4.032
0.088
2.068
1.676
1.944
1.004
0.24
0.788
1.46
7.088
1.232
1.712
2.272
2.16
1.372
0.112
2.66
7.984
1.38
0.436
1.1
2.296
0.048
8.54
2.064
2.436
4.52
2.572
5.136
4.748
2.748
1.96
1.416
2.008
1.276
0.412
1.204
1.736
6.14
0.612
2.012
2.268
1.876
4.564
0.792
2.64
2.556
0.584
1.352
1.612
2.124
1.156
0.064
0.728
1.484
1.308
0.536
7.612
1.304
4.9
9.116
3.016
1.82
1.092
2.528
0.316
0.136
8.108
7.028
0.944
0.052
3.36
1.968
1.824
4.304
3.44
1.264
1.016
1.752
0.804
2.308
1.88
2.992
7.132
3.992
2.36
0.368
0.488
0.64
1.62
1.312
0.856
0.888
0.596
9.152
5.812
0.988
1.168
7.6
0.068
1.464
0.8
1.348
0.196
0.388
3.024
0.832
5.092
6.5
0.5
2.2
0.528
1.432
0.94
10.276
4.616
0.412
1.536
3.22
6.04
0.416
5.756
0.788
0.668
2.2
5.88
2.248
2.756
0.312
2.46
2.316
1.852
3.06
4.7
0.176
10.872
1.204
1.1
0.8
0.58
1.276
0.152
2.664
1.776
0.796
1.904
0.884
0.532
2.116
10.932
2.352
0.404
1.044
0.188
0.836
0.8
2.66
2.324
0.96
4.492
0.76
0.528
3.284
0.804
4.788
1.18
3.12
0.632
0.316
2.472
4.104
4.328
2.636
5.352
0.08
1.236
1.84
0.188
4.844
1.304
0.428
0.592
4.188
0.312
10.44
3.404
1.636
1.156
2.164
6.54
0.596
3.456
4.564
2.092
5.124
0.304
1.312
2.36
0.364
0.424
7.016
5.676
3.78
0.348
2.496
0.536
0.308
1.548
4.128
3.756
3.024
0.816
1.912
4.588
0.772
0.184
6.816
5.692
4.272
0.44
0.368
10.164
0.732
2.372
2.516
1.816
5.312
0.296
0.72
2.292
0.228
1.852
0.388
8.852
3.436
1.492
0.14
2.02
3.212
0.628
0.044
0.28
3.292
0.96
9.088
1.5
0.632
0.148
0.596
0.512
1.872
3.044
1.132
4.08
0.524
0.272
2.152
0.92
1.448
1.108
3.08
4.96
4.128
5.42
1.548
3.568
6.94
0.388
3.244
2.384
1.312
9.0
0.348
0.196
6.596
0.756
0.932
1.276
1.452
0.132
0.708
4.524
1.512
2.132
0.544
2.384
2.62
0.488
5.576
8.84
0.048
1.404
1.4
0.54
2.944
0.596
1.092
0.992
2.488
2.12
1.696
0.452
0.48
3.02
0.776
0.676
4.904
0.288
1.4
2.94
1.624
8.192
2.34
2.128
0.372
0.416
1.964
1.664
0.616
0.228
3.104
4.22
2.116
0.124
2.704
1.38
1.416
0.596
1.756
5.112
0.74
1.82
0.9
0.536
3.98
3.928
0.74
5.452
5.268
1.656
5.284
0.38
1.232
1.696
1.908
0.488
0.828
2.92
0.052
5.192
4.488
1.676
1.392
2.528
2.888
1.884
3.156
0.764
4.492
0.568
1.588
0.208
3.028
1.288
2.888
3.372
2.132
8.512
3.036
1.004
8.488
1.356
2.836
2.7
1.112
1.124
2.348
2.064
10.42
1.172
6.744
0.652
3.5
1.392
1.676
3.672
2.668
1.964
1.58
5.964
3.172
3.256
0.276
0.244
3.424
9.788
5.3
1.056
1.532
2.716
2.36
7.684
1.56
0.636
0.172
5.764
1.272
2.06
3.06
0.956
0.244
1.472
4.192
0.48
1.488
0.052
0.248
2.92
1.144
2.888
1.776
1.684
0.548
0.584
5.232
0.3
1.84
0.052
2.596
2.872
1.612
1.336
0.064
0.48
1.872
4.944
0.508
6.056
2.112
0.872
8.932
2.628
4.648
0.132
1.304
3.304
0.932
0.188
2.408
5.696
0.452
2.72
1.36
4.236
1.252
1.992
0.728
0.828
1.94
0.236
8.908
4.072
10.396
3.108
1.38
5.248
0.132
1.224
0.3
6.528
1.456
1.576
0.456
0.316
0.38
7.444
4.048
1.392
0.424
2.436
0.264
3.312
0.92
1.524
1.428
1.004
7.468
2.632
2.988
6.484
1.576
0.08
5.512
0.136
0.172
2.844
0.528
0.896
0.484
2.444
2.472
0.396
3.724
1.4
0.296
0.244
1.912
1.428
0.468
1.46
1.552
0.164
4.488
0.98
2.036
0.312
8.068
1.828
1.712
7.656
2.348
0.788
1.476
8.028
0.512
0.624
2.32
0.124
1.188
4.864
0.96
1.264
1.012
1.436
0.456
2.376
0.816
1.792
8.104
2.496
2.156
1.064
0.188
0.532
4.416
1.26
1.028
1.348
0.184
1.376
1.272
4.02
3.16
1.84
8.352
0.56
2.512
2.688
10.612
0.924
1.792
2.612
0.348
1.92
3.392
0.192
5.564
0.12
1.008
0.604
3.116
2.652
10.42
0.3
0.328
1.216
2.616
4.516
2.812
0.436
0.472
0.904
0.244
4.108
0.996
3.68
0.548
5.008
0.836
0.268
1.312
1.016
0.068
0.92
1.04
6.42
0.668
4.368
7.892
0.76
0.72
0.8
4.48
0.116
1.22
2.572
1.784
2.756
3.132
1.22
1.304
0.324
1.816
1.54
2.9
0.44
0.368
0.1
2.756
3.808
0.596
4.596
9.14
6.344
1.464
2.872
1.112
0.112
6.632
0.6
7.0
1.224
1.204
1.272
4.184
0.856
1.744
1.34
3.1
0.112
1.448
8.876
4.776
0.128
0.572
1.304
1.076
1.7
2.152
3.712
2.996
6.344
0.112
0.188
0.156
0.412
1.504
0.352
0.976
7.52
10.76
0.244
0.288
1.328
2.868
0.436
1.792
1.164
0.804
4.48
8.432
0.444
1.684
0.5
2.896
4.644
0.928
1.696
2.172
6.548
0.052
5.216
2.592
4.164
0.9
2.812
7.308
1.148
8.116
4.768
1.5
0.708
0.232
3.192
3.16
5.224
0.58
2.336
0.34
0.336
0.508
0.2
0.848
1.964
0.736
1.816
1.9
2.172
2.792
0.404
1.56
0.464
0.112
1.044
0.172
0.556
9.556
2.812
3.972
4.024
0.96
1.504
4.012
1.824
2.576
0.396
1.32
3.816
0.984
4.096
2.496
10.708
2.576
0.572
3.988
2.908
5.104
3.176
7.78
0.208
5.084
4.844
1.608
2.788
0.188
1.78
1.172
1.188
1.296
4.176
2.328
4.38
1.956
3.908
6.86
1.608
2.808
0.864
2.1
4.344
0.384
2.944
2.808
0.956
2.096
1.38
6.512
3.828
2.964
0.58
1.576
0.464
2.128
1.788
0.168
0.412
0.56
3.004
7.056
5.608
1.168
2.068
3.876
0.068
1.156
0.828
0.196
0.152
5.3
10.376
0.568
1.728
8.272
2.388
0.208
0.292
0.772
6.872
2.676
1.272
6.984
2.124
0.592
1.888
2.924
0.212
0.592
1.776
0.288
2.844
2.644
0.62
0.52
1.58
0.648
0.18
1.152
4.892
3.304
0.708
4.312
0.9
0.088
1.16
0.724
0.272
7.08
1.16
0.856
0.58
1.256
6.208
3.676
0.824
4.564
0.236
1.24
4.056
0.852
5.608
2.516
0.992
3.62
2.612
2.868
0.556
0.624
2.492
1.34
0.848
2.552
10.064
1.724
2.708
2.936
7.236
7.376
1.072
0.124
2.5
0.264
4.844
1.928
5.552
5.536
4.604
1.484
0.148
3.876
1.388
1.004
0.552
0.252
2.676
1.46
1.604
8.596
1.272
10.096
6.356
4.544
3.78
2.908
0.4
0.9
3.364
1.44
0.88
0.32
4.62
1.244
0.06
2.44
1.224
1.448
0.224
6.152
0.268
2.836
6.092
0.536
4.94
4.376
1.3
0.492
0.432
1.876
1.192
0.812
0.284
0.668
0.588
0.484
0.664
2.252
0.424
3.784
1.6
0.096
0.356
7.336
4.848
0.936
2.328
3.652
0.68
3.556
0.94
8.816
3.196
0.096
8.012
2.8
0.216
0.112
0.488
1.872
0.98
1.892
0.132
0.512
2.216
0.16
0.092
0.952
0.468
0.16
4.368
0.876
0.628
1.24
1.72
10.92
2.256
4.772
0.108
0.644
0.868
1.04
0.448
1.86
0.428
0.108
3.376
0.46
1.556
1.584
3.028
0.228
0.652
1.984
0.432
1.52
1.364
1.468
0.84
1.48
0.5
3.584
2.408
1.092
0.212
0.888
0.176
0.8
5.608
0.32
0.772
2.956
5.884
1.016
5.184
6.532
3.884
0.22
0.852
0.512
2.26
1.116
0.784
0.668
7.576
3.232
3.996
0.92
0.36
0.556
0.668
1.248
0.096
1.128
4.78
4.656
0.924
0.592
2.184
4.452
7.08
0.516
3.156
6.232
1.564
0.348
1.184
1.316
1.348
0.072
1.58
5.78
1.188
5.612
0.212
3.532
10.756
4.276
3.172
0.228
0.7
2.408
0.756
0.372
0.088
0.54
5.712
3.328
3.34
4.268
6.268
0.456
2.952
0.532
4.772
0.976
2.996
1.484
0.632
0.116
4.576
2.564
5.532
0.484
3.932
2.244
1.756
0.064
3.74
0.052
2.24
2.428
9.432
0.24
1.652
0.584
3.772
1.132
3.992
0.984
8.528
5.312
1.28
2.872
0.704
2.804
1.624
8.972
1.748
1.436
0.424
1.724
0.728
4.608
9.492
0.048
4.572
1.648
3.412
1.164
1.632
0.396
1.252
0.456
8.712
0.048
0.436
3.936
0.44
2.42
2.372
1.224
1.024
1.788
2.352
1.368
0.516
2.888
1.196
1.324
0.744
1.74
0.876
2.112
0.052
1.376
3.588
1.88
7.316
1.564
0.096
3.944
0.1
1.852
1.784
4.208
1.844
1.644
1.124
2.672
0.776
0.632
5.008
1.196
0.764
0.836
0.208
5.12
0.636
10.804
3.744
0.788
0.592
7.68
2.556
1.72
4.056
0.18
2.48
3.728
3.64
1.66
0.052
0.78
1.64
5.972
3.344
0.996
2.4
0.996
0.292
1.596
0.94
4.952
0.684
6.068
2.52
7.92
1.936
4.344
1.744
1.156
6.36
1.072
1.764
8.336
0.056
4.028
1.8
0.188
7.516
0.312
0.648
1.512
3.04
1.976
1.792
2.984
0.232
1.892
0.124
0.72
3.356
3.36
4.792
1.968
2.292
2.424
3.304
2.368
0.324
1.248
1.976
0.844
8.852
2.948
1.816
0.98
8.032
1.056
4.184
0.096
1.564
3.172
0.24
0.664
0.26
0.408
6.528
2.664
0.964
3.956
3.984
0.844
1.228
0.044
6.376
3.344
0.928
0.54
1.824
1.76
1.244
3.492
0.316
0.804
1.2
1.508
9.692
0.436
1.356
0.556
1.292
0.076
2.04
8.404
1.236
0.152
0.68
4.596
0.58
2.352
1.62
3.348
0.896
6.02
1.628
1.364
2.048
2.448
5.424
