3.72
1.264
0.332
2.192
0.164
1.968
0.352
1.608
1.248
1.276
6.188
3.72
4.74
1.76
4.256
1.748
2.788
2.744
3.748
3.02
2.7
3.664
1.324
2.124
0.272
1.296
1.508
0.252
1.156
6.988
3.916
1.676
2.796
2.088
0.812
0.3
8.372
0.16
1.7
1.776
1.088
0.316
1.744
5.236
0.864
0.16
0.256
0.736
2.204
1.956
6.728
1.836
3.72
1.208
1.116
1.864
0.44
1.24
1.092
4.448
0.256
5.696
2.092
3.804
5.588
4.136
0.34
0.436
0.772
3.744
1.072
3.72
0.176
3.736
3.42
6.416
6.096
3.428
1.024
3.412
1.64
6.04
2.832
3.188
0.312
4.02
0.924
0.42
0.2
6.22
1.108
0.228
0.236
0.144
0.72
0.124
8.56
0.392
7.068
1.684
6.664
0.608
0.928
2.392
0.46
0.844
0.18
4.008
1.752
0.732
0.62
0.084
1.84
2.616
0.904
2.236
5.128
2.388
2.764
0.916
5.976
0.196
0.844
1.86
0.212
1.352
0.2
4.16
1.56
5.292
0.484
2.876
1.092
0.644
2.872
4.64
1.512
1.872
2.488
1.832
1.624
8.568
0.216
1.8
4.54
0.92
1.88
2.336
0.648
0.752
4.344
3.868
4.252
0.068
0.836
0.98
0.96
2.156
0.596
2.388
3.852
1.736
1.4
0.116
0.408
0.272
1.192
4.228
0.788
3.5
0.848
0.76
2.364
3.692
5.184
0.876
2.712
2.516
0.456
1.964
1.804
3.756
1.372
0.3
4.304
4.356
2.268
0.772
0.584
2.072
3.976
1.152
0.132
0.272
5.464
1.068
4.1
6.964
0.972
0.24
0.716
1.496
1.492
2.78
2.06
8.272
0.836
0.376
1.76
1.452
0.664
0.14
1.78
5.12
2.088
1.616
2.936
0.156
2.232
2.176
6.096
0.14
0.812
0.268
0.084
0.896
5.692
1.464
0.544
2.304
1.752
1.988
0.348
3.532
1.368
2.364
0.36
0.3
1.628
1.668
5.42
0.116
0.4
1.02
1.368
1.372
6.44
1.136
2.244
1.404
0.424
0.504
0.264
0.196
0.46
2.24
1.748
1.776
0.364
0.164
0.248
0.496
8.484
3.876
2.752
0.532
1.472
3.24
0.444
0.168
4.732
5.364
0.88
5.76
0.284
0.768
4.196
1.256
0.544
0.388
0.728
2.868
2.512
6.544
0.964
0.468
0.504
3.244
5.048
5.24
0.84
5.992
7.436
1.672
0.98
0.104
2.824
0.364
4.464
9.436
0.612
4.536
0.624
6.068
0.204
1.676
0.556
0.808
9.688
3.392
5.312
1.356
1.42
1.248
1.336
1.028
10.968
0.7
1.08
6.068
7.328
1.936
0.384
4.064
1.144
1.428
0.3
0.26
6.552
0.36
0.268
0.584
1.732
0.96
0.652
0.452
1.188
0.496
1.048
0.448
0.36
0.26
2.564
6.34
0.58
0.56
0.08
2.628
0.968
0.592
1.036
0.832
1.928
2.228
0.88
1.824
4.46
1.848
2.676
0.84
2.292
1.076
1.66
0.584
3.624
0.196
1.512
1.576
1.936
4.376
6.284
0.232
0.628
2.58
3.552
3.832
2.612
2.128
0.844
2.772
10.096
0.076
0.508
1.748
2.688
0.76
1.748
0.664
0.276
10.08
0.08
0.436
3.116
0.836
5.892
1.272
0.16
1.744
1.128
1.788
1.596
0.496
3.56
0.552
2.264
0.124
4.036
1.412
0.816
1.32
0.82
2.144
1.328
0.68
2.768
0.116
3.472
0.084
1.188
4.26
1.308
0.7
1.3
2.296
1.872
2.088
1.3
0.768
1.372
3.54
2.256
5.628
0.724
1.168
0.112
1.14
0.304
1.992
3.36
0.564
4.448
0.78
3.364
1.772
4.212
3.656
7.068
0.624
0.072
0.324
2.8
1.2
4.336
1.136
1.616
1.476
0.832
2.076
0.192
1.264
0.176
1.676
0.896
5.74
2.912
1.656
5.48
1.828
2.128
3.124
9.712
0.24
1.596
0.212
7.468
1.86
1.996
3.056
0.648
3.212
0.972
1.848
4.132
7.52
1.832
1.776
3.36
0.196
1.708
0.324
1.132
0.536
1.164
0.516
0.86
0.764
1.604
0.72
0.612
2.752
3.744
0.696
5.472
2.36
1.06
0.12
2.2
0.12
4.804
0.436
0.556
1.28
2.144
4.28
2.34
0.568
9.172
5.148
0.792
1.348
3.272
3.844
1.672
0.804
0.732
8.932
0.196
1.092
0.236
2.312
2.384
10.124
2.744
1.656
7.252
0.356
6.272
2.352
0.208
1.012
7.696
3.34
2.532
1.064
1.34
2.704
1.42
2.232
0.26
4.756
0.536
1.824
1.48
5.076
10.848
1.3
1.812
0.2
0.68
0.448
1.872
1.148
1.62
3.772
2.84
1.22
5.24
0.076
1.712
3.224
4.52
0.964
0.196
0.152
0.476
0.292
9.856
1.68
3.708
1.036
1.656
1.544
0.86
0.816
0.192
0.552
0.8
0.724
4.348
0.1
1.856
0.868
1.584
0.912
1.448
2.276
0.124
0.932
1.156
0.756
0.416
1.632
2.328
0.832
7.296
5.892
5.452
0.26
2.252
0.432
1.096
0.532
0.652
4.852
0.428
3.948
2.444
0.752
5.704
0.804
2.388
1.04
0.956
0.328
1.288
1.82
1.556
0.268
2.256
0.168
1.512
0.9
5.432
2.812
3.824
9.612
2.284
7.4
4.632
1.1
2.312
0.204
0.112
2.36
2.208
0.728
0.696
1.708
0.6
2.672
1.944
4.448
0.084
0.704
0.392
2.884
5.876
0.264
1.0
4.636
0.9
0.316
10.52
0.6
1.528
2.376
9.084
0.664
6.064
0.996
1.844
4.292
3.656
0.228
1.992
0.436
1.872
0.176
0.252
1.432
3.16
4.484
0.708
1.768
2.868
5.068
1.376
0.448
4.048
0.12
0.964
1.056
0.232
0.2
2.04
2.008
0.78
8.86
2.124
0.748
0.772
10.104
5.3
0.996
0.56
0.76
5.124
2.932
3.74
5.008
2.132
0.8
0.648
2.128
1.724
2.268
2.56
1.952
0.26
6.876
1.108
2.292
1.924
5.1
0.34
2.848
1.404
0.812
3.564
0.832
4.076
0.316
1.008
1.236
1.504
1.048
0.264
8.244
1.116
3.868
3.56
2.524
2.48
2.324
2.496
2.936
0.428
0.496
8.408
4.784
0.828
0.296
3.168
4.396
0.848
0.956
1.416
4.768
2.332
1.42
0.98
2.04
8.928
0.76
3.888
2.128
1.272
0.408
0.508
0.992
0.172
0.908
0.148
0.312
6.14
0.252
2.212
5.852
6.952
0.804
9.856
0.452
3.944
1.66
0.908
0.288
4.324
0.792
0.068
1.248
2.192
1.048
0.076
0.516
0.44
3.156
10.224
10.672
0.208
1.092
4.604
2.608
3.004
1.62
1.624
4.332
0.272
0.18
8.792
3.08
1.06
4.18
0.152
6.616
6.304
3.656
2.216
1.072
0.22
6.18
2.196
0.204
2.044
0.516
0.82
2.224
0.96
0.304
1.092
3.836
1.224
0.852
0.144
8.356
1.06
1.036
3.556
10.624
0.444
2.212
2.712
4.504
3.832
6.676
1.148
4.08
1.752
1.596
1.38
0.312
1.86
5.192
4.02
5.9
3.9
