2.092
5.792
1.284
1.952
6.376
0.64
0.372
3.072
3.464
0.436
3.64
8.42
0.832
1.276
3.28
0.292
1.616
4.56
0.308
0.904
1.26
0.992
1.676
4.856
4.516
1.044
1.22
0.256
3.836
0.696
1.228
1.248
7.508
8.552
0.652
1.704
0.588
1.068
3.12
0.5
3.14
2.2
7.66
1.352
4.596
4.112
2.756
8.724
0.784
1.032
0.968
3.852
3.128
1.088
2.212
4.46
9.592
0.712
2.36
3.64
0.64
5.0
1.584
1.264
1.084
2.052
0.408
0.668
0.66
3.568
1.012
0.5
0.82
1.072
7.384
4.132
5.684
0.36
6.904
1.096
2.408
3.272
2.516
0.352
2.592
1.088
2.476
1.128
1.724
5.084
8.38
1.992
2.368
0.476
1.552
2.324
3.668
2.104
0.5
2.092
2.988
4.672
0.212
3.648
6.228
7.524
1.136
1.608
0.304
1.12
2.908
0.38
3.86
0.972
0.392
0.596
6.74
0.268
1.076
1.18
8.22
2.668
0.212
3.728
1.352
1.772
0.896
1.68
2.544
1.056
0.244
4.336
7.808
2.504
0.444
1.436
1.7
0.384
2.764
5.084
1.124
1.856
4.34
3.816
0.292
1.32
3.38
2.544
2.388
4.696
0.304
1.992
0.656
7.528
5.08
2.016
0.696
1.916
1.948
9.204
4.26
6.648
10.412
1.6
1.196
4.232
0.956
6.632
5.692
3.884
1.084
0.184
10.812
6.696
1.568
1.088
0.92
1.844
2.496
0.432
3.02
1.46
1.548
3.58
3.308
3.664
1.188
9.976
2.028
0.612
2.988
5.052
1.916
0.236
7.552
0.204
3.964
3.484
7.712
0.228
2.924
0.412
4.284
0.4
1.02
0.624
2.236
1.924
2.372
1.176
6.252
0.164
1.56
3.384
0.852
6.616
2.036
5.196
5.728
1.16
0.756
0.536
7.624
8.416
3.096
1.596
3.692
3.532
3.128
1.768
4.472
1.052
1.004
4.396
0.284
4.22
0.456
2.98
1.272
2.776
2.076
3.676
7.32
0.228
2.688
0.432
5.96
3.18
7.64
0.448
1.16
1.236
0.312
0.448
1.984
8.772
1.856
9.596
5.572
6.388
0.46
3.304
10.704
0.428
4.108
0.404
2.256
9.392
1.952
0.584
0.544
2.832
10.576
1.732
9.412
7.1
0.692
3.86
0.672
6.372
2.376
0.404
10.272
0.984
1.724
2.08
2.756
1.296
1.452
0.336
3.788
2.212
0.58
0.796
8.056
4.568
9.288
0.592
3.156
6.944
3.192
5.568
6.8
2.36
5.396
5.192
3.672
1.62
0.612
1.496
7.544
5.58
4.04
1.092
1.292
7.208
5.372
3.08
3.652
7.672
3.896
1.176
1.576
2.572
0.588
2.752
2.7
3.964
9.084
4.996
0.184
0.168
1.992
0.768
1.344
4.172
2.856
0.972
2.632
3.552
1.316
5.496
1.272
0.776
0.448
1.256
6.004
0.196
5.72
2.204
2.2
2.468
0.62
3.884
0.216
4.732
2.976
6.676
8.628
0.732
1.852
8.8
2.192
0.68
2.62
1.428
5.224
3.496
0.44
1.204
0.564
1.628
0.872
3.016
1.104
0.968
1.84
8.672
4.428
1.956
5.536
4.184
6.436
5.516
0.62
3.976
0.664
5.384
1.092
10.644
6.78
6.848
1.948
0.328
4.548
0.552
3.444
1.868
3.02
7.124
0.864
1.636
4.396
1.008
5.432
1.38
1.44
9.82
3.528
1.684
1.876
4.828
6.744
4.376
1.972
0.288
4.036
0.64
2.4
1.488
2.648
0.724
7.304
0.62
5.196
1.196
6.952
4.292
0.244
0.328
7.924
1.556
5.692
0.28
1.372
0.968
0.804
0.488
1.252
3.68
4.32
0.724
10.792
4.3
7.208
4.88
0.928
7.36
0.796
6.476
5.524
0.208
0.788
1.62
0.888
0.616
3.856
1.508
8.152
9.404
1.576
0.668
0.396
10.38
4.2
10.084
2.832
3.476
3.152
5.868
2.052
9.02
2.992
1.744
1.916
0.696
6.52
7.628
0.972
1.812
1.104
0.732
3.12
6.968
0.192
0.268
2.484
5.992
2.288
0.968
1.64
5.756
9.136
4.548
2.212
2.284
7.96
0.24
1.028
3.18
0.232
2.36
2.312
3.412
4.952
2.724
4.676
0.9
1.152
2.62
3.14
3.732
0.16
2.828
2.732
0.532
0.844
3.428
2.444
0.34
5.312
0.784
5.804
4.664
6.768
2.016
6.48
5.224
6.776
0.992
1.8
1.78
0.7
0.992
7.5
8.608
4.66
1.096
2.232
4.0
0.572
1.46
8.36
1.648
5.884
8.444
1.288
0.624
0.344
6.024
10.928
5.192
2.188
0.992
3.556
6.004
6.752
1.836
2.836
3.128
1.02
7.688
2.792
0.316
1.088
2.612
0.448
7.752
0.196
9.752
0.16
5.868
1.36
3.252
2.668
3.66
3.248
3.628
5.616
1.86
0.512
0.356
3.0
10.42
3.472
6.496
7.164
1.86
3.168
4.884
2.076
1.836
0.18
0.968
2.732
4.292
0.804
1.892
4.464
6.764
1.432
0.96
3.28
1.052
3.076
0.32
10.612
7.224
2.276
0.228
1.976
8.856
0.276
0.356
0.696
1.44
3.852
0.268
1.756
0.284
0.22
0.872
9.056
5.84
1.472
8.272
2.676
1.124
4.3
11.108
3.308
1.196
7.0
1.848
1.46
0.308
0.184
0.168
1.256
10.804
3.732
0.532
1.72
3.648
4.156
0.904
5.608
2.856
1.78
4.372
0.304
2.68
1.84
0.46
0.34
1.22
10.656
2.604
1.576
2.088
5.148
6.248
2.808
5.152
4.804
2.144
6.724
0.424
0.692
8.836
4.388
0.668
0.636
1.796
1.052
6.82
0.984
5.248
1.636
10.78
0.408
0.488
4.74
0.696
2.408
1.152
5.636
1.492
1.744
1.7
1.332
3.268
1.132
1.232
5.672
0.172
0.236
1.424
1.36
3.608
0.44
4.968
3.792
0.76
1.068
1.24
1.924
0.764
6.488
3.384
0.448
0.372
2.272
1.916
9.3
4.224
1.144
0.572
3.56
0.828
0.98
8.552
2.388
2.716
10.164
7.832
9.54
0.364
0.344
1.668
1.084
3.988
1.184
9.6
6.124
2.848
2.264
2.692
9.324
2.46
6.556
9.412
5.336
2.16
5.5
2.128
4.556
0.52
0.672
4.336
1.82
0.872
8.864
10.324
9.08
7.976
10.212
5.428
0.616
1.48
0.272
0.28
10.0
3.58
1.088
1.756
1.952
3.012
3.516
6.512
3.132
0.36
0.4
2.52
2.124
0.572
1.08
3.468
3.196
3.116
3.988
5.848
0.56
0.56
1.824
5.576
0.236
2.7
7.204
4.016
2.32
3.488
4.3
3.868
0.844
0.54
1.42
8.12
3.84
2.584
5.236
5.012
2.376
6.304
2.356
10.768
0.788
4.244
2.304
2.212
0.372
9.956
4.484
2.52
7.1
2.336
0.94
4.988
4.94
4.32
4.744
1.992
0.576
0.196
1.02
0.864
0.812
1.104
4.424
1.192
1.236
2.468
2.944
0.756
1.504
0.276
1.824
8.172
1.868
0.908
3.604
3.548
5.724
1.22
1.268
0.188
0.616
2.592
0.476
0.744
0.888
2.28
0.944
0.688
8.372
1.164
3.376
0.516
6.996
0.356
4.392
3.896
2.888
2.816
2.192
0.816
7.472
1.46
1.84
2.924
3.432
2.292
5.496
0.16
10.616
9.908
5.988
1.116
7.172
2.128
7.276
2.132
9.04
1.408
3.696
4.164
3.716
0.248
7.088
1.96
2.18
1.876
2.66
2.044
0.596
6.92
8.812
1.448
6.44
7.996
2.556
6.512
1.852
1.124
0.676
0.948
2.284
4.62
0.376
8.256
6.892
0.496
0.292
0.344
3.996
9.828
0.368
5.776
0.496
2.956
2.48
3.68
0.928
4.336
8.44
0.484
0.376
0.352
1.48
1.624
1.192
10.752
0.412
9.224
3.336
2.324
0.876
3.04
2.704
2.448
6.056
5.376
1.648
1.132
2.656
0.168
3.568
3.448
0.548
0.76
4.472
0.436
3.764
4.264
1.544
1.256
7.476
1.88
0.2
4.52
1.408
0.612
0.828
9.36
1.148
1.9
1.56
0.256
0.716
0.916
0.592
7.892
0.392
0.596
1.28
1.096
10.6
3.46
1.616
1.724
0.804
3.868
0.432
1.744
0.46
0.756
6.228
1.808
6.348
0.356
3.016
8.68
6.54
2.9
6.764
6.576
7.268
0.216
0.276
6.12
0.34
1.112
2.392
1.28
1.884
5.232
2.5
5.704
5.636
1.528
2.048
5.5
0.632
0.212
1.248
1.14
10.228
2.4
7.728
3.816
4.704
0.216
0.5
1.26
0.64
7.732
1.932
5.468
8.756
0.548
2.452
1.872
0.8
0.644
2.048
9.128
2.616
6.756
5.068
3.172
3.644
10.404
3.58
4.524
3.532
1.632
1.232
3.628
1.888
0.34
9.056
2.744
2.42
0.42
8.22
7.696
0.72
1.032
3.552
2.928
1.036
0.712
0.26
1.936
2.928
0.568
1.504
4.132
8.168
10.616
10.828
10.008
1.06
1.16
4.344
0.992
0.568
8.972
3.492
6.016
3.332
1.12
10.852
1.168
0.94
3.676
0.972
5.48
5.548
10.196
6.992
0.944
7.536
2.756
1.164
9.792
9.008
4.348
11.084
0.868
3.08
10.528
3.768
3.6
1.228
2.6
0.84
10.836
4.464
6.92
1.168
0.404
2.812
1.4
3.932
1.508
8.28
1.212
2.252
7.128
0.736
0.896
3.064
5.868
1.908
3.976
6.224
0.944
2.432
7.848
2.868
0.26
3.932
3.02
1.696
3.056
8.356
2.312
0.644
5.18
4.004
1.968
11.08
1.26
5.976
0.964
0.788
0.3
2.396
0.68
4.152
0.588
5.936
1.908
1.688
1.376
1.688
4.912
2.348
6.628
0.904
3.192
0.224
1.128
10.936
6.068
3.428
7.988
9.444
0.916
4.08
1.856
1.132
4.392
0.82
9.628
2.168
1.184
1.048
0.38
3.152
1.208
5.928
3.312
3.916
0.92
7.492
0.956
0.636
2.252
7.352
3.436
1.824
7.568
6.228
4.108
0.86
9.456
2.548
3.624
0.676
7.184
0.184
2.152
4.912
0.88
0.24
3.584
0.62
10.408
1.616
1.128
3.74
1.064
1.1
6.408
0.94
4.788
0.72
1.144
3.948
3.088
6.124
9.128
10.024
0.484
1.368
2.716
0.276
1.336
1.244
4.116
3.728
0.292
2.484
2.224
4.728
2.428
2.704
3.032
8.572
1.548
9.596
1.156
3.26
4.092
0.64
2.832
1.472
3.284
1.748
0.828
3.096
2.78
3.528
1.1
8.144
2.236
1.608
1.468
1.096
4.732
0.408
4.3
4.044
10.476
4.848
2.924
4.78
5.156
3.704
2.752
1.912
3.544
2.816
0.248
0.796
0.272
0.708
6.456
5.796
3.54
5.668
0.748
2.812
0.608
0.864
3.272
9.116
0.756
2.808
1.288
0.28
5.292
1.9
0.224
0.164
2.656
1.752
4.42
5.132
4.06
0.848
10.848
1.076
3.54
1.204
0.84
0.22
5.26
2.632
8.128
8.784
0.848
8.184
0.86
0.828
0.988
8.576
1.412
0.184
0.772
2.36
10.532
0.448
2.448
4.468
4.884
5.116
0.204
2.544
2.304
0.924
1.632
1.124
4.292
3.296
0.652
2.164
0.948
7.332
2.26
6.224
10.928
2.26
9.48
5.432
2.36
1.748
2.324
0.356
0.616
1.568
0.44
0.56
3.02
0.36
3.656
2.916
0.284
11.088
3.944
1.42
0.26
1.332
2.396
2.48
1.796
1.868
2.332
8.588
0.38
0.688
3.908
3.336
1.932
0.776
3.932
1.552
2.748
7.708
2.048
2.352
6.468
0.324
8.824
0.3
3.788
0.78
2.0
0.912
6.572
4.268
9.624
0.404
0.644
0.4
4.392
8.372
0.732
1.7
2.304
1.364
1.588
6.992
2.736
0.368
9.856
3.632
3.516
2.816
5.284
0.348
5.264
0.78
0.428
3.72
7.996
4.14
4.416
1.452
0.988
1.288
3.468
6.108
4.352
1.048
0.364
2.432
0.516
3.9
0.916
2.296
9.132
8.472
0.98
1.376
9.064
7.948
0.624
8.848
1.312
1.004
3.452
2.652
0.248
1.208
10.292
5.692
1.268
0.28
0.38
4.192
3.948
0.164
1.412
3.004
10.66
1.912
1.744
2.172
0.236
2.668
1.16
2.2
1.288
0.896
7.172
4.436
8.068
4.0
4.62
1.18
4.196
0.64
1.628
1.208
0.668
0.956
7.476
9.168
1.12
1.916
1.14
0.488
2.076
0.636
0.4
1.264
1.064
2.564
2.156
0.276
5.912
6.428
3.552
1.808
8.98
1.212
4.56
8.124
5.808
3.464
3.296
1.748
2.168
7.928
0.872
2.144
1.456
0.284
0.904
7.696
4.4
4.176
1.86
2.656
1.0
5.06
9.66
0.24
3.092
6.868
0.228
1.04
0.572
5.54
5.252
4.816
2.708
0.892
3.68
1.096
0.224
0.864
2.448
1.436
0.768
1.436
4.716
0.188
0.212
5.844
1.26
1.048
0.308
3.32
3.88
3.548
0.664
2.904
2.324
1.868
3.12
0.8
0.408
7.676
0.176
0.712
4.4
0.744
1.916
1.664
0.988
3.708
5.4
10.292
3.044
9.128
0.816
9.916
7.408
5.012
3.212
1.688
3.26
0.676
1.852
3.204
2.252
2.228
7.788
0.448
3.12
4.54
3.344
7.536
2.824
0.444
0.8
5.5
0.688
9.992
7.08
0.34
0.652
2.464
1.512
9.816
2.132
0.78
7.14
0.196
2.656
5.16
4.668
1.328
0.796
1.56
9.848
0.52
0.284
0.368
9.192
4.376
2.252
0.792
9.664
0.412
1.248
3.868
0.752
3.712
0.648
6.064
8.016
3.196
4.04
3.468
1.116
1.424
1.724
2.616
1.008
3.976
2.38
2.352
1.952
4.248
4.824
0.868
1.252
0.832
4.028
5.66
4.816
0.448
0.364
0.18
2.236
2.144
2.768
5.144
1.092
4.252
3.6
4.48
0.268
1.408
0.168
0.184
4.06
2.7
0.968
0.628
8.708
0.524
1.872
0.564
8.408
1.092
0.296
7.74
0.16
0.228
1.388
0.264
2.864
3.624
5.96
2.288
0.944
3.124
3.42
2.8
2.884
9.46
3.108
4.576
1.644
1.468
0.416
0.816
2.392
6.188
2.288
1.504
0.28
0.652
6.804
4.66
3.744
4.216
3.684
3.256
0.824
2.648
2.46
4.1
9.68
6.108
2.216
1.676
9.128
5.628
0.544
1.276
0.28
0.76
1.496
0.684
0.188
4.588
0.844
1.252
9.928
10.592
3.64
9.428
0.488
3.812
9.568
1.552
2.008
1.56
3.328
1.164
2.288
2.324
2.692
1.82
0.516
9.58
1.304
2.28
1.108
4.056
1.296
2.424
1.972
5.892
1.104
1.264
6.784
2.46
2.92
0.516
10.612
1.672
8.608
0.216
9.872
1.92
4.708
4.224
0.256
6.472
11.052
0.848
0.812
0.672
0.264
0.188
4.912
0.36
1.232
1.068
3.064
3.0
3.364
1.984
3.336
1.508
2.04
0.744
0.264
0.308
6.676
1.16
3.816
2.252
2.832
4.02
0.512
1.252
2.992
5.664
2.804
10.62
10.804
1.348
2.168
2.62
1.38
4.104
2.632
1.476
2.22
3.764
2.356
0.584
4.56
7.988
9.712
8.644
0.444
1.62
0.228
1.068
1.204
1.564
1.92
3.852
6.22
6.516
10.136
2.212
0.484
0.652
8.792
2.996
1.552
5.612
1.368
1.58
6.492
1.576
1.212
4.664
1.372
2.732
1.732
10.868
7.232
3.348
1.056
0.74
1.444
3.796
0.644
10.312
0.892
1.168
1.668
1.424
4.852
4.096
10.268
2.22
3.096
0.448
1.304
0.636
7.856
3.528
1.096
4.832
1.22
3.668
2.012
2.144
9.148
1.656
4.696
3.744
5.86
5.236
0.708
1.392
7.308
4.312
7.24
1.156
1.152
4.768
0.916
7.472
7.476
7.012
2.5
6.508
2.12
1.108
0.168
0.292
4.004
1.752
0.608
0.988
8.648
3.904
0.532
0.984
7.72
2.844
5.8
0.484
10.452
8.636
2.268
8.224
10.524
3.176
1.456
2.7
3.288
7.052
3.596
2.436
5.512
0.82
0.268
1.104
1.44
1.896
7.724
4.984
0.376
8.576
2.956
10.208
5.476
1.308
8.904
2.52
1.244
1.904
1.232
1.944
1.024
2.132
0.212
2.084
0.648
3.08
1.04
1.956
0.752
5.488
4.02
8.236
3.324
2.536
4.056
1.244
0.568
1.256
1.528
0.472
4.632
2.616
2.108
0.788
0.652
3.424
1.588
1.716
1.12
0.984
0.56
3.58
6.904
1.792
1.584
9.888
1.24
2.572
5.864
0.176
2.556
7.868
1.212
1.192
2.744
1.38
9.772
7.988
1.388
3.236
5.616
2.532
0.816
4.528
1.456
1.216
1.652
5.284
1.592
3.552
4.288
5.02
1.268
3.788
7.832
1.904
0.544
2.652
2.008
1.816
5.696
5.772
5.092
2.94
1.908
9.84
2.388
8.292
5.312
1.548
2.296
3.988
8.936
2.5
6.192
4.036
2.236
8.92
0.688
4.976
0.24
2.564
6.224
0.936
2.852
2.772
1.68
2.964
3.656
0.548
0.204
4.744
2.692
1.368
1.84
0.872
2.048
4.18
6.316
4.04
1.096
6.84
4.396
0.648
5.932
2.736
0.58
4.3
0.324
0.264
1.228
0.312
2.62
3.144
1.232
0.932
2.928
4.244
2.264
5.272
1.052
2.872
6.168
10.528
5.956
5.12
3.544
0.46
2.1
0.4
7.524
2.872
3.076
0.268
1.072
8.456
1.528
10.284
2.672
8.66
3.632
0.932
1.976
7.256
2.284
0.388
1.14
8.984
2.408
0.608
0.216
1.924
7.628
1.768
3.072
0.644
2.212
4.608
7.36
7.66
0.832
0.328
3.372
1.888
1.232
0.312
5.484
2.34
0.748
1.5
1.444
6.636
0.62
4.848
0.456
1.348
1.908
1.292
9.664
4.376
1.26
8.712
0.768
0.868
5.256
10.832
5.204
0.696
0.256
2.88
1.332
8.844
1.412
0.888
2.272
1.288
1.6
5.24
0.34
6.952
2.528
7.536
0.16
0.7
1.46
1.9
3.656
1.352
0.156
1.476
3.28
5.796
1.292
0.524
0.456
4.752
1.528
0.496
0.364
0.444
1.24
3.232
0.48
0.92
2.228
5.048
5.008
1.792
0.22
2.692
7.108
7.512
10.084
10.192
5.876
4.336
0.46
1.84
4.456
0.2
7.276
3.148
10.672
9.732
10.884
0.268
1.692
0.984
2.116
10.244
0.772
6.052
3.16
3.716
6.004
0.836
4.824
7.18
5.884
7.548
1.368
1.172
1.364
8.264
3.736
0.68
1.916
8.336
0.596
0.948
9.1
2.732
3.048
3.704
6.8
0.66
8.984
1.688
1.12
4.448
2.556
4.764
3.108
6.728
0.552
4.556
3.34
0.244
0.24
7.82
0.492
2.28
7.44
1.024
2.5
4.804
2.424
2.568
0.624
7.412
3.712
0.808
0.508
10.46
7.144
7.772
2.432
0.66
0.18
1.976
4.516
0.38
3.008
0.38
0.336
3.512
0.372
2.828
9.82
2.252
3.176
6.22
8.048
6.132
0.888
10.048
7.228
10.032
4.772
0.7
8.012
3.488
0.848
0.452
0.384
6.972
0.56
0.812
2.24
5.16
2.396
0.464
0.72
4.956
9.7
4.616
2.564
5.404
0.624
6.88
4.664
2.312
7.488
0.52
0.236
1.16
0.184
5.82
0.34
0.488
4.324
1.156
0.672
2.516
0.332
1.212
3.44
3.112
0.36
2.496
9.072
6.636
5.372
5.076
8.068
1.588
5.264
0.488
0.46
2.668
0.684
4.384
6.636
0.792
8.112
8.168
5.016
1.848
1.368
2.64
8.504
1.532
1.276
1.256
6.988
0.872
1.88
0.504
2.248
1.856
1.576
1.42
1.204
1.664
10.468
2.88
0.884
1.732
1.572
5.132
0.824
2.216
6.028
0.26
3.556
0.896
1.38
0.604
1.144
4.768
3.832
0.892
3.104
1.96
1.288
4.448
5.608
0.6
6.748
1.584
0.196
1.556
2.284
0.536
2.756
9.948
5.468
0.384
4.816
1.008
9.508
8.772
0.22
8.956
0.22
1.788
7.42
0.184
4.292
0.204
6.208
4.368
1.584
0.396
1.812
2.632
0.26
1.44
2.464
2.148
4.928
7.364
0.376
0.944
2.5
0.576
1.132
0.176
1.7
4.992
1.192
9.408
0.356
1.132
10.136
0.764
10.204
4.98
1.216
0.504
1.484
2.036
1.872
7.716
8.096
1.08
1.48
0.28
8.428
0.944
3.24
4.1
2.58
1.896
0.888
11.008
5.116
3.548
2.684
1.092
0.644
2.312
7.352
0.584
2.524
0.16
2.86
9.788
6.248
6.016
2.948
9.692
3.848
4.564
3.488
5.904
0.432
10.152
5.24
3.056
3.152
1.148
2.92
1.272
10.012
0.648
7.304
7.68
7.912
0.656
3.524
10.94
1.032
9.056
5.892
0.56
2.08
2.996
1.352
0.364
0.24
0.264
2.048
5.376
1.632
3.032
1.572
2.796
5.188
9.916
0.892
0.86
3.088
0.176
3.54
1.98
3.948
10.836
4.48
3.056
4.544
10.256
0.828
3.264
0.508
3.54
0.736
0.236
1.92
0.436
0.768
5.436
1.092
1.488
8.644
0.404
1.132
9.728
0.34
0.26
0.312
8.024
2.804
10.504
3.076
1.172
6.444
8.068
0.244
3.904
10.54
3.308
0.792
0.968
0.732
10.748
0.456
4.852
2.92
4.384
3.652
1.984
2.28
1.2
7.464
6.956
2.72
8.856
2.48
2.936
0.868
0.848
3.492
0.76
8.652
5.464
3.936
0.816
0.58
2.18
5.888
4.416
0.216
0.312
0.992
0.6
0.248
3.28
1.26
8.2
2.968
2.6
2.448
0.66
1.392
1.64
6.0
6.34
1.056
4.312
9.24
0.368
3.86
7.644
2.948
1.508
3.548
0.376
6.872
4.248
6.16
1.484
8.852
8.34
7.236
9.94
0.868
0.2
1.74
1.248
6.348
2.136
6.376
9.308
1.652
0.852
0.972
1.124
1.38
6.392
7.716
1.32
0.616
0.516
0.436
0.368
0.552
2.092
2.848
0.964
5.404
3.104
0.664
1.148
3.092
0.7
4.856
5.424
6.8
3.112
9.28
1.016
3.744
0.436
4.052
3.244
2.644
3.68
6.216
2.336
0.756
3.092
4.268
1.576
8.94
6.188
0.168
1.736
7.904
8.452
1.584
5.536
0.972
2.292
3.188
2.24
6.824
5.844
2.436
1.28
6.188
0.656
4.22
8.192
7.96
5.0
0.4
3.776
0.344
4.06
1.128
3.344
1.34
2.108
0.864
5.464
4.596
4.608
0.216
1.788
2.98
1.292
2.504
1.452
3.596
1.96
7.328
4.492
1.476
3.468
0.704
0.392
1.056
3.324
1.768
1.108
9.9
2.236
0.496
1.4
1.796
3.448
2.196
8.372
11.116
0.912
1.124
6.676
8.74
0.252
4.84
2.64
0.232
0.912
1.524
1.124
0.624
6.632
0.784
0.352
0.728
1.124
8.98
2.916
1.116
7.264
0.892
1.312
0.816
3.072
0.468
5.136
2.436
0.268
2.588
4.108
1.464
8.908
0.828
4.208
0.888
7.364
2.448
0.432
0.308
0.536
0.988
0.56
1.324
1.888
8.96
4.712
0.38
1.428
2.144
1.496
5.624
1.9
4.02
2.2
8.124
5.876
0.936
2.232
1.512
9.716
2.864
1.62
1.12
3.904
2.656
9.444
3.716
0.156
4.416
5.544
1.384
3.348
3.284
7.108
3.868
1.78
1.152
0.788
8.088
1.136
2.06
2.172
1.832
1.068
4.292
1.824
0.58
3.468
0.424
3.584
5.76
0.808
2.616
3.272
5.652
2.836
9.928
2.28
6.628
1.848
8.68
1.848
7.08
0.26
2.0
2.544
3.764
5.92
4.232
1.912
0.224
0.264
5.036
5.02
3.144
1.752
0.504
4.796
1.144
3.86
3.976
6.732
3.964
2.92
1.944
4.72
0.624
1.864
3.096
2.04
2.744
11.072
4.096
1.956
0.86
0.312
3.86
0.792
10.656
0.24
2.192
1.136
1.172
4.588
9.948
1.3
7.584
8.628
1.352
10.6
1.132
7.12
0.824
10.408
1.996
1.232
0.212
4.448
3.328
2.812
2.024
6.944
3.628
0.736
10.72
4.136
2.852
1.22
4.308
0.312
1.952
2.488
8.476
1.456
9.824
3.208
3.98
1.004
4.044
1.504
4.864
3.764
2.52
0.664
2.3
2.544
1.284
1.828
4.204
2.844
0.592
1.412
2.376
1.22
1.268
10.132
2.776
4.64
1.188
5.356
3.504
1.28
1.172
2.728
1.508
9.996
0.268
2.132
10.016
0.9
3.108
4.92
0.352
8.948
2.356
1.532
2.096
5.636
4.072
3.924
3.172
0.512
10.692
1.804
4.296
0.788
10.24
5.996
0.792
1.124
1.368
1.256
0.868
0.596
3.312
1.832
2.972
4.596
2.36
1.184
1.232
0.476
10.584
6.472
8.352
8.124
3.904
8.044
2.224
1.784
4.14
1.184
2.392
0.364
2.132
0.876
0.188
1.988
0.408
0.82
6.752
2.94
0.352
6.224
0.176
0.748
4.812
0.608
2.268
8.0
0.812
4.66
3.244
8.832
0.4
5.82
4.452
4.444
1.704
4.3
1.284
3.7
6.368
7.924
4.268
1.344
3.132
6.364
6.076
4.668
2.952
10.668
0.832
9.624
1.688
1.228
9.768
0.228
3.816
0.412
10.98
2.852
4.608
2.456
0.496
5.436
9.996
1.54
8.972
1.028
2.364
3.688
0.688
3.456
1.452
5.252
1.092
3.34
0.304
1.716
6.504
1.792
1.464
0.492
0.164
2.888
3.5
2.82
7.06
2.86
0.88
10.344
7.928
5.528
0.884
2.004
0.788
2.104
2.0
1.4
1.056
0.828
0.16
1.348
2.892
0.268
0.896
0.736
1.976
2.044
2.464
1.504
7.308
5.736
3.572
2.74
1.984
0.468
6.04
1.72
9.3
1.372
0.66
2.708
6.44
5.196
2.692
1.228
5.076
3.424
1.756
10.124
1.94
9.16
5.028
9.208
0.292
6.348
3.996
1.532
3.376
2.784
2.216
0.352
10.984
2.408
0.764
2.372
1.404
7.812
0.404
1.976
4.388
3.488
9.684
0.764
3.996
0.852
2.732
0.488
0.572
7.56
1.716
0.168
7.676
4.32
1.8
0.788
5.248
8.308
1.46
6.192
6.464
1.496
3.788
0.388
0.6
5.968
2.796
2.356
0.684
11.04
1.584
3.6
0.364
6.668
2.62
7.588
2.18
7.024
9.34
1.868
2.664
0.716
1.116
8.596
0.528
2.192
1.048
4.288
8.948
2.288
1.012
1.104
8.816
0.832
5.492
1.708
5.388
1.148
1.66
1.112
0.488
3.468
2.756
10.428
0.52
10.764
2.608
4.568
2.424
1.336
4.664
6.8
1.176
0.396
1.288
0.832
0.204
0.972
0.704
8.916
6.056
0.424
2.484
1.924
3.812
0.56
3.172
1.44
4.496
2.124
0.756
5.16
3.784
0.392
7.54
10.292
4.464
3.492
3.192
2.496
1.764
1.16
0.76
1.084
10.912
0.972
9.532
4.012
4.064
1.472
0.604
0.324
2.592
0.172
0.22
1.344
2.476
2.912
0.908
3.576
3.948
3.004
3.872
0.88
3.812
5.896
10.184
3.184
3.02
3.168
1.896
2.548
3.556
6.992
1.156
0.784
4.984
0.36
1.08
0.316
7.604
8.528
0.956
2.844
6.848
10.74
6.636
4.58
1.044
1.216
4.084
1.804
1.832
3.94
2.0
0.54
1.316
1.428
8.124
1.692
0.184
0.728
5.876
0.62
10.036
0.336
1.032
0.564
10.16
4.08
1.344
4.112
10.62
0.556
1.16
1.508
1.464
4.552
1.26
0.184
1.228
3.16
0.376
7.192
2.632
4.78
3.58
4.036
3.372
6.552
1.168
0.26
3.36
2.208
0.836
7.74
1.18
3.836
5.264
10.276
3.072
3.328
5.664
5.08
5.256
4.276
10.028
3.104
1.916
1.544
1.04
1.972
0.248
3.808
10.268
4.084
0.952
0.46
0.544
3.388
0.22
1.352
10.28
0.424
4.82
3.252
0.892
3.124
1.376
1.032
0.864
2.216
7.408
8.188
10.708
5.192
1.472
10.444
1.052
0.396
2.204
0.98
1.712
9.072
2.336
0.476
2.38
8.088
7.184
4.808
3.784
7.008
0.528
5.712
1.872
1.064
2.532
7.084
4.568
2.092
1.712
4.748
5.5
4.656
9.328
2.268
10.78
10.212
1.02
0.604
0.548
0.74
2.472
2.056
8.232
4.372
5.66
2.44
0.596
4.308
1.376
3.356
0.64
3.456
1.108
1.312
1.08
0.192
9.788
0.668
5.736
8.096
1.68
2.14
2.42
4.476
4.592
8.116
0.948
2.004
0.968
9.068
2.408
0.528
3.644
6.576
0.62
0.208
9.94
7.74
0.928
0.364
8.688
1.812
2.504
3.66
0.336
2.144
0.276
1.148
10.752
9.688
0.528
1.804
2.112
1.2
0.972
0.496
0.824
4.252
1.948
1.664
1.656
0.856
1.072
2.14
2.332
0.956
6.936
2.996
0.9
2.132
1.764
0.272
2.088
2.508
7.22
8.248
1.432
5.904
0.268
1.284
7.052
3.196
2.12
2.84
2.912
1.432
2.796
1.616
0.252
6.94
2.5
6.0
9.028
8.24
6.18
0.652
0.648
0.176
0.32
1.424
9.712
3.516
2.264
7.692
8.768
0.26
0.996
3.448
1.92
0.472
1.36
1.324
0.808
1.476
1.332
1.812
1.184
8.68
2.28
1.924
5.948
6.144
1.068
5.804
0.896
8.516
0.22
0.884
0.472
1.18
0.884
0.764
0.176
1.76
6.316
0.92
0.636
5.024
4.736
0.64
3.4
7.236
1.576
4.604
4.372
6.644
0.26
9.216
10.3
2.396
2.236
0.164
7.284
4.472
0.284
3.28
3.544
4.612
1.196
1.092
7.332
9.716
0.24
0.312
10.668
2.108
8.768
6.528
3.384
9.88
7.636
1.54
0.256
0.236
2.668
7.604
1.64
0.552
0.156
4.56
1.372
0.956
2.844
9.98
8.144
2.696
1.844
7.592
5.256
0.164
0.244
5.772
2.204
10.308
6.604
1.928
6.976
1.52
1.124
0.504
3.0
0.796
7.02
1.428
1.536
2.508
9.04
2.704
0.536
1.184
0.508
6.492
3.284
2.276
0.608
8.14
8.332
7.04
1.604
11.132
1.348
4.428
2.716
1.356
7.816
3.396
0.256
1.2
1.492
7.652
0.216
1.684
8.144
1.924
0.484
8.288
0.912
8.448
7.124
9.88
0.708
3.868
1.672
1.316
3.42
9.18
3.328
9.62
0.5
3.516
6.928
0.352
1.048
0.472
0.556
1.02
1.136
0.368
8.68
6.556
1.236
1.164
4.316
1.576
1.1
5.168
1.908
1.556
3.952
0.82
0.312
5.44
1.772
4.9
4.628
2.12
2.448
10.784
6.708
0.812
0.308
1.364
0.896
1.332
2.424
0.484
10.852
6.064
0.804
0.556
6.496
0.972
0.9
4.028
3.152
0.384
4.48
7.248
4.768
3.404
2.916
1.684
0.58
1.632
2.704
2.896
6.824
0.276
1.336
8.168
1.264
1.82
0.472
11.12
2.26
1.012
4.38
2.396
2.18
3.456
0.616
0.68
3.324
3.068
2.232
5.176
0.976
1.94
2.12
4.784
7.228
0.648
0.216
7.488
0.54
0.232
7.856
0.308
0.476
1.12
8.06
1.748
6.528
5.296
0.472
2.428
2.324
6.096
5.92
2.368
1.696
8.048
3.444
2.236
1.224
0.404
1.984
1.216
2.092
2.724
1.632
3.792
6.08
2.348
1.024
4.56
10.176
7.32
0.292
9.48
2.852
9.976
0.428
3.524
1.444
2.012
4.764
5.036
1.36
3.116
0.16
2.076
1.112
0.904
3.192
0.412
0.692
6.44
2.508
0.636
1.384
0.676
0.444
0.44
3.236
3.488
9.064
4.852
4.888
11.028
1.632
1.2
6.252
3.128
3.528
0.5
7.572
1.66
0.292
9.152
2.616
4.92
2.104
5.276
2.104
1.724
4.268
1.88
7.756
2.016
1.68
4.136
0.392
0.164
1.972
0.9
4.96
10.588
2.476
6.124
4.012
0.368
8.16
4.196
1.304
10.904
1.472
1.352
2.564
0.828
0.512
1.464
2.664
1.584
3.296
3.848
3.164
1.932
1.544
8.244
0.716
1.34
4.408
1.632
2.812
1.008
1.624
2.244
4.5
2.956
5.172
1.472
3.916
0.332
8.84
0.548
0.86
9.884
10.812
0.392
5.252
0.444
4.704
0.356
4.668
0.764
2.084
0.836
1.2
8.772
6.072
10.396
10.136
1.324
5.348
0.636
0.52
1.64
5.012
2.612
2.668
5.076
5.292
3.848
6.132
8.712
0.28
2.624
6.448
0.764
0.64
5.008
2.692
0.416
4.424
1.108
8.52
3.772
2.504
5.692
8.884
5.744
0.396
2.58
6.712
6.824
5.524
0.86
2.256
2.884
10.236
4.492
1.212
6.596
0.696
0.408
10.472
1.136
6.776
1.012
1.684
1.648
1.172
1.096
9.948
10.072
1.832
0.704
1.808
0.7
8.204
8.06
0.824
6.584
1.244
2.728
3.208
7.636
2.636
10.028
1.56
1.944
1.3
9.264
6.576
3.304
4.568
1.772
0.688
4.964
1.932
2.052
1.724
0.824
0.92
7.24
0.312
5.416
1.172
3.964
4.864
2.648
0.912
5.18
0.432
1.396
7.868
0.732
3.584
5.352
2.652
0.52
0.616
3.168
6.848
0.452
0.688
5.004
5.008
4.872
1.164
5.968
3.724
0.212
0.852
8.972
4.668
7.832
2.836
0.548
1.396
3.292
11.08
7.868
6.34
2.908
2.58
1.596
3.6
0.944
1.02
7.156
0.988
0.316
6.612
0.42
8.532
1.84
4.14
4.72
4.424
4.396
6.424
1.108
0.292
4.912
7.06
8.62
2.416
3.488
5.136
4.856
7.388
2.304
4.416
3.992
6.624
0.216
6.236
4.128
5.772
7.288
0.544
2.552
0.82
2.412
3.864
1.24
0.524
1.828
4.58
2.396
4.74
4.048
7.596
5.876
1.8
0.796
5.84
0.412
3.76
1.02
4.668
10.224
2.452
5.008
1.844
0.368
0.868
5.604
7.24
2.092
1.308
0.932
4.76
0.228
2.248
2.0
0.236
3.48
5.724
0.496
2.48
0.228
0.344
0.204
8.544
3.168
9.616
3.124
5.576
1.584
2.7
0.436
0.472
2.128
5.684
0.768
4.784
1.192
1.248
2.612
4.172
7.04
9.84
0.276
1.184
1.3
4.648
2.04
0.548
0.564
4.316
6.396
1.26
1.04
2.724
0.284
0.352
7.836
1.796
3.348
3.948
0.204
4.436
2.016
1.204
0.86
1.016
0.956
5.388
0.352
1.648
3.88
3.448
1.936
1.676
1.344
2.056
3.128
0.676
7.744
3.664
1.288
0.56
0.824
6.784
1.136
3.58
2.732
6.664
0.844
0.236
8.36
5.816
2.684
1.848
1.04
2.24
0.448
0.96
2.24
3.12
2.964
1.792
4.844
1.744
1.136
2.836
3.88
0.552
8.068
1.652
2.44
0.368
3.392
6.188
4.98
3.124
8.74
2.976
0.344
1.052
2.84
9.82
1.6
5.736
5.924
3.648
0.976
3.956
2.512
0.656
3.256
9.836
10.576
0.56
1.32
3.744
1.288
0.612
1.244
5.132
3.38
6.74
0.86
1.196
3.004
1.16
3.024
5.18
0.324
3.632
2.764
0.748
0.748
4.3
1.764
0.208
4.86
3.576
6.004
8.124
8.192
1.548
8.468
3.112
0.596
0.72
0.836
5.532
2.052
1.272
0.868
0.36
2.364
0.236
1.992
10.888
5.952
0.416
4.86
3.896
10.568
1.32
5.976
1.708
0.26
0.872
0.952
6.376
0.776
1.368
8.736
0.408
5.356
6.94
6.724
3.404
0.44
2.56
2.728
3.188
4.84
5.696
8.0
0.332
5.992
1.328
1.736
1.352
1.488
2.76
0.276
6.924
6.672
2.128
5.404
0.66
1.22
3.608
1.364
3.812
1.056
3.956
0.756
1.888
6.512
3.296
3.86
1.08
0.384
1.192
0.16
0.344
0.416
2.356
0.624
0.196
4.592
2.812
3.056
1.0
3.172
7.916
3.544
1.444
2.016
1.832
8.068
7.936
0.904
0.608
2.468
10.256
4.492
1.444
8.34
2.248
1.108
2.056
2.0
1.1
3.864
0.944
1.304
0.304
9.852
2.188
0.176
8.512
0.388
0.412
1.396
2.24
0.172
7.532
10.152
2.824
10.8
1.624
8.648
5.372
1.316
3.66
3.752
5.828
1.716
7.18
1.396
5.056
4.404
2.548
1.408
0.912
0.292
0.188
0.18
1.952
1.74
1.784
1.412
0.292
0.212
3.552
0.904
3.884
0.752
1.376
0.808
8.148
2.276
0.968
2.02
5.092
1.672
2.604
2.54
1.272
1.34
0.416
1.904
1.412
5.344
4.88
1.176
1.156
1.608
0.752
1.16
3.812
6.84
1.28
0.496
2.16
1.012
3.588
10.692
11.028
1.26
9.676
4.304
1.216
1.468
0.932
2.82
1.584
4.304
1.028
2.572
2.2
2.336
9.396
1.24
1.128
7.96
0.68
1.16
1.528
0.552
2.028
6.452
8.78
1.208
4.356
0.636
5.752
6.664
2.024
8.092
4.772
7.116
0.556
0.432
1.456
8.428
9.072
2.776
0.876
2.08
0.456
7.064
10.36
10.56
10.188
1.8
2.984
1.028
0.796
4.932
1.308
3.884
1.904
0.716
1.708
11.096
1.132
0.3
5.168
4.448
4.828
3.008
3.224
9.38
7.288
0.196
7.82
1.864
0.208
3.2
1.264
3.432
9.832
2.764
0.784
2.076
10.904
0.312
7.696
6.024
6.624
4.008
5.46
1.052
0.2
3.592
8.228
0.216
1.4
1.98
4.876
4.316
2.768
9.544
3.448
8.628
0.176
7.924
1.964
0.196
0.484
1.568
7.632
2.156
7.42
4.22
10.716
2.928
8.916
8.516
3.46
6.456
1.424
2.588
1.812
1.332
0.172
1.304
3.948
1.44
2.464
0.404
2.02
2.272
4.488
4.78
1.296
3.648
6.704
0.84
0.628
1.728
3.912
1.072
3.428
0.376
1.956
0.424
1.268
5.596
0.44
2.056
8.212
1.712
0.528
5.944
0.264
5.428
0.128
1.684
0.284
7.8
0.172
2.68
1.464
2.944
2.764
1.38
2.872
0.288
2.092
1.736
1.848
6.488
1.824
0.336
2.636
2.064
0.352
1.144
0.188
0.992
4.732
4.476
0.464
2.848
0.92
0.84
9.492
10.516
0.1
2.784
1.752
0.18
2.496
0.136
0.204
0.996
6.428
5.064
0.556
4.416
2.864
0.792
0.148
1.252
2.572
2.044
1.568
1.74
6.3
0.192
1.032
1.488
3.576
11.04
3.54
0.868
1.136
2.064
1.816
0.504
1.792
0.22
1.084
1.864
0.624
0.96
1.76
2.492
2.2
6.112
4.652
3.756
0.96
2.46
0.988
3.892
9.236
0.196
0.224
2.156
6.936
1.288
0.816
1.612
0.144
1.944
1.82
3.524
3.124
8.132
1.448
1.884
1.78
0.812
0.8
4.92
2.632
0.208
0.408
1.496
6.884
1.84
0.728
0.756
1.736
0.252
6.236
1.036
8.768
0.256
4.932
1.192
2.104
0.352
1.268
4.052
3.652
2.316
2.448
2.952
0.216
0.564
7.708
2.688
9.568
1.328
2.308
0.624
0.228
3.728
0.556
1.964
1.332
0.652
1.468
0.388
0.2
3.016
3.5
1.532
7.404
4.088
1.988
7.436
2.18
4.096
4.332
5.548
0.372
2.528
1.072
2.608
0.116
0.212
1.48
6.224
7.56
8.564
0.488
3.408
2.3
1.24
0.444
0.468
3.796
0.228
0.452
1.672
0.168
4.768
1.72
2.276
0.36
1.632
0.552
7.6
0.308
1.116
0.92
8.644
1.916
0.756
6.592
2.368
1.012
1.996
3.916
0.284
3.264
0.696
0.572
1.004
1.452
1.184
1.004
2.1
3.576
8.648
1.044
0.896
0.4
0.692
0.796
8.228
0.436
3.892
4.22
2.892
0.112
0.36
0.192
3.288
0.668
2.544
0.212
0.208
2.808
9.364
0.256
10.088
2.34
1.32
2.756
2.108
0.692
0.82
6.028
4.648
0.944
4.384
1.28
2.648
6.916
3.528
0.94
0.184
8.332
3.008
1.072
0.104
2.516
0.468
2.244
0.364
3.108
2.84
0.352
9.692
1.42
0.94
3.656
0.828
2.056
3.028
2.512
3.556
0.156
0.352
2.972
6.44
2.356
7.552
1.452
6.936
9.996
1.284
1.868
1.632
4.668
0.676
3.956
0.58
0.168
5.168
1.508
0.864
0.98
9.796
1.336
0.916
4.5
10.376
1.304
0.684
10.368
0.204
0.092
1.944
5.656
0.224
5.808
3.208
5.62
0.544
3.508
0.268
1.672
0.208
1.272
1.0
3.808
1.688
0.284
8.44
0.84
8.376
0.256
2.4
3.392
0.88
3.172
0.324
1.02
0.98
1.784
1.624
1.296
0.436
1.772
8.836
3.36
3.572
2.36
4.176
2.036
0.848
1.028
0.424
7.476
8.24
5.564
1.736
0.196
0.124
3.812
3.224
1.984
0.884
1.268
0.708
0.392
0.696
0.584
0.176
0.984
7.116
1.264
0.504
3.428
4.288
3.696
0.276
0.352
0.52
4.228
0.332
6.98
2.208
0.956
0.208
2.8
1.452
2.092
4.98
1.532
3.972
2.356
0.1
4.148
2.772
3.7
1.588
0.716
0.204
3.196
1.916
1.32
1.856
4.856
3.596
0.528
8.952
0.456
0.26
1.864
1.284
4.956
9.92
0.632
0.156
3.784
2.112
2.668
0.832
0.344
0.888
2.032
10.688
4.48
1.176
1.004
8.42
0.728
7.484
0.364
8.756
0.128
3.804
3.74
0.98
2.112
7.576
2.452
0.58
1.172
1.112
1.692
0.152
7.128
2.648
0.48
4.984
0.184
0.812
0.364
5.128
0.4
0.544
1.2
2.74
10.892
2.412
0.192
10.54
2.352
0.228
0.48
2.288
0.212
2.16
9.72
5.312
0.144
2.816
8.08
4.228
0.26
0.864
2.828
10.308
2.6
0.316
1.844
9.084
0.504
0.3
0.192
1.132
1.372
9.476
5.16
0.308
4.032
1.212
2.508
0.304
1.244
0.38
1.612
1.656
4.124
5.124
2.68
5.936
0.2
2.928
0.228
0.524
4.372
1.332
2.84
1.208
0.192
3.644
5.456
1.328
0.68
0.312
0.448
3.428
1.42
4.408
0.872
0.756
5.928
0.14
4.62
4.14
0.832
0.288
0.628
0.932
10.12
7.672
7.38
1.096
10.544
10.196
0.52
6.708
1.68
0.9
0.576
0.112
1.928
2.86
1.904
4.08
0.616
0.468
2.096
1.924
4.748
3.416
4.728
2.684
0.272
3.056
3.008
9.704
1.464
2.58
1.664
1.1
2.652
2.672
4.932
1.828
0.12
0.176
0.128
0.28
5.3
3.988
5.38
0.488
1.412
2.188
2.592
1.464
0.192
8.596
2.62
0.324
4.928
2.212
0.884
2.372
1.304
3.268
3.06
1.828
3.368
0.292
0.188
3.86
1.968
5.068
2.384
9.816
8.496
3.864
1.788
0.268
10.316
0.164
1.028
1.2
4.04
0.616
1.644
2.944
6.096
2.684
0.74
4.58
2.304
1.012
1.432
0.216
1.024
1.448
6.144
3.48
3.7
0.172
2.608
2.48
8.816
1.536
4.808
3.268
3.496
6.908
0.772
3.28
0.844
4.692
0.212
1.228
1.456
0.552
0.192
2.316
0.956
0.732
7.092
4.256
10.436
1.388
4.612
2.504
6.608
0.628
4.6
9.28
4.156
2.344
1.116
2.084
3.896
6.172
0.62
2.652
2.328
4.124
1.396
0.632
0.224
0.244
2.22
1.24
9.408
0.264
2.948
0.532
1.912
0.452
1.736
2.36
1.076
0.96
8.66
2.152
0.536
5.184
0.192
2.304
4.628
1.224
1.792
3.408
3.288
3.0
1.488
2.596
1.232
0.392
1.484
3.332
8.608
7.108
8.804
3.384
0.58
1.816
1.48
7.912
3.196
0.768
2.692
0.196
1.372
6.316
6.356
0.208
8.704
1.528
0.976
2.616
5.088
1.392
1.252
3.264
1.208
1.436
4.612
0.896
0.392
1.024
5.408
2.268
0.78
0.952
8.532
0.22
1.128
0.468
1.772
0.488
0.236
2.072
2.504
0.132
1.964
0.472
4.272
1.66
1.912
1.5
0.348
0.128
7.496
2.168
0.188
0.896
2.016
0.944
0.564
2.94
0.12
3.54
0.356
2.3
1.324
9.772
5.408
0.568
0.584
2.708
1.652
10.284
2.512
4.964
10.32
8.752
1.66
1.304
2.544
1.956
3.156
1.592
5.684
1.908
3.284
0.816
0.152
1.996
2.012
2.332
0.18
1.184
2.88
0.164
7.668
0.84
2.444
0.704
2.228
3.112
1.524
0.264
0.516
3.636
2.144
0.3
0.544
7.908
5.54
1.26
0.736
2.444
0.812
6.284
7.48
1.092
7.208
2.748
3.736
6.012
0.644
0.936
0.56
0.804
5.064
1.18
1.044
4.312
0.516
0.9
3.008
6.512
2.216
1.156
6.668
1.204
6.296
0.352
0.18
2.236
9.312
3.564
1.1
1.24
2.872
2.576
1.12
1.352
2.156
3.308
4.356
4.34
3.46
1.924
0.744
7.276
0.42
7.852
0.376
0.408
9.832
6.82
0.324
6.516
0.968
0.532
6.716
5.02
10.404
1.588
2.648
5.152
0.844
0.144
0.384
2.436
0.832
4.276
1.368
7.984
4.076
3.108
0.728
2.084
5.872
0.616
2.564
2.5
0.248
1.548
3.94
5.7
5.412
0.472
2.964
0.568
1.004
0.784
0.736
1.376
1.16
0.336
0.748
2.216
0.712
4.332
2.82
3.196
9.408
0.44
0.216
6.06
1.604
1.3
0.5
2.432
1.568
0.512
2.196
0.936
2.036
10.336
1.132
1.268
0.352
0.376
10.544
4.1
3.332
0.128
0.528
3.9
0.148
3.084
1.988
0.224
0.904
3.696
0.332
10.56
6.932
3.7
0.54
1.692
0.168
0.3
6.872
6.256
0.72
2.276
1.648
4.748
0.472
3.14
2.052
4.176
0.12
0.856
3.596
1.092
3.48
1.252
9.848
0.348
11.048
1.272
5.764
3.396
3.004
4.616
0.332
2.9
0.92
1.408
2.32
1.712
4.776
2.132
0.252
4.06
1.764
2.536
4.456
0.244
7.812
2.284
1.972
9.416
3.448
2.032
0.792
1.004
6.216
10.548
5.384
3.832
6.528
2.408
3.98
0.456
1.644
1.192
1.32
5.404
7.256
3.624
2.604
1.256
0.276
0.18
0.468
2.14
1.444
0.832
0.284
0.632
0.312
3.124
1.536
5.372
1.836
1.552
0.096
5.056
1.68
3.644
1.372
1.82
3.812
9.792
0.216
0.976
1.052
2.232
0.572
0.108
1.372
8.464
3.172
8.412
2.488
2.804
2.424
0.68
1.888
3.852
2.548
0.224
0.872
2.172
9.188
2.976
0.188
2.72
0.272
2.016
1.664
1.852
0.188
3.808
0.26
2.908
1.968
0.152
0.272
2.468
1.24
3.844
0.136
1.196
2.64
1.232
2.724
0.504
5.072
1.76
2.548
4.86
0.656
1.376
3.572
6.78
1.496
2.384
1.808
5.496
1.768
0.896
0.38
3.488
4.596
1.168
0.52
3.52
7.3
1.264
1.304
7.976
0.116
0.124
2.22
0.784
1.372
3.556
2.356
0.76
4.724
2.012
2.36
0.144
0.196
1.212
1.2
5.896
8.216
0.448
0.736
1.044
1.992
0.208
9.064
3.832
0.184
3.22
3.564
0.192
9.384
9.508
0.184
1.976
2.768
1.496
4.992
8.996
5.096
0.924
0.368
7.9
1.868
1.888
1.02
1.196
2.588
3.388
7.888
5.248
0.156
0.604
3.504
3.3
0.812
1.272
0.516
0.416
1.024
1.228
0.372
1.272
2.616
2.824
1.096
2.272
1.028
1.86
7.524
2.844
6.572
0.192
4.672
0.32
0.224
2.244
0.204
3.736
1.152
5.408
3.488
4.0
2.184
5.784
4.912
3.152
5.852
1.516
0.328
0.464
8.796
4.892
2.464
0.208
6.448
1.184
4.4
6.488
6.968
6.068
0.964
0.784
1.18
1.864
0.924
0.176
9.412
2.616
10.676
2.632
7.008
0.64
2.92
0.272
4.084
2.392
0.612
1.22
4.716
0.684
4.088
0.456
4.74
7.928
0.216
2.096
0.244
0.792
7.144
1.74
0.472
10.828
7.772
0.272
7.908
2.248
0.508
2.94
3.996
3.652
1.812
0.452
2.652
1.504
3.288
1.484
1.016
0.632
1.224
0.356
1.064
4.652
0.228
3.62
6.104
1.48
0.224
11.056
1.144
0.768
1.36
0.884
1.088
0.712
0.936
0.284
1.264
1.904
2.016
7.552
1.548
0.216
0.192
1.104
5.78
5.7
5.004
2.12
5.68
1.072
3.448
0.888
0.78
0.484
3.644
0.896
1.308
3.14
2.1
0.624
8.892
5.376
1.556
1.468
0.152
2.452
0.452
5.852
1.736
0.52
0.488
0.372
3.456
0.672
1.176
0.392
0.824
0.492
1.788
0.196
3.748
4.364
3.964
0.804
0.176
2.552
5.052
4.328
1.9
2.364
4.184
8.208
0.388
2.28
0.716
0.748
1.572
1.98
4.368
3.376
1.292
7.168
7.284
2.288
4.36
6.88
2.772
0.336
0.776
4.84
0.736
2.056
1.272
2.184
8.144
0.736
3.236
8.24
0.64
1.48
1.152
0.612
0.624
1.984
1.352
3.184
1.656
8.668
1.38
1.968
2.284
1.508
6.976
4.172
4.42
4.52
1.828
1.14
1.992
0.164
0.272
0.792
4.672
4.556
2.1
1.384
0.988
0.972
1.088
0.904
5.56
0.976
0.288
0.704
1.396
0.88
0.972
4.22
0.584
1.504
0.764
0.928
1.248
4.368
0.216
8.564
4.16
10.016
0.42
1.724
1.7
0.208
9.908
2.796
6.072
0.132
0.176
0.268
0.22
5.08
0.6
5.348
5.848
4.412
4.904
3.38
3.212
2.852
1.788
0.116
1.12
4.396
1.444
0.644
6.572
6.8
1.724
2.66
0.712
3.732
1.624
0.452
0.536
1.88
7.124
1.44
1.524
6.564
0.696
0.508
2.22
2.12
0.344
1.492
0.208
3.956
7.164
3.388
0.128
9.352
1.28
8.208
3.24
2.392
5.256
5.28
5.368
2.12
3.62
2.616
1.576
0.628
0.928
1.788
1.364
4.592
3.288
6.036
6.992
1.312
0.54
4.308
2.312
3.264
1.692
0.264
1.512
2.4
5.392
1.356
3.944
0.9
3.552
0.392
0.248
2.8
2.464
1.24
0.42
0.504
0.188
0.208
0.248
0.196
0.332
2.232
0.24
0.58
0.836
0.208
0.216
3.76
3.396
0.228
2.424
2.344
2.732
2.172
0.408
3.012
0.236
0.596
7.38
7.144
0.64
0.192
9.192
0.752
1.176
2.232
4.344
1.336
2.448
10.596
0.532
2.736
1.056
0.524
2.096
6.808
0.132
3.312
2.564
7.14
0.648
2.184
5.596
3.236
2.456
1.988
9.88
1.624
0.404
0.248
0.128
5.456
0.4
0.64
7.376
2.12
1.912
2.76
5.376
1.728
2.88
10.156
1.176
0.72
1.708
0.6
0.768
2.668
0.94
6.16
2.256
1.784
0.996
3.376
2.112
3.48
1.708
2.632
0.16
1.656
3.736
0.576
2.424
0.568
2.848
0.716
5.312
1.004
0.316
0.564
5.624
7.004
1.372
0.632
8.18
0.308
1.028
1.288
0.42
0.628
0.376
4.512
0.26
1.844
4.98
9.632
0.376
2.248
0.624
2.616
3.188
0.648
1.92
4.796
0.72
2.592
1.08
2.096
0.436
2.096
3.244
1.788
6.268
1.34
1.424
1.684
0.188
1.88
6.316
7.548
4.32
1.452
0.272
1.084
0.128
2.16
1.684
2.376
2.9
1.92
1.06
3.9
4.324
2.428
0.624
0.72
1.22
0.156
5.176
6.656
0.936
0.74
0.232
1.716
1.596
0.264
0.948
7.584
0.22
1.296
5.94
3.128
0.964
0.728
0.176
4.112
3.384
0.256
1.564
6.576
4.704
9.052
1.076
0.684
0.268
2.688
2.612
6.56
1.768
0.844
0.464
1.212
2.696
9.104
2.88
1.08
1.28
5.336
7.992
0.692
1.552
3.848
8.408
2.1
0.624
0.228
7.876
0.468
0.28
0.224
1.976
0.72
4.496
3.332
3.396
4.572
1.368
0.212
3.912
1.772
0.532
2.352
2.552
1.896
2.864
1.004
1.004
5.236
1.052
0.468
0.276
2.992
0.264
6.492
0.3
2.604
6.24
0.26
0.816
0.58
1.216
0.188
2.156
5.004
0.908
2.216
0.172
1.988
9.028
2.688
3.728
1.62
3.58
1.812
1.584
2.984
3.728
6.976
3.676
3.672
3.376
0.276
4.564
5.932
2.256
0.116
1.028
1.368
0.58
1.448
1.524
2.176
1.328
1.936
0.392
1.328
1.032
5.668
5.344
2.42
1.18
0.504
0.972
1.42
0.776
9.112
0.344
2.272
0.424
2.632
0.464
9.996
0.58
0.644
0.284
2.844
0.644
1.164
2.876
1.924
2.308
1.124
0.896
1.472
4.032
0.164
0.716
2.044
3.912
6.44
5.372
0.96
3.004
1.184
4.188
1.48
4.636
1.36
0.156
3.044
1.032
1.56
0.212
5.14
11.04
3.072
2.672
1.864
0.2
2.504
0.692
0.208
2.864
5.772
2.18
8.16
0.336
1.976
0.16
3.044
0.936
3.46
1.692
2.472
0.456
3.848
1.772
1.068
1.74
4.084
7.98
0.192
3.052
3.82
1.552
3.204
1.8
0.1
2.184
1.916
8.348
7.572
1.284
0.988
2.252
1.36
2.436
3.56
0.944
2.3
1.34
5.244
1.46
1.176
0.216
8.132
0.196
1.608
1.256
10.956
2.42
2.976
1.952
0.432
1.228
1.04
9.736
0.188
1.332
2.24
2.168
4.164
3.392
3.104
1.096
10.972
1.704
0.536
0.304
0.884
0.724
4.396
0.844
3.12
6.34
1.588
0.152
2.292
1.6
0.12
0.544
6.492
8.264
2.608
1.932
0.544
2.348
4.064
1.816
0.204
8.28
6.356
0.96
1.232
3.188
0.596
1.3
3.572
1.14
1.664
0.468
8.464
2.46
1.048
0.324
3.196
2.612
1.068
2.544
0.096
4.596
0.696
0.232
3.22
1.064
1.192
2.756
1.492
3.424
5.9
4.096
2.384
9.548
2.64
0.228
6.532
4.396
0.54
5.968
1.28
0.268
3.152
2.576
0.94
0.212
2.984
4.168
10.984
8.6
9.28
3.324
2.896
0.72
3.74
4.148
2.436
0.176
9.056
4.0
5.156
4.976
0.832
1.2
0.504
8.876
1.512
2.176
1.604
1.152
0.24
1.076
0.196
1.34
6.484
3.132
0.364
2.844
6.532
2.52
0.568
0.316
6.108
1.76
6.988
3.824
0.484
1.852
3.944
0.448
2.628
2.84
0.808
3.884
0.524
0.808
9.256
3.416
3.84
0.848
10.728
0.524
1.836
3.144
4.792
1.976
2.664
1.348
0.22
0.264
1.016
3.052
1.676
8.208
0.216
0.188
0.18
1.556
6.44
0.884
0.324
0.468
1.684
1.196
4.492
0.216
3.156
2.84
2.532
2.344
1.012
3.744
5.624
4.26
0.256
3.348
2.512
0.544
1.508
9.892
1.312
4.424
1.376
0.344
3.168
10.088
7.228
5.352
0.784
1.716
0.564
1.204
1.656
1.056
0.144
10.472
0.764
0.28
0.456
10.132
0.908
2.632
6.948
1.412
4.384
0.316
3.808
0.224
6.132
0.184
3.968
4.056
2.904
1.1
0.432
2.328
0.228
0.868
1.672
0.932
10.04
0.204
7.916
1.796
1.156
0.908
0.72
4.164
0.972
1.74
1.14
0.612
5.524
1.66
0.692
0.768
0.248
0.92
7.34
0.584
5.424
4.592
1.336
1.688
0.28
3.444
3.824
0.148
1.616
1.912
0.652
4.292
1.04
0.288
3.496
2.636
0.756
0.62
1.508
4.448
0.372
3.764
0.92
3.412
3.228
0.152
1.156
10.728
0.484
0.748
0.468
0.924
0.76
3.476
1.024
6.04
0.12
4.38
0.408
1.86
0.176
4.2
0.268
0.716
7.66
0.836
3.348
1.444
4.776
0.284
0.812
4.196
4.82
0.228
10.588
5.852
3.032
0.576
3.328
0.32
3.816
3.492
1.392
1.612
0.588
0.224
8.116
1.428
0.192
4.092
0.36
0.952
2.548
0.292
0.58
1.24
2.188
4.28
2.772
3.4
1.94
6.34
1.248
0.192
2.272
1.4
0.256
1.32
0.928
1.312
0.292
5.0
2.284
0.476
0.268
0.72
2.608
2.476
0.54
0.816
2.52
1.276
5.388
0.884
1.612
1.744
7.124
0.416
0.512
1.204
4.34
0.204
2.84
1.092
4.608
2.14
3.016
3.296
4.504
0.256
0.268
1.012
0.924
2.796
0.168
0.392
0.192
2.492
2.132
1.312
4.848
0.972
2.152
0.768
0.536
0.296
0.304
1.404
1.728
5.72
0.132
2.168
4.224
0.2
4.148
1.272
0.68
4.12
1.94
2.208
4.568
3.692
3.756
0.272
3.004
0.896
7.6
1.16
1.908
1.168
0.204
1.684
0.14
3.324
2.236
4.668
0.244
1.484
0.272
2.6
0.996
11.0
1.16
1.108
0.436
0.264
1.648
0.288
4.092
1.212
1.276
0.276
0.76
3.34
9.84
0.336
6.516
10.292
0.344
6.176
3.968
0.672
3.532
4.64
3.244
8.38
0.172
0.144
9.508
0.896
2.224
0.24
5.348
5.376
0.556
1.124
0.424
1.084
1.048
0.212
0.328
4.584
3.76
0.692
1.896
9.756
10.108
2.036
0.548
1.492
3.4
2.944
2.4
2.712
2.24
2.52
0.176
0.424
1.424
5.132
3.752
0.628
1.072
0.644
1.764
0.94
2.456
3.792
2.532
1.876
0.28
0.132
1.036
0.8
0.228
1.636
10.248
0.636
3.468
1.276
0.324
0.164
2.788
3.752
1.648
3.816
2.86
0.936
0.388
0.904
1.832
0.324
1.304
2.528
1.092
0.2
1.132
3.004
3.008
2.048
4.544
11.092
0.096
2.912
1.232
1.68
10.7
2.68
0.76
3.92
1.352
0.92
6.784
1.196
2.236
4.776
5.72
2.54
7.856
10.168
2.476
0.604
8.16
0.98
3.756
2.224
0.556
0.304
5.476
2.644
0.468
6.404
4.412
4.128
5.052
3.956
2.776
0.264
0.312
0.356
1.396
8.812
2.468
0.332
4.032
0.952
1.112
5.212
0.608
0.596
0.516
6.036
0.328
0.832
0.884
0.824
1.308
1.428
0.876
0.624
1.98
2.02
3.184
2.536
2.48
3.144
3.856
0.744
1.64
0.208
0.576
0.844
0.8
0.544
3.352
0.796
2.86
9.028
0.204
1.092
1.192
0.24
0.108
1.712
0.836
1.5
2.676
0.368
0.456
2.724
0.452
6.136
4.236
0.552
6.76
0.28
0.296
4.164
3.016
2.568
7.684
1.12
4.544
2.56
4.88
1.988
0.316
4.728
5.672
1.568
0.32
0.424
3.392
0.6
1.452
0.416
0.652
5.544
3.044
5.54
0.616
2.624
1.4
1.188
1.276
8.604
0.32
0.16
5.772
0.72
2.748
2.156
0.2
2.516
0.792
0.484
2.98
1.088
4.008
0.612
6.976
0.908
3.26
0.404
2.64
0.736
1.296
1.02
1.056
5.372
1.084
4.444
0.476
2.272
0.216
1.304
0.608
3.064
0.82
0.4
0.708
0.824
10.124
0.836
0.776
0.864
0.288
10.54
1.936
1.04
2.62
9.612
2.492
0.124
1.408
5.492
4.456
0.428
0.372
10.636
7.512
1.796
2.832
2.112
6.392
0.152
1.52
0.716
1.316
2.308
1.824
1.232
0.448
0.652
8.512
10.432
3.036
4.136
1.128
1.544
0.204
1.268
0.228
4.516
0.26
3.06
0.132
2.364
1.668
1.016
0.376
8.196
2.904
1.324
0.74
3.736
0.188
0.452
1.548
0.104
1.568
2.384
0.264
0.416
1.32
0.756
0.264
0.108
3.796
2.744
5.02
5.828
0.192
2.02
1.736
2.928
3.904
5.688
0.804
5.316
1.544
6.616
0.224
0.308
0.832
0.516
0.584
6.056
1.38
0.336
2.104
0.26
2.176
0.508
0.832
1.32
5.472
1.34
3.628
1.552
3.204
1.94
0.232
9.728
0.24
8.64
3.048
2.072
0.264
1.156
7.232
4.312
1.344
8.108
0.412
1.08
3.26
1.172
0.556
10.516
5.256
3.456
0.588
0.764
5.136
2.376
9.996
10.004
0.596
0.26
0.732
1.672
2.548
0.192
0.452
1.94
0.256
2.484
2.688
4.944
2.18
0.228
4.552
0.192
3.576
0.204
4.04
1.084
1.164
0.256
0.892
1.008
1.076
0.808
0.244
2.72
1.932
0.256
1.54
0.192
1.196
0.22
2.94
0.252
0.104
1.936
6.412
6.652
0.292
7.452
0.48
7.176
1.232
9.44
7.476
3.08
0.516
1.768
2.4
2.736
0.248
1.692
5.38
0.4
1.148
0.692
6.544
10.808
1.584
0.108
0.536
1.552
2.9
2.828
0.464
3.056
2.004
6.372
0.368
1.592
3.432
1.912
6.992
1.468
8.176
2.38
0.388
10.624
4.528
3.096
0.284
2.04
1.856
0.612
0.708
0.528
6.148
2.36
0.476
1.176
0.128
0.98
0.972
4.264
0.452
0.236
2.592
1.148
5.168
5.412
4.12
0.7
3.188
1.576
2.924
2.22
1.104
1.508
6.52
0.924
1.924
1.24
4.916
1.976
0.28
0.768
1.084
0.2
0.744
0.144
0.164
0.632
0.436
2.692
0.824
4.288
2.56
2.64
0.248
2.716
1.808
0.104
4.02
1.988
0.472
1.56
9.168
3.376
3.392
2.596
0.824
0.612
0.204
3.36
2.624
0.636
2.88
5.344
6.508
0.644
0.296
0.62
3.276
1.084
3.264
0.3
0.66
0.356
5.676
0.5
1.688
0.24
0.26
3.328
0.932
1.496
1.352
0.544
10.38
0.7
5.044
2.24
3.484
10.62
3.408
10.332
0.484
2.152
4.988
9.76
0.908
1.116
6.956
0.264
1.18
3.32
3.94
0.136
4.556
0.144
0.268
2.904
4.408
0.936
1.704
4.06
0.512
0.824
0.3
0.5
3.76
4.976
2.792
0.872
2.62
2.208
2.124
6.924
6.056
4.336
0.12
1.38
0.112
1.228
4.024
1.292
3.096
0.628
1.248
1.58
3.28
1.62
9.244
0.956
0.24
0.92
9.652
1.224
0.292
1.24
2.46
5.74
6.5
7.448
4.036
6.012
4.02
1.712
3.192
3.664
2.66
5.62
6.584
0.248
1.612
10.752
0.268
2.408
0.616
1.368
1.1
1.784
2.828
1.0
0.584
2.152
1.6
5.02
0.492
3.688
0.116
9.56
1.584
0.696
1.708
0.436
6.452
1.032
3.196
3.264
0.484
3.548
5.464
0.288
3.152
1.712
4.692
0.804
0.62
0.544
0.108
0.168
0.132
0.348
1.316
1.6
0.264
3.072
1.584
0.22
9.056
6.072
1.912
3.284
7.852
2.072
6.124
2.288
0.324
0.68
0.308
7.22
0.932
1.108
0.26
1.024
0.304
0.096
1.992
0.192
3.224
10.092
0.372
5.008
4.076
0.464
1.656
5.744
0.704
8.36
0.352
0.796
0.992
0.404
6.004
0.928
0.168
1.136
1.848
1.672
2.056
1.128
8.748
10.708
4.512
0.968
7.18
3.56
4.048
0.272
1.672
4.984
9.412
0.4
8.78
1.336
0.708
0.988
0.86
0.26
1.192
0.824
2.0
0.696
2.368
0.736
0.82
9.552
3.964
1.216
0.204
0.92
3.544
1.332
2.68
0.956
1.436
2.364
1.624
0.204
0.504
0.74
3.296
8.712
3.156
0.204
0.612
4.48
4.156
0.188
6.472
5.864
3.04
1.384
3.292
2.804
0.192
2.46
3.588
2.384
3.624
4.404
6.896
3.272
5.688
0.216
3.788
0.284
6.424
3.296
0.472
1.832
10.164
0.812
2.728
0.696
2.124
1.224
6.576
0.24
0.808
3.396
0.412
5.54
1.58
1.548
1.02
0.224
2.296
0.604
1.508
5.72
0.5
0.428
1.748
4.58
0.256
4.072
2.76
5.456
3.596
0.492
3.308
3.884
1.468
1.308
4.956
4.248
3.148
2.324
0.556
0.392
1.348
2.476
0.952
4.936
2.592
0.34
0.42
7.724
1.692
2.308
0.548
1.184
6.532
0.416
2.904
0.764
4.504
1.524
5.932
3.328
4.016
1.0
2.74
3.324
4.424
0.48
2.128
2.06
6.568
0.26
4.088
9.044
0.428
0.5
5.384
3.172
4.408
1.1
1.308
2.444
10.332
0.972
0.6
3.532
0.952
0.672
4.624
6.004
3.948
0.164
3.832
0.256
1.26
5.1
7.42
0.368
2.14
9.636
4.784
0.24
3.06
5.012
0.196
0.164
0.912
8.004
1.452
0.792
4.912
3.896
3.268
3.624
0.792
1.776
2.928
3.772
4.676
5.568
2.836
1.204
3.976
2.448
3.088
0.348
1.252
0.752
0.68
8.516
1.268
0.8
2.128
0.676
0.536
9.052
0.568
1.496
1.94
5.056
2.436
0.292
0.772
1.632
7.256
0.528
0.144
2.448
1.224
7.356
9.92
0.424
0.18
2.924
5.328
1.676
6.604
3.792
2.08
1.872
1.552
3.044
0.636
0.632
0.316
9.792
1.46
0.204
7.236
0.548
1.776
0.228
3.22
0.54
1.536
1.624
10.18
0.696
6.38
2.844
7.112
1.172
3.82
1.26
0.832
3.372
1.036
8.008
0.4
0.752
2.108
3.204
1.992
2.344
0.756
0.196
0.412
2.072
9.168
1.372
0.68
2.772
1.16
2.936
8.256
1.688
0.848
0.588
0.46
0.82
2.592
0.444
1.112
2.08
0.328
1.46
2.004
2.188
1.436
0.42
8.22
2.556
0.5
0.196
2.86
1.928
0.504
10.684
4.212
2.264
7.772
2.512
1.664
0.856
1.584
1.388
0.176
5.536
3.5
0.964
0.204
0.568
0.24
0.42
0.58
1.964
1.112
0.544
1.964
3.728
0.4
2.008
2.62
0.484
0.604
3.76
0.976
4.684
2.268
0.44
0.844
2.368
1.412
3.488
3.008
8.488
0.184
1.196
3.94
0.8
2.644
1.888
5.012
1.272
1.148
4.568
4.428
1.04
0.112
1.708
8.124
3.776
4.444
7.06
0.216
0.184
1.292
2.46
3.032
0.104
0.816
0.352
3.5
3.492
1.128
0.256
0.132
1.612
0.656
1.908
3.36
1.292
1.96
0.2
1.268
0.476
9.204
3.248
0.828
2.096
4.688
3.292
0.876
1.408
3.892
0.336
5.768
5.624
1.02
0.164
2.328
2.56
0.92
0.364
0.296
0.208
5.128
1.328
2.148
0.964
2.032
2.444
3.472
3.164
2.088
4.784
3.104
0.356
0.904
1.884
4.02
0.96
2.352
4.82
0.788
0.784
10.912
0.216
9.584
0.996
9.34
7.492
3.336
1.576
0.972
2.1
9.912
0.24
0.492
0.596
6.1
1.068
0.428
0.912
1.264
0.348
0.76
11.1
2.444
0.54
0.66
0.184
2.796
1.96
9.928
7.424
5.956
0.464
9.144
3.728
0.364
0.46
3.952
5.872
0.872
7.376
1.016
4.92
7.376
0.432
4.568
0.296
3.424
1.14
0.292
0.332
2.924
0.82
2.34
3.868
0.34
0.312
4.572
0.292
2.68
1.092
0.352
0.624
0.144
4.404
5.632
0.488
0.164
0.14
0.78
0.732
7.928
0.776
5.024
0.508
10.032
2.032
6.452
4.06
4.128
2.02
2.48
2.64
0.872
2.784
5.376
0.936
0.292
1.36
2.092
0.1
0.504
4.456
2.304
0.3
2.712
2.164
2.16
1.56
1.964
1.86
0.476
0.784
0.612
2.468
0.216
2.808
1.5
1.632
2.624
0.528
0.212
0.332
2.804
0.284
7.0
3.076
0.264
1.64
0.94
0.232
7.364
8.02
3.488
2.004
2.076
0.196
9.664
0.468
1.968
0.56
4.664
5.928
0.26
1.344
0.264
2.504
0.736
9.932
6.96
0.112
1.844
2.228
1.976
1.28
2.428
0.528
0.992
0.26
4.232
5.104
1.308
0.72
1.596
1.86
0.576
7.12
3.104
1.248
1.216
4.756
0.5
5.524
4.652
3.296
2.432
5.404
0.572
6.08
7.344
7.796
5.216
4.272
0.236
0.332
2.576
0.48
3.368
0.272
0.568
1.016
0.456
4.156
5.98
2.664
1.16
2.34
2.56
2.628
0.256
1.584
2.616
0.264
8.132
0.264
1.12
2.256
0.192
2.06
0.256
1.512
0.22
0.292
9.496
9.24
0.624
0.196
3.076
11.0
7.2
1.472
0.664
0.216
0.216
1.624
4.448
2.248
0.592
7.824
0.276
1.128
2.096
1.836
0.196
0.896
1.328
1.148
0.668
1.776
0.24
2.58
5.14
10.416
5.908
0.4
1.068
2.092
4.552
9.336
0.228
1.692
0.128
1.404
2.028
1.668
0.288
0.66
2.308
4.608
1.292
0.132
2.5
1.936
1.132
1.928
1.416
2.22
0.724
0.264
0.36
1.412
0.36
1.672
0.272
4.476
4.72
0.824
1.908
0.768
3.968
2.972
7.976
1.572
2.352
0.952
5.712
0.376
4.704
1.26
0.268
1.108
3.744
1.556
1.264
0.812
7.796
1.672
0.16
1.728
0.32
0.464
3.168
3.212
7.488
0.436
0.26
1.588
1.144
2.488
2.768
0.868
1.776
1.524
3.504
5.212
0.456
1.548
0.272
7.94
8.132
10.46
2.596
1.896
4.028
7.24
8.82
0.564
1.22
0.164
7.028
0.428
2.78
4.328
2.66
1.496
0.156
1.228
6.648
1.388
2.3
0.972
9.172
0.892
4.016
0.588
0.308
0.428
3.044
0.86
0.16
0.604
0.216
0.316
1.452
1.272
3.716
0.268
0.716
0.196
6.348
2.096
0.656
0.392
3.072
2.992
0.132
7.716
1.792
2.148
0.476
5.316
2.196
6.2
5.344
0.34
2.608
2.732
6.808
0.82
1.828
2.392
4.256
2.464
1.82
1.3
3.72
4.34
1.404
0.548
0.472
10.304
0.8
3.18
10.62
0.3
2.636
1.22
3.336
2.3
0.248
5.452
0.28
1.164
1.964
2.36
6.632
1.936
0.184
2.376
1.2
1.816
5.292
2.708
2.516
0.604
1.096
4.732
1.452
1.172
1.356
1.104
0.708
7.676
0.2
5.868
1.776
8.856
3.688
2.16
2.592
5.68
2.864
0.116
9.476
0.912
1.52
4.86
0.368
0.26
0.332
1.748
2.612
0.268
1.364
1.604
0.416
0.48
1.232
0.76
0.196
5.48
3.14
1.68
9.168
0.476
8.888
0.576
1.036
0.22
8.532
1.628
4.26
0.464
4.68
2.176
1.268
10.104
2.904
4.536
1.28
0.968
0.796
1.464
1.44
4.352
0.176
1.324
7.172
1.148
0.72
0.52
5.42
6.944
3.992
2.364
2.2
11.112
1.0
0.192
0.332
0.388
1.4
0.928
3.052
0.748
0.688
4.012
8.168
8.788
1.152
0.936
1.504
6.7
1.648
2.272
10.868
3.164
4.288
0.128
0.216
0.192
0.456
8.664
0.552
0.152
2.76
8.952
7.252
2.72
4.56
1.376
1.368
2.44
8.124
4.668
6.212
0.212
3.504
6.804
1.66
0.188
0.748
1.528
1.608
0.772
4.168
2.212
2.756
0.532
0.804
8.772
0.14
9.756
0.42
2.456
0.76
7.072
5.312
0.188
4.092
5.036
8.58
3.292
0.156
0.184
1.024
0.58
1.416
0.62
1.756
0.248
3.028
0.184
0.204
3.12
2.104
1.652
0.796
0.168
0.876
1.176
0.428
3.284
1.0
1.568
0.232
1.228
0.84
5.296
4.092
1.68
0.336
0.684
5.5
3.004
5.188
10.204
0.384
4.28
1.952
1.592
1.596
7.536
2.212
0.228
6.0
3.716
1.368
0.78
2.988
0.544
6.912
1.48
2.692
0.792
0.376
1.7
1.6
2.58
0.948
0.224
7.632
0.132
0.636
0.48
5.208
1.48
2.56
0.996
0.812
0.428
7.756
2.552
4.14
0.12
0.448
8.788
2.904
0.828
2.44
2.796
0.92
2.68
3.064
2.8
0.556
3.452
1.644
3.808
2.764
0.1
1.296
0.752
2.976
0.516
0.928
0.748
3.72
0.968
1.216
4.54
1.784
0.204
0.812
1.812
1.2
2.216
2.276
0.672
0.336
1.424
0.284
3.84
1.004
1.384
0.436
0.832
0.332
0.46
2.204
0.74
5.5
1.56
1.04
0.376
2.112
0.212
1.432
1.02
5.348
1.996
2.216
0.556
1.656
1.28
2.316
7.876
10.136
1.956
9.412
6.148
4.556
0.716
4.48
7.224
1.992
0.952
4.396
0.36
5.076
2.452
0.232
4.364
2.904
0.88
2.52
0.116
0.752
2.116
0.616
1.26
4.268
0.404
1.196
0.864
0.212
4.624
1.98
5.016
5.968
2.032
1.788
3.088
1.668
0.676
0.176
7.3
0.672
0.192
2.712
5.588
1.312
6.076
3.212
0.612
7.476
4.0
0.5
2.24
2.76
1.924
0.184
0.272
0.296
0.688
0.72
0.204
1.944
3.676
0.196
5.248
3.364
1.94
7.948
4.316
8.052
1.616
2.176
1.24
0.72
1.208
1.636
1.808
0.724
3.58
1.7
1.196
0.552
1.748
9.008
0.56
4.32
0.456
0.476
0.904
1.684
9.928
0.912
4.244
0.544
9.256
8.484
4.124
10.24
10.908
0.304
0.82
0.86
0.524
0.24
1.844
3.244
2.228
0.78
0.244
2.976
5.012
0.612
3.104
1.776
2.324
0.716
10.908
2.784
3.564
0.536
1.74
1.52
4.036
0.38
9.44
2.424
1.428
5.724
1.924
1.6
0.796
3.588
1.82
9.592
0.928
1.072
6.248
0.164
3.96
2.692
0.312
5.596
0.496
4.072
0.232
3.748
1.376
0.148
3.484
3.188
0.188
0.492
2.076
0.164
1.544
0.764
5.88
1.012
1.308
1.204
0.612
2.328
0.204
4.34
1.416
0.1
1.792
0.388
2.952
1.692
1.756
2.676
0.84
2.664
3.064
8.068
0.62
6.896
2.616
0.868
1.6
4.144
2.272
4.64
8.604
3.572
1.856
0.44
4.196
0.208
4.46
2.16
0.232
0.22
2.132
1.096
2.392
4.448
2.796
2.032
2.436
1.668
6.552
4.62
1.812
6.484
2.08
0.736
4.672
3.424
6.336
2.452
3.072
6.816
1.964
2.48
0.288
1.484
11.1
1.168
0.664
4.924
0.568
8.424
0.9
2.844
3.928
7.428
0.356
1.184
1.888
8.544
0.468
2.904
1.036
8.096
1.344
0.628
0.596
1.084
5.84
3.004
0.548
1.124
1.104
5.636
2.164
1.592
0.136
0.488
3.916
0.428
1.48
2.968
1.712
2.384
5.2
9.736
4.78
0.884
2.292
0.828
2.708
2.532
0.352
0.996
1.184
9.476
1.08
0.8
2.244
6.8
0.188
0.156
0.952
2.628
0.82
0.18
5.712
2.132
2.964
3.5
1.04
8.928
0.224
1.272
0.548
2.612
2.388
0.196
1.924
4.296
0.984
8.232
1.232
4.38
0.884
0.852
9.384
2.908
0.224
0.232
0.848
3.888
1.776
10.496
4.5
2.316
0.208
1.256
0.308
0.764
2.192
5.892
3.712
1.004
9.44
3.548
5.052
1.3
3.468
3.936
0.452
0.796
10.976
2.292
1.332
0.196
0.304
1.704
6.82
3.708
3.148
4.0
2.196
0.196
1.496
0.456
0.772
1.268
2.568
0.42
0.256
0.768
4.488
0.836
1.0
10.048
6.268
4.584
2.252
8.78
0.116
0.704
0.672
0.74
5.232
0.34
1.528
10.064
1.2
0.328
2.636
1.892
2.82
0.176
2.512
1.984
1.468
0.82
0.312
4.424
2.584
0.192
0.616
2.16
8.0
10.296
0.364
1.132
0.696
1.44
7.848
7.104
0.712
1.524
2.812
6.884
0.232
0.232
4.22
3.236
0.172
1.088
0.176
