9.048
5.64
8.572
7.36
6.828
1.692
2.972
7.676
3.856
3.224
4.548
2.416
0.788
7.536
8.928
1.332
0.952
2.128
2.036
1.276
0.628
8.164
1.656
4.784
2.016
3.82
0.84
1.26
3.2
2.356
1.116
4.388
0.988
6.352
0.404
6.7
0.356
3.06
6.908
3.856
4.336
0.612
11.016
5.244
4.136
3.576
2.76
1.528
5.856
4.08
4.524
0.48
0.904
7.264
4.884
3.648
2.336
2.592
5.548
7.648
1.48
9.156
3.296
10.884
1.416
0.264
3.384
0.248
0.796
7.18
2.24
1.728
9.96
2.524
3.304
7.208
5.3
2.208
9.864
5.6
3.048
10.74
6.396
2.208
8.072
0.356
0.564
0.164
1.112
0.44
0.296
1.788
1.64
4.08
0.556
2.476
0.56
2.392
1.844
1.28
5.456
5.952
5.176
3.292
0.792
2.548
1.4
3.176
1.768
3.492
3.44
8.412
0.676
1.184
3.064
1.468
5.616
8.496
0.22
0.532
0.396
1.628
3.804
9.912
9.488
2.0
0.832
3.984
4.352
1.72
0.824
0.336
5.236
2.848
5.344
2.696
7.448
10.96
1.152
1.424
1.3
1.732
1.936
3.984
5.768
4.956
5.572
5.472
1.664
3.032
1.74
9.892
1.148
0.308
2.864
3.684
4.064
3.788
9.62
1.928
4.228
0.192
1.396
3.176
7.216
5.62
0.324
0.376
0.968
5.308
4.416
8.776
1.3
6.444
9.444
1.696
5.58
5.0
3.54
3.552
1.616
0.3
3.412
5.908
0.732
5.176
2.908
2.972
1.748
1.608
1.704
0.812
0.924
0.924
0.664
7.916
8.332
1.556
3.108
8.508
4.14
1.024
5.944
7.756
0.568
1.312
4.112
1.772
0.636
1.22
6.012
5.212
2.728
10.8
0.436
0.396
6.164
2.808
3.792
0.412
2.196
2.108
2.708
5.896
2.804
1.592
7.44
8.56
1.684
0.636
3.636
3.868
10.6
0.176
2.872
7.368
2.152
4.812
0.884
1.388
2.288
0.412
2.972
1.108
5.828
8.96
3.812
9.396
8.364
9.404
3.952
0.812
0.348
2.356
1.436
8.572
9.288
7.808
3.608
7.048
5.42
2.592
3.764
5.116
7.992
8.184
5.312
2.152
8.376
0.74
0.728
1.776
1.476
4.368
1.072
2.48
3.36
1.428
8.088
7.516
3.444
10.384
0.392
0.656
4.696
2.024
3.96
0.688
10.332
3.148
7.1
10.404
3.564
7.652
7.004
1.124
4.604
1.644
0.296
2.756
1.22
4.092
1.832
1.244
1.208
9.768
10.204
0.148
3.696
9.1
1.908
2.708
9.404
0.88
0.22
10.412
4.892
3.648
0.824
0.944
7.024
8.108
1.64
2.632
0.852
3.496
3.44
1.436
5.792
2.632
1.256
5.236
5.64
3.732
4.32
0.648
10.08
9.872
1.3
0.64
10.644
1.444
2.432
4.316
7.308
3.012
5.004
3.576
2.672
8.508
0.796
0.916
8.824
0.464
3.888
1.272
1.36
1.304
4.272
2.128
1.58
0.8
3.508
1.268
1.136
4.144
1.836
2.248
8.868
5.872
10.628
4.492
1.212
1.616
4.016
1.364
8.408
10.08
0.324
2.396
3.752
0.82
0.484
5.092
10.524
7.492
9.996
1.548
0.816
1.496
3.116
0.536
3.232
2.02
2.112
4.704
1.164
9.964
7.436
7.516
2.424
1.248
6.22
3.528
1.28
1.348
0.576
2.032
3.164
1.8
1.716
1.328
1.528
10.008
4.4
4.596
8.032
0.584
0.364
2.072
5.132
5.832
10.516
1.088
3.844
10.244
3.524
10.16
5.536
0.332
1.04
2.404
1.54
8.284
8.48
2.124
9.724
3.116
0.756
7.696
1.044
1.408
0.48
1.172
3.56
4.288
3.752
1.684
6.772
10.264
7.12
1.82
4.092
9.016
0.604
1.32
10.136
0.904
1.416
0.376
0.94
10.568
2.824
3.388
2.936
2.924
0.984
1.724
1.472
6.828
10.38
6.104
4.568
1.588
6.648
0.384
4.992
1.484
1.668
0.408
0.664
5.352
8.432
8.448
10.272
4.892
1.404
3.964
6.816
0.98
1.956
6.672
0.404
2.932
1.692
1.44
1.12
0.252
9.02
3.38
3.444
9.628
10.112
7.228
5.388
4.836
4.912
7.756
9.264
4.668
4.892
9.064
0.788
10.676
1.492
0.348
4.46
8.376
0.512
1.3
9.668
4.984
4.292
0.86
0.636
0.552
3.284
1.56
2.888
0.288
10.348
1.576
0.188
9.0
1.92
4.404
1.148
5.408
3.372
1.808
3.948
6.492
1.336
8.26
5.096
0.924
9.864
6.236
8.624
9.912
0.316
9.332
0.728
5.872
5.756
4.604
6.848
5.148
1.364
1.72
1.248
7.372
5.972
7.748
7.236
1.648
5.304
8.0
1.12
7.112
4.592
1.24
1.2
0.936
6.448
3.212
0.628
0.568
2.792
10.3
7.808
1.252
3.672
1.408
10.616
6.144
6.944
9.088
2.104
1.756
4.676
8.848
0.688
0.636
5.024
10.596
0.164
7.492
9.944
1.212
1.82
10.592
6.804
0.956
3.936
1.564
10.448
0.768
7.764
8.596
0.532
0.916
4.468
0.756
0.82
0.74
5.6
1.824
9.304
6.904
3.024
3.164
0.148
0.912
0.236
7.244
5.484
9.056
0.76
3.988
0.768
1.944
2.036
3.084
0.664
5.636
7.964
4.332
2.924
3.464
1.38
6.568
2.836
5.452
10.372
3.412
9.42
2.504
7.696
4.148
0.9
0.576
1.444
10.088
5.512
5.648
0.88
1.656
1.732
9.5
3.364
4.384
10.42
8.868
5.82
6.14
5.672
1.128
1.36
6.38
0.948
4.636
6.144
0.456
5.464
0.312
6.516
2.812
7.448
7.508
1.072
0.52
3.992
6.36
0.9
0.34
11.004
1.588
10.86
0.864
3.272
7.388
0.744
9.144
8.72
6.748
2.732
4.64
10.704
1.448
10.912
1.928
4.652
0.232
0.996
10.644
5.472
5.352
7.088
0.388
0.188
10.52
1.348
4.812
0.308
5.032
2.616
0.16
1.38
5.784
1.412
4.212
2.884
6.292
1.3
5.88
7.464
4.036
4.692
0.372
4.532
3.98
1.308
3.852
0.172
1.344
1.852
6.94
2.024
8.028
6.196
0.66
9.848
2.796
7.832
2.132
2.864
4.904
7.3
4.064
3.32
1.712
4.4
1.7
0.272
0.86
0.244
6.956
10.212
0.88
0.264
5.544
1.56
0.44
0.308
0.868
1.008
4.56
5.436
1.012
0.432
6.72
5.188
8.12
1.664
1.196
3.232
2.272
5.56
1.4
1.276
7.092
0.444
6.112
0.752
3.064
2.604
2.392
1.196
5.808
0.876
5.152
8.284
3.836
0.604
1.116
9.532
5.908
0.9
11.016
3.608
0.8
1.388
4.628
6.292
0.78
2.464
9.252
3.148
8.392
0.884
3.844
0.268
3.12
0.452
2.636
3.152
3.064
3.328
7.492
0.408
1.1
6.368
3.184
6.6
9.808
4.984
0.768
5.412
2.204
7.996
9.756
10.64
1.608
7.86
2.688
10.772
0.372
2.952
1.132
7.56
0.324
0.384
9.04
0.756
7.916
0.432
0.96
7.712
3.66
2.364
0.996
3.492
3.812
0.68
4.164
3.82
0.148
9.396
6.988
0.504
0.808
2.284
4.172
1.888
0.668
1.584
1.7
2.328
8.56
0.328
3.868
0.668
3.172
1.612
2.532
2.524
1.32
0.856
1.604
1.512
7.264
10.908
3.504
3.568
6.84
8.656
0.148
8.472
3.132
9.784
8.92
0.548
1.964
0.188
5.808
6.112
2.328
2.68
9.132
3.584
0.376
2.256
6.852
11.112
4.076
3.608
9.128
0.304
3.432
3.232
4.668
1.22
10.62
1.584
3.432
7.568
10.472
1.512
7.272
5.46
4.7
0.668
2.124
10.208
9.22
8.48
0.312
6.268
9.66
5.084
1.244
4.24
9.68
0.168
2.008
0.308
2.744
0.916
6.824
6.812
4.516
1.152
4.624
1.7
0.636
0.536
3.1
3.624
3.592
0.472
7.032
1.356
6.868
2.256
2.824
2.752
1.636
1.02
2.512
0.964
4.524
0.464
6.972
6.048
8.504
1.784
4.308
1.18
1.26
2.648
4.028
1.092
8.184
1.792
1.388
2.432
1.316
8.836
1.82
0.332
4.004
3.348
1.716
0.608
4.236
2.644
4.388
0.772
0.884
1.396
7.004
2.108
0.848
9.436
8.788
6.7
9.12
1.348
5.908
2.7
3.724
0.364
7.16
2.392
2.536
2.216
0.776
7.276
0.44
2.928
1.008
8.684
4.78
1.34
2.588
7.588
4.04
2.088
4.144
1.968
6.764
7.752
1.76
11.032
9.344
0.512
0.94
2.032
0.224
0.736
10.656
3.44
1.872
2.072
2.292
2.268
6.108
2.964
3.664
0.152
6.3
0.464
2.024
0.84
0.312
8.868
2.328
8.3
3.124
6.3
2.356
5.592
8.744
6.34
10.3
4.012
2.416
8.864
1.58
6.012
1.384
1.208
2.38
1.616
0.588
8.816
8.56
11.044
6.468
2.008
6.268
2.028
0.368
0.556
3.76
2.216
4.584
2.776
1.324
4.012
3.26
8.392
9.756
1.876
0.652
0.66
1.476
0.244
0.684
0.856
10.872
5.756
9.924
4.12
0.656
10.5
8.336
4.928
11.112
8.5
5.224
1.228
2.252
1.556
1.256
9.904
2.86
0.232
1.46
0.356
0.588
0.58
10.564
7.656
2.06
2.332
7.944
4.312
6.464
3.368
5.148
1.184
9.924
7.728
1.02
2.228
3.732
9.672
1.68
0.188
1.5
2.648
6.236
8.788
2.812
6.704
0.428
1.36
9.472
9.24
8.008
3.468
2.868
4.356
6.072
2.504
2.584
1.216
10.824
2.276
8.684
0.772
0.812
9.568
2.544
3.204
3.024
9.748
3.328
2.552
0.96
0.32
10.46
6.196
0.86
0.704
2.592
6.54
5.452
2.92
2.448
0.452
4.12
8.92
0.456
1.048
7.016
3.112
2.464
0.708
2.496
0.652
4.628
1.64
0.364
2.392
4.312
8.984
8.984
3.048
2.252
10.36
4.12
9.744
0.956
8.564
4.552
0.48
4.904
0.296
4.508
4.468
0.552
11.124
2.46
6.048
1.156
6.6
4.388
1.216
2.6
0.692
5.472
1.096
5.092
10.316
5.392
0.248
1.344
10.1
7.272
0.228
4.452
0.728
0.804
0.544
9.608
2.448
2.132
4.312
8.86
0.684
6.54
10.124
1.592
9.768
0.188
0.656
7.856
1.532
5.656
5.504
0.892
1.74
9.824
1.88
1.104
3.116
0.772
1.992
2.464
5.988
0.82
9.308
7.184
0.848
5.52
1.152
2.34
0.812
0.156
0.328
10.472
4.496
3.216
9.104
1.916
5.34
1.828
3.764
2.3
1.348
7.068
0.768
2.08
3.804
10.068
8.264
2.724
1.384
10.26
10.648
8.992
1.868
0.38
7.524
10.252
4.24
3.812
1.996
0.832
2.892
2.68
1.3
0.904
7.056
6.656
6.22
1.62
10.42
3.732
0.38
10.024
0.664
8.876
0.368
3.004
1.188
2.36
0.528
5.464
0.668
2.544
4.536
0.832
9.408
2.08
1.144
2.072
5.188
1.36
0.54
3.036
1.128
4.204
10.928
2.76
0.644
0.544
2.524
0.572
4.62
1.468
2.2
3.432
5.376
1.608
2.668
1.096
4.544
2.836
1.096
5.256
6.204
9.996
2.132
7.248
4.756
1.096
7.448
0.38
2.492
1.488
2.184
7.248
8.98
2.484
0.848
0.868
0.536
1.2
0.94
0.244
0.916
10.428
3.636
5.212
0.496
1.82
0.692
5.116
0.232
8.976
4.064
2.764
0.548
10.136
1.06
3.54
0.696
0.832
1.764
10.624
2.564
5.968
4.056
9.484
2.412
1.98
1.628
10.14
4.064
0.172
4.976
5.928
1.564
5.812
0.2
1.868
3.06
1.748
5.34
0.744
0.392
0.48
0.684
5.108
4.876
3.66
10.416
0.784
4.1
6.76
6.976
7.452
5.752
3.716
3.42
1.248
1.064
0.416
5.632
6.7
1.428
9.252
3.076
6.864
5.432
4.128
3.744
5.472
3.984
1.696
2.996
8.224
2.66
1.536
1.484
1.996
0.692
0.688
1.504
10.248
3.184
2.384
6.708
9.28
9.92
4.012
0.632
3.58
0.652
1.856
0.46
5.64
2.712
0.484
1.696
3.556
6.548
6.04
1.412
2.68
1.108
2.596
1.328
9.428
1.36
3.508
4.744
9.652
1.96
10.856
1.028
0.776
3.076
7.904
2.196
5.512
0.388
2.18
4.176
6.6
0.816
4.508
4.34
5.52
10.104
0.288
9.956
5.052
1.076
0.432
10.468
9.436
4.288
3.456
1.572
8.36
0.756
1.8
2.036
4.108
0.292
0.468
6.164
5.92
9.732
1.164
7.184
0.552
0.292
2.044
7.424
5.864
1.136
1.372
0.704
2.1
3.512
1.52
0.392
1.424
2.408
7.324
10.876
4.468
4.904
2.748
0.636
0.352
0.32
4.868
2.22
3.396
0.376
9.844
8.664
0.944
1.1
1.488
8.636
0.584
2.988
5.068
2.764
4.22
1.352
2.32
2.056
2.6
0.724
5.94
1.664
7.36
10.684
0.992
1.092
10.704
3.68
0.372
8.428
2.836
0.156
6.444
10.884
5.464
2.868
10.084
1.092
8.704
4.36
1.096
6.552
2.044
0.848
2.756
2.516
2.564
3.832
7.352
7.156
1.156
2.576
3.948
5.908
4.108
4.144
1.936
1.616
0.444
3.016
5.316
0.504
7.308
5.092
6.64
3.208
5.472
7.132
5.96
0.844
5.952
3.068
0.736
1.988
5.348
0.156
0.916
2.068
8.776
4.048
4.98
0.972
9.948
3.652
0.588
0.68
1.696
9.164
0.284
0.684
6.64
0.392
3.016
6.168
1.584
1.064
0.876
1.532
4.252
8.624
2.46
4.168
3.7
6.552
1.392
1.856
4.072
1.86
4.932
5.024
2.836
6.516
5.844
1.02
9.32
7.404
1.556
5.676
6.3
0.924
2.236
0.62
3.308
1.804
7.388
2.344
4.124
0.144
6.088
0.436
2.26
10.728
5.232
10.908
4.22
6.576
4.08
2.44
6.792
8.844
1.676
1.504
2.68
1.268
1.68
4.244
7.492
7.204
1.192
2.312
5.192
4.352
4.064
5.868
10.236
9.896
1.424
10.464
2.396
3.588
2.992
1.608
2.972
0.356
4.436
5.64
0.964
3.984
3.976
1.608
8.096
8.884
1.54
3.752
7.292
1.14
3.04
4.656
3.072
0.236
5.16
0.56
2.56
8.628
0.912
9.376
0.664
3.54
1.908
4.392
8.156
3.24
2.416
8.26
1.96
5.308
1.676
2.192
0.656
1.224
0.596
1.32
4.8
5.34
6.692
8.66
6.456
2.028
0.44
9.024
2.232
1.98
3.188
2.312
2.308
6.54
8.54
9.444
1.624
2.276
10.08
0.228
5.16
0.812
6.132
0.348
0.632
0.16
0.864
5.568
1.056
0.252
1.1
9.74
4.836
0.392
1.14
1.268
1.688
0.872
0.58
0.22
2.12
5.136
4.428
5.084
0.472
7.928
3.08
0.8
0.536
3.884
3.98
11.008
0.576
0.512
2.092
9.648
2.088
2.872
7.004
1.428
3.072
1.152
3.328
1.856
4.984
1.344
5.068
6.196
0.272
5.692
5.064
3.3
1.508
6.524
1.004
3.164
10.256
4.28
1.46
1.664
5.172
2.14
7.152
1.876
2.296
1.308
0.832
2.8
1.552
0.364
3.576
7.408
9.656
5.656
4.936
1.412
2.884
10.796
2.292
0.936
5.736
0.788
2.892
0.228
6.004
5.508
7.696
9.424
7.024
1.504
4.152
0.576
9.092
5.112
3.524
8.864
0.584
3.668
5.472
7.32
7.164
1.656
0.3
11.036
10.684
6.676
1.488
7.232
0.456
1.724
2.544
0.308
0.304
7.284
3.084
0.22
4.472
0.812
5.532
5.532
0.696
1.864
5.584
5.512
2.224
7.608
7.476
1.072
5.348
0.644
1.692
7.972
1.44
6.292
7.516
3.94
1.184
0.6
2.028
0.22
5.796
3.292
6.792
3.844
1.168
4.344
6.476
4.896
2.008
5.388
2.196
1.116
3.272
10.688
10.8
0.684
3.264
2.808
2.184
7.764
10.3
5.86
2.48
3.852
0.42
1.448
10.86
8.736
2.58
0.776
0.992
3.964
3.828
0.724
2.128
1.604
2.18
0.996
5.104
0.752
3.764
2.452
10.976
3.632
2.944
5.54
0.46
6.928
0.144
1.508
0.248
8.28
0.988
1.384
10.408
4.912
4.512
5.368
1.356
1.656
1.436
6.096
1.984
5.168
10.028
3.476
0.144
3.616
2.044
8.984
1.492
3.512
2.216
4.932
6.32
1.512
5.728
3.96
11.048
4.312
1.108
0.524
2.492
4.132
1.632
6.584
3.332
2.852
6.14
1.808
8.728
1.568
10.24
1.76
0.38
2.684
1.676
0.404
0.344
3.452
0.556
5.988
3.844
2.356
7.852
3.94
6.048
2.94
1.528
1.248
1.604
0.76
0.932
1.52
0.928
1.032
4.028
5.868
3.468
2.376
1.652
0.464
0.924
10.2
1.564
5.032
1.888
1.16
3.736
2.664
9.08
8.492
8.42
7.2
1.228
0.58
1.788
5.672
4.444
1.3
3.52
0.648
10.316
6.564
2.764
1.008
5.452
4.664
4.468
2.896
1.644
5.224
0.732
2.708
3.36
1.608
2.564
5.364
2.216
1.196
6.936
0.628
3.592
2.212
0.352
0.304
0.46
5.472
9.584
5.44
1.968
6.648
1.684
8.82
7.292
1.436
9.808
1.684
4.424
7.792
1.34
0.304
5.724
0.86
0.764
7.132
4.844
0.736
5.884
3.396
5.08
8.604
9.74
7.444
2.144
1.936
0.388
3.768
4.772
0.372
3.764
6.552
1.008
0.856
1.224
2.276
3.092
2.264
7.512
0.984
4.588
6.608
0.972
1.008
0.512
1.38
2.044
6.52
0.892
1.128
0.236
0.812
3.576
4.332
3.416
3.932
8.952
4.152
3.328
10.356
1.248
1.376
1.16
7.292
9.748
2.16
4.224
2.952
1.98
6.504
7.636
2.368
0.5
5.98
3.112
1.38
0.388
4.152
5.864
2.576
9.184
6.944
3.928
1.344
9.032
3.08
2.212
4.04
0.748
3.78
1.44
1.824
0.352
0.152
1.832
0.644
9.148
2.728
3.18
9.272
3.064
0.232
7.628
6.344
0.832
2.14
1.144
6.796
5.256
1.108
0.512
2.828
5.816
4.008
7.316
2.116
1.872
1.796
5.704
0.448
5.696
0.612
10.516
0.612
7.536
2.212
5.816
0.488
2.52
1.924
0.92
1.04
10.596
4.784
7.1
9.728
2.132
9.376
10.504
4.96
9.964
11.02
8.868
2.724
5.484
1.828
5.872
5.764
0.372
1.56
9.18
9.06
10.464
0.572
0.68
2.168
10.924
5.276
1.256
6.62
1.772
0.268
3.256
5.152
8.196
4.788
9.652
2.824
0.408
6.74
1.212
4.564
8.924
0.964
3.56
4.056
0.828
9.52
0.476
1.304
2.124
7.948
0.712
1.384
8.936
9.532
10.512
6.14
6.768
0.336
2.372
3.512
1.768
1.292
5.576
2.236
8.636
7.096
7.492
8.572
0.592
2.324
3.948
0.612
1.724
0.884
3.116
8.04
5.968
0.42
5.768
0.348
5.116
0.508
5.184
3.508
3.824
3.488
0.336
6.7
2.344
10.128
4.452
4.984
3.312
3.276
8.7
4.224
5.248
0.604
0.448
1.08
0.548
2.188
2.008
0.692
3.736
4.404
1.228
0.272
7.656
8.56
5.128
3.484
3.332
1.436
2.964
0.496
1.016
0.404
2.28
5.772
2.72
7.352
9.1
4.72
1.772
3.188
6.148
1.084
