2.508
0.412
0.952
1.56
0.996
0.26
1.592
9.284
0.712
3.776
0.996
3.228
4.212
0.144
0.164
1.804
1.924
0.264
0.232
0.248
0.92
8.352
6.7
1.572
1.352
0.872
1.464
3.308
1.088
2.06
0.796
2.372
9.848
1.416
1.016
0.264
2.176
1.792
2.292
9.368
7.776
2.328
0.384
1.056
0.564
1.416
1.604
1.58
0.572
2.64
0.228
1.864
4.036
1.22
2.1
0.508
2.74
0.572
3.344
1.924
7.996
1.068
1.504
2.528
3.172
1.292
1.976
0.608
1.492
4.496
0.308
3.52
0.072
0.792
0.584
1.124
3.064
1.436
0.54
2.836
2.492
1.056
10.964
7.996
1.284
10.508
1.676
8.992
1.576
4.616
1.752
0.448
2.576
0.304
1.984
3.82
7.136
0.06
4.808
1.856
7.36
8.444
8.56
5.74
0.08
0.44
0.12
6.224
1.064
0.712
2.136
6.052
1.628
3.376
5.812
2.336
0.768
0.628
1.42
3.108
0.46
0.796
1.308
4.864
0.424
0.288
1.088
0.472
6.484
1.236
0.2
2.988
0.6
1.732
10.86
0.056
2.096
0.34
0.404
0.796
3.576
1.164
1.44
2.248
0.356
6.46
2.46
0.472
2.32
3.176
3.112
1.944
1.396
0.348
6.684
0.348
0.752
2.468
2.52
1.38
0.508
0.232
0.108
0.408
0.936
1.668
0.556
8.912
4.66
1.192
5.968
1.612
1.888
5.452
1.208
5.388
1.564
9.58
2.196
4.24
3.888
4.024
2.216
1.288
0.236
0.096
5.284
1.752
0.16
2.92
0.504
2.676
0.196
1.712
1.004
0.24
5.916
0.736
4.644
4.812
4.712
0.964
0.272
0.732
0.836
1.412
3.648
6.576
2.88
0.904
0.972
4.48
4.692
3.86
3.464
4.052
2.132
0.568
1.988
1.1
0.572
0.74
0.412
8.276
3.916
1.46
2.796
1.892
9.564
0.464
0.256
5.588
0.544
9.984
0.484
0.26
2.408
4.728
1.008
6.072
2.12
0.424
3.044
2.692
0.088
1.64
0.744
1.388
7.42
2.596
1.672
5.48
2.148
3.456
9.792
0.796
3.028
2.324
1.02
0.68
2.032
2.588
0.668
0.344
1.636
9.876
4.404
5.64
5.408
0.456
0.076
0.868
0.644
1.04
1.364
2.136
0.464
0.224
6.696
0.904
1.428
2.804
0.816
3.284
0.108
0.06
1.044
1.172
9.712
0.604
2.16
1.772
1.26
1.228
2.076
2.12
1.416
2.508
0.248
0.596
1.792
2.644
3.008
3.836
0.628
0.252
7.176
2.74
0.296
0.964
2.876
0.664
3.096
2.02
3.148
0.396
0.268
0.344
4.436
2.972
1.74
3.44
0.776
9.812
1.86
2.128
3.584
3.784
2.14
0.856
4.608
0.6
1.448
2.868
0.144
3.94
1.376
2.992
1.768
1.92
1.444
1.58
5.516
2.876
3.308
5.684
10.26
1.388
1.468
1.24
0.508
2.536
0.408
1.708
0.084
0.22
3.336
5.428
2.444
4.172
0.092
0.316
9.324
0.696
8.172
8.556
0.532
0.228
1.056
1.352
3.8
2.592
1.492
1.856
3.024
2.084
0.192
6.276
4.688
0.108
0.048
1.432
0.14
0.264
3.48
0.076
0.176
3.316
1.948
0.82
0.264
0.224
2.576
4.22
8.8
0.412
1.084
7.168
1.604
2.876
0.752
2.804
1.38
0.596
0.428
2.96
4.36
3.36
0.576
0.184
7.892
1.264
6.588
1.592
1.716
4.668
0.896
0.384
9.392
0.94
4.572
0.696
1.608
0.88
1.236
1.464
0.936
0.172
0.824
1.7
0.764
4.536
0.096
0.272
0.108
4.336
0.912
6.088
4.08
0.84
1.028
3.612
7.776
1.612
0.28
3.752
0.332
3.932
10.132
2.896
1.984
3.304
2.076
0.748
4.936
0.24
5.876
1.604
5.816
4.06
0.252
0.72
0.964
1.132
6.448
1.208
0.148
2.62
1.092
1.368
0.248
0.848
6.488
0.152
1.58
4.976
2.128
2.404
5.732
4.656
0.896
0.236
1.796
4.628
0.2
2.628
0.5
3.088
0.324
0.68
3.548
8.728
1.596
3.82
1.94
3.124
0.432
8.816
5.432
1.352
1.808
2.8
1.2
1.04
1.836
1.512
0.464
2.204
1.664
0.532
2.064
0.304
0.688
0.604
2.172
1.832
1.128
1.136
1.8
0.196
3.392
1.232
1.644
0.116
1.472
0.176
3.34
0.416
0.328
5.196
2.56
2.46
1.016
0.9
6.272
0.128
0.796
0.364
1.848
1.888
1.208
4.22
4.332
1.812
1.748
9.056
1.94
2.592
0.48
3.504
1.216
0.432
0.556
1.112
7.348
0.308
2.836
2.728
3.512
1.812
6.668
0.1
0.304
0.912
2.232
1.444
5.048
0.508
0.16
0.1
0.128
0.928
0.148
0.76
5.316
1.62
4.092
2.044
0.328
7.212
1.128
2.724
0.34
0.488
1.0
2.98
0.876
1.088
3.056
1.408
0.648
2.252
3.956
2.304
0.704
2.996
4.872
0.668
3.908
0.328
0.72
1.028
0.196
1.592
0.512
3.052
1.84
2.824
0.576
0.308
0.816
4.776
0.356
0.392
3.444
0.684
2.34
1.492
2.152
0.96
2.336
0.796
0.752
1.748
0.36
0.268
2.94
1.968
4.532
0.892
0.504
1.22
3.004
2.408
2.348
0.452
1.876
3.432
8.708
2.232
0.076
3.836
0.328
1.2
1.872
0.472
2.388
3.7
0.252
2.28
3.88
0.452
3.004
5.372
2.652
10.492
1.02
1.9
0.316
0.32
4.504
1.82
1.752
0.096
3.116
6.088
7.796
0.46
5.86
2.252
3.892
6.904
2.404
0.516
0.348
0.616
0.152
1.464
0.752
1.54
3.0
2.452
0.348
0.148
6.524
0.68
0.624
1.052
5.424
0.796
1.396
0.668
9.452
0.624
3.0
3.724
2.924
0.228
0.692
1.824
3.08
1.588
0.596
2.012
2.948
2.108
3.572
0.132
2.124
1.984
0.144
2.324
2.136
2.08
0.392
0.576
1.224
1.92
1.0
1.46
0.592
2.556
2.412
8.392
3.396
1.468
1.412
3.448
0.488
1.436
1.12
0.268
1.632
1.152
3.676
3.556
3.156
1.672
5.868
2.564
1.756
0.724
0.192
5.704
1.376
0.588
1.636
0.4
0.576
0.752
1.064
0.196
1.22
1.2
4.388
2.576
1.076
1.008
8.536
2.816
3.04
1.064
1.54
3.104
2.86
4.704
9.224
2.288
5.288
0.844
2.352
0.608
3.096
2.752
1.364
7.664
0.736
0.716
0.428
0.484
4.2
1.684
0.064
1.296
0.528
2.792
1.3
1.628
0.088
6.484
1.48
4.472
2.748
1.584
0.436
1.244
3.204
1.072
4.484
0.56
2.488
0.072
5.376
0.296
2.192
2.58
2.076
0.204
0.58
0.396
1.428
1.548
1.04
1.836
2.756
2.832
1.928
2.548
0.384
0.96
0.084
3.244
4.448
2.26
0.336
10.104
3.016
2.344
1.424
0.724
3.932
0.204
2.556
4.848
3.624
2.92
1.432
3.084
0.492
2.004
3.368
6.732
9.896
0.796
0.164
2.628
6.804
4.48
0.66
3.132
0.404
1.764
1.248
2.54
5.508
1.5
1.74
1.808
1.608
2.6
3.028
2.324
6.444
5.192
3.668
1.22
0.764
0.484
3.552
3.792
1.08
2.684
4.392
0.704
0.648
1.412
1.356
3.268
0.208
0.596
2.244
1.344
1.836
0.284
0.156
2.628
5.244
4.516
2.164
5.132
0.188
1.208
1.192
0.264
0.696
0.432
2.192
2.672
0.9
0.12
0.5
1.244
2.12
1.028
2.948
4.468
3.836
4.08
3.936
3.664
0.54
0.324
6.76
0.848
4.896
0.784
1.272
1.112
0.176
0.58
3.264
1.48
1.64
0.248
3.576
2.332
1.064
7.856
1.696
1.928
0.268
1.856
1.148
0.504
2.0
5.304
4.144
0.628
0.352
1.772
0.836
3.24
0.436
1.224
1.528
2.236
0.336
4.916
2.608
3.24
3.332
1.412
0.504
2.584
2.144
0.616
2.092
1.264
0.784
1.38
0.996
3.232
1.828
7.988
0.204
0.98
0.888
1.804
2.272
0.44
7.272
1.3
2.792
3.14
0.152
5.184
0.912
6.512
2.396
0.88
1.236
2.464
3.864
1.552
1.224
2.248
0.704
6.632
4.66
0.944
3.56
4.272
0.8
0.052
0.58
1.86
0.864
0.816
0.48
1.696
3.952
0.936
2.368
1.344
11.084
3.968
3.764
0.452
0.316
10.328
5.812
0.148
0.576
3.012
1.768
2.2
1.484
6.252
0.088
3.068
2.664
0.528
4.192
0.976
1.3
4.244
2.732
1.4
8.836
0.144
0.48
0.652
0.876
0.968
1.116
10.108
0.18
0.6
0.412
1.448
0.616
1.284
3.86
3.956
0.868
4.292
3.152
0.088
4.636
4.328
1.976
1.508
0.492
1.024
0.86
1.504
3.368
2.524
2.372
0.264
0.072
1.38
1.52
1.352
0.66
1.12
4.452
0.992
0.72
5.76
5.828
3.076
2.476
7.316
4.068
0.54
0.108
0.112
0.984
2.22
2.716
1.788
2.788
1.812
5.988
10.076
0.212
7.868
7.228
1.516
0.176
0.42
2.492
2.868
5.56
3.308
3.616
0.904
1.72
0.912
2.672
0.544
3.868
4.828
0.788
4.288
4.284
5.572
1.208
4.8
6.828
0.456
0.04
4.924
0.676
0.636
0.28
0.3
0.872
3.744
0.22
0.884
0.252
9.584
0.56
1.732
4.32
0.612
5.4
2.452
1.228
1.792
1.232
1.048
0.676
7.136
0.496
4.944
1.004
1.852
0.088
3.616
2.752
3.08
0.996
0.484
2.644
10.152
1.308
5.232
0.36
3.448
4.38
1.38
6.688
0.528
2.608
7.98
0.888
0.84
4.592
3.516
1.4
1.212
2.144
0.352
3.196
3.188
0.448
1.32
1.26
3.996
0.624
2.644
4.968
6.092
6.34
5.768
0.18
0.152
0.124
1.596
5.408
1.204
3.596
1.652
0.248
1.408
1.364
0.636
4.736
0.712
1.14
0.412
8.624
1.744
1.712
2.06
0.116
2.58
0.92
0.232
0.188
1.056
2.564
2.064
7.48
0.288
0.964
1.904
3.776
1.204
1.808
6.92
2.588
2.332
1.916
3.396
1.572
0.704
2.244
2.22
1.496
0.308
2.712
0.912
3.648
0.728
0.32
0.788
1.324
5.084
0.972
0.168
8.788
0.14
0.54
3.844
1.48
2.936
0.652
3.528
3.372
1.78
0.66
0.748
8.508
3.044
2.328
0.34
2.556
1.752
1.788
0.584
4.732
0.784
2.14
0.544
0.036
0.048
5.056
2.944
0.66
1.0
0.276
3.6
0.764
0.348
6.008
2.528
1.048
1.96
1.436
3.22
1.516
0.136
1.06
2.756
4.508
2.796
0.28
1.712
2.832
2.684
2.628
3.532
1.212
7.592
0.14
1.34
2.872
0.996
0.856
2.36
2.956
1.924
0.524
0.34
1.016
0.088
0.444
1.972
8.832
1.632
3.38
2.644
5.468
0.108
9.804
0.308
2.048
4.676
1.564
0.268
0.24
2.672
0.584
0.648
1.724
0.316
0.76
0.304
4.532
0.992
1.976
1.2
1.936
1.068
1.2
0.776
0.756
1.196
3.02
0.764
4.956
0.58
9.212
2.556
2.368
1.548
1.684
4.008
2.4
5.692
5.148
0.072
3.864
1.252
1.996
2.276
1.084
3.3
1.636
0.904
1.44
1.576
2.044
1.392
0.228
0.148
0.616
0.128
0.26
0.428
0.208
3.828
0.504
5.836
3.384
1.484
1.04
0.612
0.452
0.82
1.336
5.544
8.176
2.564
5.608
1.104
10.02
0.612
6.344
0.444
1.504
0.932
0.196
0.696
1.696
0.764
4.42
1.432
1.692
1.496
1.668
0.232
0.26
0.82
2.388
1.668
0.08
0.388
2.404
6.036
7.58
10.9
1.508
0.536
0.8
4.168
1.136
4.828
1.744
10.804
1.0
3.184
0.78
2.528
3.58
1.68
6.952
2.564
0.088
2.824
2.408
5.456
0.328
8.956
4.036
2.82
0.412
0.332
2.644
1.812
1.372
0.388
0.9
0.384
2.728
0.672
1.092
10.46
1.524
0.224
2.48
2.504
0.22
1.672
1.3
1.696
3.68
0.204
2.78
3.788
1.452
0.212
0.344
5.108
0.376
1.04
0.78
0.316
0.916
0.444
2.708
3.824
2.564
0.14
0.604
0.748
3.74
8.3
0.64
0.884
2.836
0.132
6.312
1.516
9.44
1.456
1.368
0.536
1.276
11.032
4.284
10.16
0.44
3.356
0.228
7.032
1.596
1.312
0.368
0.148
1.256
1.496
0.632
0.204
2.968
2.972
3.952
1.8
1.244
0.644
2.208
0.964
1.46
0.884
3.404
0.104
1.764
1.736
1.996
0.452
1.46
4.908
0.82
0.496
0.224
7.236
2.064
2.584
0.204
0.22
4.76
3.26
0.464
3.384
4.616
3.692
5.624
7.1
0.78
6.076
1.572
1.432
1.34
0.076
1.272
3.992
0.532
3.156
4.684
2.444
2.0
0.892
1.476
0.784
3.976
2.564
1.928
1.18
0.44
0.248
2.536
2.104
0.124
1.536
0.084
1.66
0.268
0.376
2.208
4.04
0.384
0.328
0.284
1.02
0.724
0.924
2.712
1.312
0.392
0.34
0.196
0.444
2.84
0.308
2.668
0.84
1.916
0.752
6.12
0.46
0.864
1.928
2.036
0.232
2.132
0.18
10.948
5.856
3.856
5.644
0.336
2.804
0.94
5.18
1.168
3.612
2.232
3.724
0.48
1.108
1.876
0.304
2.136
2.696
0.88
0.632
7.68
0.716
11.06
0.356
2.392
2.724
1.364
4.032
0.692
2.548
5.068
1.448
1.432
0.54
8.724
4.86
4.948
1.068
2.992
0.228
0.304
5.488
0.584
3.66
4.312
3.028
1.68
9.82
9.536
1.236
0.288
4.148
4.328
0.548
3.324
1.9
2.564
2.4
1.48
0.412
1.56
2.856
1.404
1.172
2.308
1.336
5.584
3.128
2.18
7.26
0.304
0.26
0.588
1.92
0.264
0.764
3.276
1.224
5.472
2.32
0.452
0.236
2.148
0.308
1.116
4.432
3.328
0.456
0.896
2.5
5.036
0.852
0.508
1.156
0.164
0.74
0.864
2.672
4.412
1.604
1.44
0.152
0.976
0.228
1.94
0.484
0.196
3.072
7.16
8.192
1.4
2.828
1.56
1.352
0.18
1.232
1.788
2.716
9.016
0.844
6.364
7.312
0.34
3.164
1.316
0.144
1.148
1.2
1.776
10.388
1.228
2.248
1.712
3.416
1.672
3.304
1.52
0.172
0.74
1.424
3.792
0.104
3.652
0.98
1.808
2.268
2.028
0.784
2.928
1.108
0.844
2.28
1.104
1.452
2.792
0.092
1.084
0.716
0.248
0.876
5.66
0.708
1.38
1.408
2.352
2.968
1.672
2.996
2.732
9.74
0.52
0.62
5.484
2.056
5.596
1.42
1.24
1.256
2.076
8.58
1.496
0.84
0.792
2.564
3.504
3.152
1.224
4.2
0.404
3.0
0.088
0.576
3.552
2.78
1.46
0.776
2.904
2.38
5.244
1.184
2.98
4.444
0.432
9.312
0.336
3.628
1.516
1.076
0.096
0.208
1.144
9.256
5.012
3.256
9.508
4.556
5.804
3.004
1.06
0.76
4.348
2.332
10.584
2.272
1.812
1.332
3.62
5.404
2.064
2.496
1.188
0.152
0.428
0.092
0.692
0.152
0.98
1.76
1.412
1.06
0.12
7.784
4.832
1.176
0.172
2.908
0.82
4.88
0.304
0.4
1.504
4.608
1.204
0.708
0.24
1.036
3.896
0.22
2.024
1.404
2.74
1.092
0.244
3.416
5.368
1.952
1.076
0.484
1.556
0.368
2.848
0.932
1.64
0.436
2.484
0.908
4.996
0.264
0.316
0.64
1.592
5.032
3.344
0.72
3.456
5.748
2.408
1.596
0.472
1.26
3.188
1.904
0.696
7.528
0.864
2.78
7.108
4.076
0.86
6.376
5.704
2.704
0.24
1.796
0.228
0.368
0.62
6.004
6.592
0.14
0.604
8.908
0.812
1.176
0.136
0.812
5.576
0.928
0.116
2.248
2.652
9.144
0.1
0.8
1.472
4.92
2.424
6.596
0.716
1.788
5.312
1.372
0.356
0.812
0.328
1.14
0.176
1.108
3.084
2.28
1.98
0.272
4.16
3.812
0.24
0.144
0.168
4.036
4.036
0.144
0.288
6.228
0.136
0.924
1.308
1.608
0.172
0.984
0.684
0.312
0.112
3.716
2.54
0.752
6.904
4.492
1.52
0.548
0.788
1.212
1.08
3.068
0.664
6.508
4.98
2.24
1.06
0.208
2.144
1.412
0.228
4.04
0.088
1.596
2.656
1.604
1.208
0.728
3.492
0.864
1.552
2.196
0.168
0.096
9.088
4.72
0.268
6.156
0.832
6.12
0.096
1.296
0.888
1.688
2.62
2.212
2.688
0.828
3.536
0.48
3.676
0.64
1.912
3.232
2.232
2.532
1.756
1.792
0.508
10.18
5.592
2.564
1.828
0.936
1.648
0.112
9.236
2.604
4.308
0.076
1.116
10.836
8.02
3.224
10.728
7.12
1.196
0.16
0.76
0.54
3.82
6.968
0.98
3.56
5.336
1.068
0.216
2.4
0.944
2.644
2.108
1.316
2.916
1.88
0.852
1.34
5.288
1.08
0.856
7.08
6.768
0.56
3.244
8.34
0.472
0.424
0.252
6.748
1.42
0.56
2.36
4.364
3.12
1.664
2.168
1.604
5.084
3.316
1.804
3.068
1.024
0.38
4.004
5.176
1.972
0.532
0.132
6.108
0.944
2.904
2.14
0.58
2.796
0.432
0.332
2.052
2.404
7.972
0.268
0.4
4.236
0.444
2.456
2.02
0.168
1.536
0.804
1.944
2.808
1.384
3.448
6.1
0.688
0.988
0.232
0.868
5.636
1.944
1.76
2.18
1.164
1.14
0.304
1.608
2.064
3.612
3.5
1.684
4.968
1.996
3.824
0.4
1.952
0.208
2.116
2.724
0.524
0.3
1.148
0.9
0.44
2.04
5.024
0.468
0.148
0.544
3.564
10.888
0.352
0.66
4.636
2.672
1.2
6.672
0.252
9.396
0.476
2.432
0.072
2.644
7.68
3.276
0.604
0.268
7.76
1.492
1.868
6.068
1.244
1.304
0.548
2.016
2.116
0.292
7.34
1.388
2.712
3.896
0.404
5.14
1.392
1.408
0.36
0.636
1.844
2.504
3.744
3.512
0.472
7.82
0.404
3.804
0.568
2.776
5.196
1.024
1.376
9.9
1.304
0.544
0.188
0.504
0.964
1.688
4.536
2.156
5.084
2.044
1.5
0.668
1.396
0.26
1.04
4.192
0.692
0.604
2.744
0.728
6.732
6.188
1.6
0.304
0.064
3.652
1.8
4.064
2.228
0.98
2.088
2.952
0.404
0.896
0.156
0.204
0.64
3.32
0.776
9.728
4.208
0.436
2.136
8.836
2.292
0.22
3.06
1.616
0.58
1.728
3.812
1.704
2.428
0.324
0.212
1.264
5.068
2.716
3.928
1.064
0.696
0.904
0.552
2.524
9.072
0.3
3.632
2.6
0.28
3.664
4.692
1.212
4.448
0.18
3.808
3.5
2.192
0.076
0.308
0.108
0.516
2.3
1.92
2.404
1.124
2.344
0.172
1.108
0.344
0.696
0.356
2.508
0.82
0.656
2.44
0.572
1.436
0.34
0.204
0.904
3.72
0.508
0.684
1.044
5.552
0.156
0.612
2.648
1.336
2.964
3.532
1.804
0.06
2.208
1.824
0.432
0.76
0.072
0.172
0.624
0.448
4.82
0.8
1.16
1.54
1.536
1.32
1.228
1.72
2.128
1.584
3.988
0.312
1.204
1.808
2.82
0.444
2.824
0.964
3.712
0.46
2.328
5.196
0.104
1.42
3.012
2.332
2.412
8.584
0.184
1.4
7.588
0.956
5.484
1.508
2.408
1.4
3.216
1.496
4.26
1.152
4.264
1.976
4.544
5.916
1.816
0.2
1.656
3.664
8.96
0.384
0.2
2.812
0.88
2.436
1.044
6.84
2.44
1.848
1.212
0.18
5.136
0.872
1.056
1.82
0.672
0.252
2.908
0.412
2.552
1.364
3.984
3.12
0.084
0.924
3.24
1.64
1.8
1.248
8.244
6.632
0.064
0.904
2.08
2.824
4.692
3.128
0.208
2.28
0.116
4.632
3.62
5.58
3.06
0.256
1.672
3.524
3.188
0.412
0.812
0.096
2.1
2.692
0.464
1.648
0.372
3.032
2.62
1.964
0.288
1.696
0.868
0.812
10.892
1.088
6.096
0.448
1.78
1.272
1.44
6.484
2.356
1.38
1.972
1.348
4.34
1.3
1.736
0.536
2.144
1.368
8.732
5.316
2.652
1.664
0.312
9.464
0.092
1.54
1.668
1.072
1.52
0.548
0.2
0.072
1.484
0.828
1.744
0.3
1.768
2.912
3.684
0.472
3.58
2.096
2.288
0.456
0.984
1.144
1.88
1.964
1.512
2.516
1.336
0.54
0.164
7.204
1.628
1.384
6.292
0.664
0.564
1.084
10.156
2.428
3.612
3.008
0.532
3.244
2.752
0.54
0.692
0.28
0.32
2.232
1.964
2.268
0.196
8.06
0.7
1.3
2.36
0.276
2.904
0.272
0.636
0.924
1.972
1.048
0.464
5.78
0.204
1.004
0.764
1.076
8.072
0.072
5.428
8.836
0.812
0.252
3.74
6.296
2.972
1.324
1.1
1.964
5.488
8.076
1.576
1.66
0.452
1.232
2.248
1.32
5.244
0.132
0.536
0.964
6.436
0.072
1.044
1.544
5.02
1.552
4.632
2.104
4.212
3.936
0.672
3.964
0.944
0.992
0.388
1.628
0.384
0.484
2.568
0.864
0.756
3.856
1.044
2.196
5.504
2.776
1.04
3.068
0.444
0.216
1.332
1.36
2.384
1.312
4.452
1.556
4.308
2.352
0.832
0.636
1.024
2.54
0.184
1.892
0.932
0.984
0.192
1.22
3.136
4.22
3.516
0.756
1.544
1.648
1.1
5.088
2.44
0.964
2.888
5.896
1.792
5.332
1.52
1.264
3.396
0.78
3.576
0.352
0.972
1.832
4.88
0.708
0.656
0.244
1.984
2.22
6.652
4.256
0.092
1.016
2.24
0.656
0.624
0.1
5.952
0.44
0.164
4.02
0.188
0.4
1.412
4.536
0.352
1.744
3.76
0.22
8.108
0.38
1.372
4.976
1.192
1.456
0.272
2.78
1.808
4.592
4.548
1.608
0.076
4.496
5.588
1.188
4.964
0.416
0.084
5.168
2.332
4.888
1.3
0.924
3.94
0.208
0.184
3.116
1.036
0.492
0.304
1.32
2.376
1.208
1.908
8.852
0.388
2.84
5.44
2.172
2.38
2.988
0.252
1.712
3.78
0.976
3.604
1.624
1.896
4.884
0.744
1.24
1.016
2.32
0.8
0.472
1.984
1.936
10.42
3.152
1.532
6.744
3.692
0.188
0.696
4.068
4.572
0.304
0.792
3.5
2.78
1.656
0.196
1.064
2.072
0.964
0.58
5.008
0.24
1.064
4.484
0.216
0.712
0.536
5.428
0.352
1.72
1.844
1.032
2.62
1.544
1.452
0.844
0.352
0.788
3.512
0.128
7.396
0.492
1.476
0.268
6.852
6.296
0.676
0.256
2.304
2.28
1.412
1.412
0.72
1.308
5.516
7.996
8.376
0.124
2.004
2.128
3.848
0.46
4.564
0.208
3.376
6.94
3.66
5.232
6.564
8.544
2.088
1.116
3.496
0.504
1.884
1.008
0.452
0.076
0.624
1.504
0.864
0.852
0.228
4.884
5.916
5.084
0.932
10.768
1.94
1.084
1.36
2.568
4.252
4.304
4.992
0.74
0.888
1.24
3.612
0.168
1.732
0.372
2.764
3.112
2.248
0.52
3.676
0.468
3.364
2.276
0.472
2.548
5.272
1.552
3.096
1.688
0.644
4.148
1.692
1.308
1.332
1.492
0.2
4.404
3.944
2.704
4.88
0.78
1.852
2.668
2.16
0.316
1.488
5.124
0.668
5.144
3.14
1.036
0.528
4.612
0.868
0.556
0.2
10.496
0.648
0.068
9.916
2.484
3.112
2.388
1.36
0.108
0.3
1.236
0.14
1.24
0.312
0.444
2.536
1.628
0.96
2.864
1.62
3.884
6.016
2.2
3.008
1.104
2.836
1.808
1.816
0.584
2.596
0.26
3.332
2.16
0.084
0.336
0.404
0.232
1.48
1.492
1.5
0.828
0.436
0.724
0.072
0.248
1.364
1.808
2.424
2.132
2.788
0.084
0.832
4.424
3.52
1.648
0.272
1.316
3.38
2.38
1.076
4.928
1.16
0.2
4.256
2.972
3.588
0.616
1.668
2.26
1.472
0.78
3.072
0.28
1.02
4.192
2.056
9.012
2.788
1.224
0.2
0.364
5.004
1.14
0.256
1.3
0.952
7.14
0.404
7.672
0.26
0.484
2.412
1.012
0.268
3.676
3.688
2.852
0.224
0.716
0.208
5.02
1.864
1.472
0.74
0.804
2.948
0.44
5.912
3.596
1.388
0.868
4.704
0.732
3.08
1.764
0.508
1.6
1.348
3.832
0.832
3.984
1.336
0.164
2.612
0.164
0.652
1.148
0.516
0.952
0.364
0.552
0.12
0.324
3.812
3.98
3.616
1.148
1.724
0.388
0.612
1.964
7.352
3.068
1.88
2.136
8.12
1.176
0.98
3.152
3.988
5.084
1.252
0.72
0.208
7.524
1.632
0.388
3.856
3.064
6.912
0.984
0.66
5.38
0.784
1.636
3.328
6.548
1.528
1.412
4.288
1.528
1.092
0.048
0.24
6.584
0.18
0.044
3.268
0.768
4.356
0.164
0.192
1.152
7.976
5.64
0.092
3.212
0.784
0.308
0.632
4.644
2.348
6.572
6.088
0.94
1.992
0.14
3.572
0.464
2.028
2.552
8.484
1.076
3.404
1.636
1.208
0.04
0.372
1.164
3.432
0.312
0.588
0.98
3.316
2.884
1.572
0.716
0.64
0.656
1.64
0.452
0.84
2.244
2.98
0.424
2.384
0.98
0.464
4.652
1.384
0.084
0.204
0.568
9.516
0.764
1.832
0.536
1.692
0.952
3.348
1.828
1.316
0.6
0.94
6.68
1.424
0.496
1.404
5.768
0.828
1.988
0.292
1.14
1.12
0.604
0.136
0.46
4.716
1.2
3.296
10.244
1.336
0.12
2.852
2.564
2.024
0.776
10.392
0.164
3.988
8.668
2.74
2.532
0.356
5.336
10.732
3.428
1.844
1.256
1.392
1.66
2.9
2.144
0.556
6.592
0.192
0.456
0.428
2.564
9.892
0.964
3.24
2.78
1.296
0.516
0.552
3.532
1.492
0.86
1.848
2.716
3.36
4.568
0.784
0.692
3.384
0.924
0.296
1.256
1.82
3.0
0.424
3.192
0.304
0.572
0.416
4.156
2.856
3.248
5.908
0.38
2.108
1.024
2.404
0.256
4.396
0.732
0.184
1.004
5.2
3.112
0.368
1.344
1.132
0.528
1.044
4.092
1.388
1.128
2.952
0.512
2.256
1.98
6.308
5.616
1.028
0.804
3.108
2.36
0.08
0.804
1.612
0.116
2.14
7.444
0.78
2.196
0.1
1.216
0.908
10.112
2.816
3.956
3.176
0.12
4.112
0.68
1.86
1.46
1.764
6.18
6.912
0.384
0.664
1.816
3.156
8.228
0.18
1.08
0.208
7.96
1.716
0.28
2.708
1.384
0.38
7.936
0.7
1.104
1.944
0.088
2.644
2.212
1.588
0.856
0.488
0.308
9.444
2.272
0.628
0.076
3.348
0.156
0.368
0.416
0.62
0.384
1.52
0.704
1.884
2.412
0.804
2.764
1.124
3.672
2.132
0.428
0.652
0.132
0.396
1.44
0.196
0.936
2.46
1.364
2.5
6.928
0.4
3.02
0.192
0.516
0.16
3.54
3.98
1.276
4.376
9.428
0.48
0.896
2.62
1.736
2.2
1.644
3.292
2.312
5.812
0.768
1.404
0.18
0.428
1.412
2.628
0.78
0.476
0.76
0.648
6.568
2.08
0.768
1.2
10.564
0.364
1.504
1.028
2.396
2.432
2.756
1.628
2.388
0.456
0.304
2.924
9.964
0.48
0.444
1.18
5.336
2.424
3.564
0.708
2.356
0.84
0.064
0.076
1.672
2.06
3.468
1.38
0.08
1.492
1.024
0.396
1.568
2.86
2.18
0.42
3.968
2.204
1.872
8.664
5.848
4.388
2.636
0.704
8.38
0.524
0.344
1.344
0.284
3.096
1.78
2.424
3.392
0.228
2.484
0.236
0.52
2.66
1.012
1.384
0.524
1.408
1.9
0.232
0.572
6.72
4.604
1.364
5.952
2.828
0.328
2.308
0.46
0.836
2.184
7.968
3.152
0.456
3.564
2.228
2.524
3.64
0.204
2.516
4.02
4.412
6.344
2.22
1.68
2.572
1.376
2.0
1.008
6.524
0.564
1.932
1.148
0.26
3.304
1.752
3.84
1.612
1.824
0.104
0.74
0.156
0.848
0.212
1.768
3.092
0.152
4.216
2.292
0.688
3.148
3.464
10.552
0.828
1.412
4.732
10.372
2.364
1.908
2.108
4.736
0.264
0.132
0.076
1.252
0.968
0.976
2.6
1.696
5.112
1.156
0.308
4.492
8.804
5.16
5.816
1.156
2.376
3.792
0.14
1.784
1.72
0.12
1.192
0.608
0.372
5.408
2.984
0.556
4.188
0.872
10.816
0.832
2.676
1.612
3.628
6.38
7.144
2.944
0.312
2.188
2.348
0.14
2.272
1.044
0.668
2.664
1.516
0.252
0.292
2.372
1.104
0.076
0.58
1.536
0.528
0.792
1.488
0.172
0.28
0.312
0.1
2.36
0.424
7.644
0.96
1.884
0.716
1.948
1.392
0.324
4.26
1.076
0.66
0.184
4.292
0.644
1.104
0.336
10.112
0.2
0.4
3.168
3.904
3.236
0.376
0.996
0.188
0.48
6.388
1.996
1.964
9.708
0.972
0.812
2.204
3.132
1.424
1.388
0.648
0.556
2.496
0.1
0.204
2.636
2.132
0.216
3.924
7.804
1.384
0.564
1.848
1.736
2.024
0.124
0.272
7.44
4.016
0.976
0.388
0.884
1.0
2.436
1.688
1.464
0.256
0.24
2.252
5.396
0.988
0.36
1.544
0.92
4.744
0.768
5.188
1.652
0.292
2.988
1.096
1.064
3.48
0.1
3.428
0.944
1.368
8.76
0.884
0.42
0.312
3.756
1.112
0.32
1.012
0.492
4.768
1.212
4.2
4.236
0.676
0.764
2.1
0.08
0.224
2.94
0.476
1.368
0.212
7.3
0.512
2.064
0.148
9.664
3.212
2.14
0.216
0.292
6.852
0.268
2.036
0.3
0.308
2.432
2.244
0.38
4.856
1.876
1.896
5.968
0.1
0.82
0.488
1.964
3.04
7.536
3.068
8.532
3.304
1.724
1.712
0.532
4.048
2.024
0.644
2.22
0.604
2.652
3.192
8.612
8.48
3.196
0.08
3.312
0.948
4.904
1.972
0.588
0.98
1.58
1.948
0.564
2.532
0.432
1.112
0.452
2.36
2.096
2.18
3.52
0.232
7.848
4.236
3.888
3.912
3.012
0.456
0.1
2.292
0.596
0.444
0.328
0.708
0.088
9.072
0.5
1.708
1.992
2.012
1.028
4.32
2.532
0.98
7.856
3.144
0.556
1.572
1.44
2.856
3.7
6.164
1.512
6.356
4.004
0.388
0.384
0.672
5.664
0.092
4.26
7.824
2.444
1.032
3.112
6.384
2.796
0.088
0.84
0.656
5.12
0.208
0.328
0.884
0.084
0.604
0.192
0.768
0.932
4.84
5.12
1.844
0.38
2.004
2.8
2.396
2.056
6.14
6.508
1.996
1.032
1.668
1.06
0.792
0.42
0.696
0.484
0.688
1.532
1.768
0.492
1.86
0.776
5.804
1.412
1.356
0.976
0.764
0.564
0.28
1.876
0.732
3.608
0.428
3.012
10.116
1.8
0.984
0.548
0.428
0.984
0.972
1.668
2.884
0.408
1.516
0.328
5.4
1.984
9.244
0.636
5.076
1.84
0.096
4.908
0.26
3.768
2.376
0.256
1.456
1.58
3.624
1.892
1.66
1.176
0.832
2.6
1.904
0.764
1.376
0.768
1.084
0.628
6.128
1.552
0.196
4.736
2.48
0.836
2.048
1.896
5.56
3.9
0.344
0.836
0.16
2.436
2.488
2.484
3.396
2.016
2.164
2.892
1.604
4.092
1.376
2.176
1.888
1.284
0.592
1.608
2.172
3.672
5.9
0.308
0.6
3.924
2.98
3.288
7.772
1.232
0.632
6.128
2.508
0.552
0.996
0.324
4.048
3.32
5.836
1.192
5.204
0.184
0.804
2.368
0.376
0.884
0.096
5.632
2.416
3.1
0.332
2.604
2.568
0.976
0.656
5.776
0.656
5.392
1.2
5.004
0.588
0.748
0.56
4.492
1.78
1.184
1.972
0.892
0.84
0.7
0.848
0.472
9.384
0.844
7.464
0.46
1.012
2.076
0.376
0.392
1.656
0.24
4.04
2.036
3.264
11.02
0.332
6.136
0.196
0.42
2.892
0.832
4.132
0.988
1.788
8.232
0.24
0.348
0.42
3.052
4.608
5.544
0.528
0.256
1.62
0.98
2.728
5.8
2.888
6.388
0.06
0.704
1.264
1.276
2.888
1.984
3.052
2.088
1.712
2.488
1.232
4.3
4.14
3.612
2.908
1.384
1.32
9.536
2.044
2.988
0.792
2.096
1.292
1.68
4.684
0.196
1.064
8.188
0.964
0.9
0.16
2.636
0.556
0.588
9.024
4.692
0.248
2.784
1.316
0.668
0.424
2.704
1.1
3.796
1.132
1.532
3.768
2.096
0.62
3.192
0.256
4.728
5.124
2.968
2.076
1.068
0.296
0.648
2.116
0.392
2.228
1.848
1.28
0.66
1.228
3.504
6.748
0.728
0.936
2.996
4.688
0.132
0.716
0.092
4.552
2.032
2.176
0.756
6.04
1.312
1.932
1.42
2.232
5.132
0.676
5.572
7.096
0.492
2.32
1.128
1.224
1.74
5.764
5.188
3.46
5.048
4.756
1.324
1.104
1.548
0.416
6.716
2.208
0.084
1.448
1.8
0.124
0.308
2.04
0.236
0.576
1.216
2.032
1.436
3.532
0.432
1.452
2.568
0.356
10.416
0.4
0.468
10.4
0.54
0.684
3.688
4.896
0.088
1.26
1.5
5.94
0.676
5.3
1.136
3.444
9.28
0.428
1.612
0.436
5.524
6.112
0.928
1.436
1.736
5.9
2.872
3.276
6.62
0.092
4.124
9.024
1.196
2.308
0.464
0.256
1.212
0.968
0.164
4.804
1.22
2.192
0.64
1.12
10.524
4.06
0.708
2.748
0.488
2.304
2.748
2.18
1.244
1.872
3.068
2.188
0.108
0.516
0.544
0.2
1.956
0.864
0.872
5.276
0.76
1.616
1.216
4.048
2.5
0.816
3.536
1.688
4.056
0.308
1.372
3.656
0.808
1.12
7.712
1.6
2.2
1.18
4.668
2.268
0.172
2.068
0.432
1.768
0.852
5.684
5.784
2.108
1.284
1.684
0.708
2.248
1.092
2.5
2.4
1.924
1.76
1.484
0.94
0.568
0.36
1.352
2.392
6.944
3.016
4.384
6.848
2.84
0.676
2.104
5.668
3.628
0.404
0.264
2.92
3.032
0.32
1.044
0.06
2.88
4.556
2.42
0.32
5.884
0.66
0.688
1.388
1.176
2.4
0.264
0.792
2.596
0.728
0.66
0.224
3.948
0.048
0.36
0.304
2.616
2.452
0.616
0.76
2.16
7.864
9.8
2.496
2.464
6.712
1.172
10.708
3.008
2.576
1.024
5.332
4.62
0.144
3.56
10.112
2.188
3.536
0.704
1.168
1.384
0.968
2.496
1.124
9.12
0.412
1.224
0.408
