1.724
0.108
1.996
5.308
0.772
0.924
4.216
0.316
6.824
4.18
0.232
2.108
0.324
2.976
3.432
0.472
1.224
2.532
0.14
2.78
2.012
0.148
2.104
0.144
7.604
0.852
3.932
0.16
3.52
2.14
2.796
3.04
0.12
1.664
7.708
1.224
0.1
0.848
2.848
1.616
1.436
1.86
0.148
0.216
0.552
0.184
3.14
1.228
0.512
10.74
0.332
3.292
0.112
3.992
4.14
0.516
0.756
3.508
0.596
1.452
4.172
1.036
0.144
3.832
0.26
0.652
0.94
8.22
0.148
4.648
1.22
0.096
2.94
0.6
3.644
0.148
0.52
2.452
2.344
4.644
8.452
0.916
4.244
0.176
0.472
0.18
0.188
0.316
0.112
0.46
0.184
4.664
3.94
0.14
10.764
0.096
0.556
2.004
0.1
0.14
9.5
3.54
0.852
0.664
1.324
2.98
0.12
0.844
3.416
0.696
1.612
5.844
0.48
0.356
0.74
0.132
0.144
0.304
1.284
2.304
0.152
0.576
1.62
2.004
5.252
5.356
0.1
7.748
2.364
0.104
2.94
1.0
4.736
0.564
2.42
3.84
6.052
1.184
1.024
1.212
4.472
2.624
0.74
0.308
2.796
4.948
2.46
0.156
0.096
2.092
2.304
0.1
0.988
4.072
4.132
1.656
2.04
5.312
0.132
1.624
1.792
3.908
6.008
0.912
0.12
5.188
0.26
0.248
0.688
0.124
2.64
1.92
1.704
1.68
4.712
2.696
0.772
0.84
1.472
0.144
1.524
0.576
1.732
0.148
0.116
1.54
0.86
0.524
2.176
0.14
1.78
0.308
0.508
6.108
3.496
1.564
0.668
0.16
1.468
7.356
0.376
0.496
1.44
1.88
0.372
1.64
1.316
0.296
1.824
0.576
0.116
4.008
2.592
3.244
0.236
1.364
1.872
1.616
0.156
0.208
0.084
0.396
0.588
2.724
1.952
0.18
0.144
4.184
0.26
0.46
1.156
0.436
4.112
5.9
0.928
4.904
0.88
1.248
2.764
0.28
4.08
0.404
1.132
2.56
0.336
0.14
3.928
0.132
1.688
4.96
2.652
0.252
3.612
0.18
2.044
0.12
1.724
1.956
0.176
0.16
0.144
0.148
0.288
0.68
0.38
0.212
0.168
1.9
2.412
8.08
1.064
2.004
3.388
0.456
2.888
1.252
0.204
1.296
0.192
1.06
0.784
1.108
0.312
0.152
0.768
2.988
0.572
0.14
1.064
0.148
1.156
1.8
1.496
0.212
4.532
0.14
0.1
3.764
0.132
5.72
0.908
0.904
1.252
1.948
0.704
1.6
0.816
0.156
1.136
0.104
3.108
1.26
2.352
0.228
0.204
0.292
0.236
0.12
1.792
4.316
7.264
0.108
0.468
0.752
0.24
1.716
3.676
0.548
2.096
5.364
0.572
4.1
0.12
0.348
4.608
3.84
0.992
2.048
1.068
0.156
0.852
0.096
5.0
5.056
0.144
1.336
0.184
4.048
8.944
0.372
2.632
0.1
0.1
0.348
1.572
6.368
3.332
9.068
2.2
0.664
0.148
0.1
0.144
1.472
0.876
1.872
1.872
2.288
0.372
0.428
2.428
0.46
6.924
1.28
0.668
1.328
3.652
1.808
0.204
4.624
0.124
0.52
0.404
0.112
0.292
1.26
4.452
0.116
3.128
0.572
3.18
1.576
7.444
1.712
1.128
6.128
1.06
2.56
2.768
1.648
0.116
1.976
0.372
2.96
1.74
0.136
4.348
0.4
0.148
0.196
1.248
1.432
0.176
8.368
5.856
0.736
2.64
3.808
0.376
1.92
0.144
0.936
3.944
4.024
1.116
0.6
0.876
0.152
1.624
1.456
4.4
10.168
0.364
0.132
0.12
0.112
0.128
1.504
0.628
1.88
0.236
2.912
0.128
3.524
2.948
0.816
0.272
0.092
0.316
0.176
0.716
1.092
4.64
0.768
0.112
2.532
0.612
6.088
0.096
0.984
0.42
0.112
0.152
4.084
1.592
0.496
0.156
4.352
1.128
0.148
0.152
0.14
1.528
1.628
2.552
0.192
2.36
0.44
0.572
2.364
0.52
0.128
0.696
0.296
0.152
1.732
0.756
0.216
3.276
0.456
0.096
0.096
0.144
0.244
1.22
0.976
1.316
0.14
0.148
0.576
0.512
0.148
0.164
6.952
0.384
4.26
0.312
0.096
2.06
3.456
4.392
0.26
0.66
4.452
2.612
0.168
1.3
3.332
0.924
0.236
0.604
2.704
6.428
0.36
0.548
2.356
1.8
1.316
3.872
2.14
1.656
0.76
1.22
8.932
0.524
0.692
1.376
0.144
7.752
2.284
1.368
1.444
1.528
1.544
0.1
2.356
0.248
0.144
0.692
0.12
0.888
9.304
0.204
5.12
0.128
1.456
1.676
0.404
2.332
3.796
0.112
0.1
5.072
5.36
1.892
0.208
1.068
3.18
0.588
0.292
0.216
0.128
1.368
2.148
0.868
0.16
2.44
0.1
2.476
3.868
0.788
0.18
0.164
0.756
1.124
0.116
0.62
2.48
2.424
7.048
1.128
0.692
1.524
2.148
1.556
0.556
1.672
1.6
1.528
0.12
0.184
3.236
2.632
1.06
0.836
0.156
0.156
2.104
0.316
0.624
0.208
1.456
1.524
0.436
7.132
0.58
6.828
0.096
2.268
0.112
0.464
0.152
1.3
1.572
2.36
0.14
1.72
3.364
9.944
0.884
3.54
0.716
1.852
1.488
1.736
0.188
1.72
0.12
9.836
1.44
7.632
0.1
3.148
0.116
2.36
0.12
0.7
3.232
0.148
2.036
3.98
0.196
2.768
3.068
5.716
1.364
0.688
0.356
0.548
0.104
2.196
0.164
1.108
0.096
0.108
0.488
0.092
2.552
1.104
0.264
0.12
9.296
1.02
0.092
0.2
0.192
3.572
1.616
1.52
0.148
1.016
3.54
1.628
7.852
0.1
9.288
0.572
0.1
0.2
6.696
1.064
0.32
1.56
0.284
0.104
1.328
2.052
9.224
1.868
3.916
4.796
0.448
4.12
0.928
0.128
0.452
0.176
0.648
1.972
0.688
2.308
2.212
3.56
2.5
0.148
0.096
8.056
3.536
0.212
0.884
0.096
0.692
6.732
2.224
7.6
4.78
3.6
0.212
1.336
0.132
0.208
0.144
0.164
0.156
1.836
2.0
6.764
0.144
0.248
0.732
0.152
0.736
2.9
3.608
5.804
2.104
2.46
0.94
1.368
1.296
4.58
1.592
1.812
0.74
1.756
5.724
0.804
5.392
0.416
0.68
6.38
0.104
0.904
0.2
1.572
0.22
0.176
0.196
0.592
0.976
2.868
2.26
0.1
1.9
0.14
0.156
0.216
0.388
2.3
0.22
0.096
0.948
0.288
2.032
1.872
0.456
0.336
4.004
0.236
0.704
1.016
0.14
0.16
3.848
1.216
0.172
3.212
1.212
0.22
1.1
2.34
3.148
1.624
0.768
0.784
0.216
0.588
0.62
1.436
0.236
3.12
0.5
1.176
2.228
1.04
3.612
2.648
0.728
4.28
1.024
1.0
1.136
0.2
0.636
0.712
0.3
0.148
5.572
0.896
0.628
0.244
0.712
10.18
0.496
7.484
0.384
0.208
0.72
3.496
0.212
0.428
1.752
1.124
0.948
7.86
0.596
0.932
0.112
0.176
0.1
0.116
0.144
0.136
1.828
1.132
4.224
0.132
0.16
0.096
4.596
5.212
1.872
0.268
0.136
0.156
2.052
0.936
1.232
0.636
0.604
1.312
0.104
0.296
6.448
0.568
0.1
2.196
0.436
1.524
0.184
1.092
0.264
6.928
1.824
0.148
0.86
0.092
3.108
0.468
0.14
0.144
2.736
0.148
1.12
0.992
1.788
0.94
7.156
0.212
5.7
7.892
3.312
1.824
0.356
0.096
0.108
0.188
0.168
0.176
2.644
4.016
3.68
0.672
0.3
1.804
0.352
0.152
0.092
0.58
3.788
0.148
1.796
0.148
2.788
1.712
0.332
0.14
3.912
1.144
0.82
0.448
4.84
0.14
0.472
0.096
1.512
3.316
0.952
0.408
0.34
0.456
0.572
0.432
3.82
0.284
0.784
0.136
0.14
1.124
10.152
3.72
4.144
1.46
0.204
0.108
6.276
4.228
0.188
4.0
0.148
2.588
0.256
1.604
1.208
0.124
0.42
0.156
0.492
0.164
2.744
0.8
1.148
1.1
1.416
0.14
0.188
0.84
1.952
0.272
0.316
2.708
1.908
0.104
0.5
0.964
0.124
0.156
0.136
2.32
0.14
2.992
1.096
3.696
2.848
0.152
2.58
0.512
1.492
1.696
1.656
0.1
0.68
0.384
0.148
0.4
0.392
0.412
2.9
0.12
0.28
0.1
0.24
0.2
1.772
0.104
2.456
4.492
0.48
1.828
0.42
1.816
3.724
1.496
0.108
5.652
0.108
1.02
0.092
0.136
2.76
0.096
0.116
0.248
1.756
0.136
0.588
0.16
3.044
0.536
0.124
0.124
1.732
4.064
1.324
1.584
1.352
0.156
0.156
1.496
0.4
3.4
2.86
3.624
0.112
2.024
1.28
2.796
0.368
0.46
9.54
3.78
0.66
8.496
0.408
0.496
0.092
5.484
0.112
0.292
7.104
0.156
0.736
0.156
0.112
0.108
5.736
7.512
4.032
3.716
0.504
2.372
9.308
0.136
0.268
6.628
9.552
3.568
0.096
5.224
0.592
9.42
6.496
0.124
8.704
0.836
0.124
2.008
1.532
0.24
1.304
0.56
0.092
0.108
4.648
6.312
2.828
0.1
8.444
0.14
0.212
5.528
0.212
3.936
4.396
0.152
1.756
0.184
1.328
0.52
1.548
0.808
1.356
2.3
0.544
0.092
1.456
1.78
3.032
0.892
0.4
0.12
7.26
0.116
0.932
0.092
2.364
0.296
0.136
0.492
6.784
0.18
6.064
0.62
0.416
5.02
0.108
0.588
0.268
0.224
0.2
2.492
0.62
0.212
0.848
0.52
4.188
0.152
0.696
0.116
2.58
1.408
6.772
1.064
0.648
2.732
0.136
1.204
8.76
0.124
0.188
0.832
0.24
0.172
0.744
0.872
0.448
7.328
5.776
3.44
2.372
1.812
0.128
0.46
2.536
3.836
1.236
0.896
0.092
0.216
0.164
0.172
0.212
2.912
1.236
0.648
3.164
0.14
3.44
7.368
3.116
2.748
0.608
3.676
0.148
0.188
0.148
0.12
0.904
0.872
0.432
0.116
2.896
0.176
3.412
0.248
0.136
1.576
5.524
0.992
0.668
1.232
2.712
0.716
0.652
1.2
3.592
1.868
1.124
7.36
0.26
2.836
0.768
1.72
1.284
0.44
0.092
0.188
0.124
9.292
0.14
1.708
0.812
0.4
1.808
2.84
3.968
1.552
0.72
2.892
0.164
0.744
0.264
2.036
0.092
1.52
0.976
1.188
4.168
0.248
4.3
5.044
4.112
7.86
2.744
1.108
4.112
0.136
3.008
0.608
0.856
1.408
3.264
0.244
2.916
0.42
0.648
2.3
2.232
9.36
0.116
0.128
0.38
0.816
0.096
0.56
0.152
2.36
0.268
1.336
0.676
0.292
5.644
0.2
0.14
0.736
0.144
3.672
0.48
0.952
10.136
0.152
1.536
0.204
6.608
2.676
1.888
0.612
2.896
0.308
1.176
5.436
2.884
0.212
0.672
0.148
1.868
0.596
2.536
3.12
6.864
1.212
0.564
0.092
0.108
0.196
0.108
3.612
5.788
0.468
1.464
2.848
2.328
1.852
1.928
3.212
1.156
0.612
0.244
0.096
0.636
3.996
9.8
0.136
0.14
3.316
8.716
0.144
1.692
0.1
5.524
0.16
0.124
3.16
0.12
1.248
0.752
1.24
0.5
0.62
5.876
0.212
0.876
0.932
0.796
1.756
0.72
7.028
2.232
3.032
0.448
0.172
1.152
0.156
0.2
0.392
0.104
0.592
0.824
0.624
0.484
0.12
0.132
1.12
0.824
0.8
4.86
2.972
0.668
1.208
0.4
1.54
10.496
3.164
0.724
0.208
0.672
0.724
4.176
0.98
1.576
3.264
1.548
0.1
1.912
0.124
0.7
0.136
1.2
0.248
2.04
0.592
1.468
0.088
3.952
0.212
1.536
0.1
0.16
6.708
10.556
0.628
0.136
1.748
1.936
0.344
10.896
5.308
6.24
0.204
6.632
1.18
0.344
0.584
0.428
0.66
3.984
1.092
6.816
0.716
0.372
0.36
4.94
4.028
0.34
2.14
3.176
0.096
2.136
4.064
0.404
2.932
1.208
0.172
0.12
0.248
3.98
0.152
0.108
0.388
2.388
1.984
1.12
0.816
0.108
0.24
0.76
0.096
0.1
0.244
0.992
0.1
2.936
10.364
0.18
3.976
1.492
0.152
1.504
0.38
2.94
0.536
2.724
1.164
1.356
4.104
1.372
4.868
0.116
0.104
7.116
0.352
1.192
0.268
0.388
0.144
0.256
0.092
0.412
0.212
1.708
4.312
0.492
0.56
0.88
0.524
5.128
0.124
0.676
1.916
0.1
3.1
1.608
2.968
1.26
0.92
0.396
1.664
5.564
0.104
0.18
3.216
0.188
0.208
0.148
4.992
3.684
0.556
1.176
0.516
0.272
0.16
1.6
5.22
4.712
0.184
5.368
0.176
0.1
0.408
2.472
3.812
1.62
6.268
0.9
3.976
1.28
0.348
1.736
0.136
0.14
1.012
4.696
0.12
0.28
2.06
6.66
0.1
2.18
0.148
0.212
2.828
1.792
0.248
0.136
0.94
1.728
3.028
0.332
1.484
1.096
4.436
0.144
4.32
0.908
0.432
0.72
1.528
1.896
0.576
1.344
0.308
0.548
2.216
2.236
0.712
0.388
3.152
5.5
0.168
0.144
0.144
0.828
1.22
6.88
0.884
1.8
6.632
1.42
0.264
0.128
10.292
0.108
0.136
2.132
0.148
5.952
0.884
0.1
0.236
2.896
0.116
10.068
0.892
0.112
4.756
0.232
0.14
1.26
2.4
4.08
0.628
0.76
0.84
0.344
0.304
2.732
0.336
0.3
0.092
1.204
1.032
0.24
0.124
4.68
0.14
0.512
1.296
1.22
1.904
0.16
1.536
0.352
2.68
0.148
3.648
5.236
0.464
0.372
1.664
0.1
1.468
0.144
0.588
0.6
0.132
0.136
0.868
0.152
0.112
0.412
0.112
9.464
0.72
0.164
0.496
0.616
1.644
4.004
0.224
2.756
0.228
0.116
2.36
3.792
0.556
0.368
3.056
0.12
0.228
1.592
0.148
3.38
3.912
0.096
1.132
2.432
1.98
0.092
0.744
0.144
0.668
5.756
0.976
1.536
1.876
2.1
1.084
1.896
4.94
0.18
0.896
0.14
0.436
0.416
2.136
0.22
0.688
0.328
1.616
0.66
0.128
0.14
1.932
0.204
2.884
0.756
0.184
0.448
0.696
0.104
1.156
0.1
0.584
4.236
0.096
0.324
3.7
0.676
0.1
1.808
2.652
0.116
0.188
3.348
3.144
1.716
0.48
4.116
1.076
2.192
0.972
7.064
2.472
2.532
0.688
0.956
0.156
0.128
0.184
2.62
1.6
1.308
0.76
4.972
0.128
1.892
0.52
0.092
0.564
0.292
0.152
2.532
2.648
0.8
0.896
4.716
5.62
5.404
1.308
2.364
5.632
4.0
4.028
0.1
0.236
0.576
0.244
0.212
0.748
1.808
5.636
0.096
0.132
1.62
0.904
0.144
6.98
1.204
0.748
6.432
0.156
0.22
1.308
1.136
4.704
0.62
0.14
0.224
2.508
2.108
0.768
0.156
6.596
0.384
0.656
3.52
2.484
3.072
0.152
4.94
0.212
1.872
0.096
1.22
0.124
4.208
0.616
1.42
3.668
0.1
1.024
2.52
5.196
9.828
0.436
4.772
0.124
3.964
0.152
0.724
0.132
0.76
0.148
4.696
0.836
0.904
2.136
0.716
0.952
2.2
0.108
0.208
0.188
2.776
1.824
2.044
0.712
0.2
0.224
3.448
4.148
0.188
6.504
0.184
0.596
1.036
0.156
10.492
6.5
2.68
4.4
0.996
1.02
1.924
0.2
5.808
0.636
3.876
0.876
0.152
2.944
1.48
5.796
1.584
0.328
0.188
0.416
0.244
0.74
1.08
0.176
2.888
1.148
0.168
3.708
0.724
0.092
0.096
0.208
0.788
0.316
2.368
9.724
0.832
0.864
1.18
0.212
1.568
0.932
0.84
0.12
0.476
6.5
4.32
0.7
0.1
5.8
1.552
0.256
4.728
9.652
0.768
4.096
0.144
0.18
0.472
0.784
5.084
0.144
3.516
2.54
3.996
4.496
0.1
6.452
3.556
0.208
1.688
4.068
0.124
1.872
0.144
1.992
0.132
7.28
0.66
0.916
3.352
1.252
1.096
0.1
0.124
1.04
0.14
3.104
7.188
0.56
0.092
0.4
0.096
0.528
1.144
0.484
1.372
1.004
0.148
0.26
9.312
3.112
0.328
0.152
2.336
0.148
2.388
2.804
0.344
4.268
1.684
4.528
1.236
0.396
0.204
2.592
0.208
0.276
1.484
4.52
0.616
0.14
2.76
0.136
0.3
0.512
0.612
1.416
2.216
0.124
7.184
0.14
0.104
0.168
0.996
0.104
2.152
7.08
0.144
1.012
0.192
2.468
0.64
0.152
2.844
3.292
0.144
4.468
0.512
4.968
2.228
0.328
8.144
0.704
0.764
1.18
1.268
0.124
8.484
0.128
0.22
0.432
8.028
1.492
0.096
2.032
0.624
1.004
8.9
1.82
1.824
3.62
6.168
0.872
0.156
0.124
1.032
8.06
0.6
0.132
3.668
5.324
1.016
0.1
0.96
2.964
0.284
0.736
4.036
2.528
0.34
1.024
1.74
3.548
0.232
0.472
2.22
2.86
0.608
0.104
3.104
1.032
3.496
0.616
2.984
3.428
1.696
4.668
1.748
0.092
1.516
0.14
0.268
0.468
0.168
0.416
0.856
5.768
3.728
0.532
0.168
3.156
0.104
0.684
4.376
0.54
1.732
0.892
0.944
0.384
0.904
0.976
0.628
1.356
1.22
0.992
8.64
0.744
1.312
0.66
1.06
0.424
0.224
4.524
0.74
0.12
0.732
3.336
2.94
0.168
1.872
4.568
1.06
0.156
2.528
0.148
5.072
0.268
2.74
0.252
0.156
3.144
0.096
0.884
1.928
0.396
1.372
0.112
2.324
2.832
3.544
0.144
0.116
0.744
1.172
0.692
2.372
1.332
2.26
0.176
1.24
0.196
1.62
0.648
0.688
1.104
2.82
2.984
0.424
4.852
0.12
1.828
0.168
1.112
2.864
1.284
1.436
1.744
0.772
0.284
2.848
1.672
1.624
1.104
0.276
1.612
1.692
0.228
3.548
0.128
0.276
0.328
0.376
8.972
0.188
0.528
0.176
5.448
1.172
5.368
1.304
0.736
0.98
0.328
0.232
0.16
0.672
0.16
6.576
1.244
0.552
1.712
3.98
4.036
0.512
0.984
0.48
0.148
0.096
2.512
3.216
0.124
6.576
6.136
8.608
0.14
0.408
2.28
2.268
0.84
0.852
2.108
1.804
9.996
0.12
1.588
2.616
0.26
0.408
2.156
0.316
0.152
0.216
1.464
2.864
0.396
1.912
1.32
3.292
0.112
1.176
4.02
0.12
6.284
7.976
2.2
3.472
0.156
7.868
2.828
1.468
0.104
1.056
1.656
2.156
4.044
0.148
2.012
1.548
8.408
3.696
1.144
5.52
1.288
5.956
0.488
0.344
1.7
3.048
2.66
0.348
4.184
0.192
0.392
1.592
3.816
7.888
8.232
0.544
0.14
1.52
2.048
0.34
0.144
0.504
0.812
2.464
1.944
4.632
0.204
0.116
1.384
0.14
0.12
1.616
0.364
4.216
1.012
0.696
2.392
4.248
0.244
0.96
0.152
1.6
1.024
4.804
9.088
1.916
0.496
1.06
0.136
0.62
2.796
2.776
3.252
0.444
3.036
1.856
3.292
0.136
3.936
0.612
1.128
2.336
3.944
0.164
7.16
1.208
0.98
0.176
2.432
0.684
0.216
0.544
2.0
0.092
2.24
0.212
3.728
0.124
0.168
4.136
1.088
0.1
2.192
1.02
0.488
2.884
0.752
2.84
1.852
0.936
0.208
0.276
4.672
0.356
1.264
0.212
2.056
1.224
0.144
0.304
1.196
4.472
2.284
0.224
1.948
0.96
0.248
0.116
0.088
4.452
1.008
1.924
0.48
0.5
0.16
0.712
1.072
0.152
1.004
0.908
2.872
0.416
2.58
0.988
3.444
0.144
1.904
0.368
2.588
6.98
0.796
0.112
0.62
9.292
0.812
10.036
3.532
1.328
0.212
3.192
7.04
0.692
0.116
1.88
3.728
0.928
0.228
0.668
5.776
1.344
2.452
1.08
0.172
3.68
5.808
0.64
1.296
1.232
0.152
0.5
0.14
0.92
2.928
2.268
1.096
1.6
0.54
8.84
0.864
0.972
0.416
2.956
0.208
0.184
0.204
3.432
0.72
0.22
3.236
0.728
0.736
1.72
1.168
9.076
4.632
1.212
0.34
0.552
0.1
0.104
2.708
2.1
0.148
1.936
1.856
0.968
0.124
0.1
0.152
1.796
0.116
1.36
2.56
0.172
0.824
0.42
0.24
0.924
2.432
0.312
0.456
4.16
0.128
6.456
10.456
0.16
0.44
0.156
0.284
1.204
0.96
0.208
0.364
0.344
4.72
0.828
0.068
2.9
0.96
0.116
1.444
0.152
0.104
0.104
7.944
0.924
0.796
0.132
1.248
0.2
4.432
0.352
0.376
0.436
0.228
0.092
0.544
1.4
3.92
0.696
0.708
5.392
0.404
1.848
0.144
0.164
0.2
4.2
0.904
6.776
7.152
0.18
0.312
10.516
0.136
7.612
0.156
10.88
8.156
0.144
1.292
1.408
7.86
1.404
3.504
0.092
2.436
0.172
0.34
8.232
0.092
0.908
3.264
3.604
0.52
0.156
2.704
0.448
1.948
0.148
4.404
2.488
4.24
2.368
2.492
0.56
2.292
0.092
0.948
0.68
0.388
2.964
1.804
3.928
0.18
1.392
0.096
0.216
3.072
2.636
3.928
0.168
2.044
1.212
1.24
0.208
2.2
0.148
3.548
0.3
6.828
0.12
2.912
2.992
0.14
1.296
1.132
1.072
0.092
0.396
0.756
0.212
0.188
5.256
3.856
0.104
2.86
0.8
0.208
0.148
2.06
1.904
1.196
0.54
4.16
1.204
1.152
7.492
0.36
0.12
0.624
2.42
0.364
1.532
4.288
2.212
1.604
2.364
1.864
1.696
0.832
1.8
0.112
0.472
0.376
0.136
2.188
1.992
0.94
1.824
1.976
2.228
0.156
1.116
3.028
0.164
3.424
1.328
1.04
5.484
4.284
2.268
6.348
2.916
4.232
3.716
0.404
0.188
2.448
0.724
0.768
4.164
3.072
2.116
0.52
2.044
0.752
2.5
0.136
3.18
4.78
0.144
0.256
0.14
0.22
0.144
3.644
4.228
5.384
4.768
1.124
0.412
1.324
1.688
1.896
0.184
1.116
1.524
0.208
4.136
0.144
0.904
8.448
8.048
1.548
1.832
4.748
0.148
0.692
1.076
2.448
2.104
4.08
0.124
2.092
2.82
1.044
0.604
10.284
1.292
3.06
1.372
0.484
3.14
1.068
0.3
1.748
0.272
2.42
0.116
0.152
0.52
0.588
2.928
0.136
8.772
0.272
1.832
2.392
0.92
2.208
1.064
2.144
7.272
1.896
0.208
0.152
0.716
0.352
3.404
0.184
1.284
0.12
0.1
0.184
1.94
5.196
0.216
0.1
0.676
0.152
3.68
6.048
7.436
0.156
0.48
1.2
0.14
0.32
1.344
3.172
5.444
0.672
1.02
0.26
1.536
5.052
0.964
0.828
0.472
0.772
3.144
1.828
4.516
3.472
0.12
3.832
0.608
1.764
4.072
0.604
0.208
0.152
0.1
2.568
0.096
8.088
0.748
0.212
1.62
4.216
0.132
1.5
2.796
1.192
0.98
0.328
3.44
0.296
1.896
0.136
0.1
0.108
0.676
2.56
1.14
0.528
1.42
0.568
9.456
0.092
1.724
0.12
2.004
0.928
0.852
2.6
0.664
2.372
0.188
0.796
0.12
1.948
2.532
6.636
1.02
0.112
0.128
0.124
0.576
0.668
0.692
0.116
4.272
0.38
8.524
5.272
0.176
0.512
1.864
0.096
2.232
0.504
1.028
1.892
1.048
0.128
4.544
5.788
2.612
0.252
3.596
0.148
2.604
1.708
0.148
0.968
2.924
3.64
3.2
0.932
1.312
0.46
0.132
1.636
0.216
1.72
0.792
0.496
0.548
0.608
0.12
1.324
0.096
0.14
4.252
0.132
1.296
5.668
0.488
0.144
3.224
0.616
5.024
4.652
0.104
2.132
0.328
3.696
1.692
1.224
1.492
0.628
0.208
1.468
2.8
5.496
1.196
2.316
3.472
3.652
1.26
0.1
0.212
0.16
0.356
0.12
2.716
0.148
0.204
5.796
9.48
2.0
0.908
0.972
0.272
0.828
0.18
0.328
0.168
0.812
1.832
0.316
0.132
0.1
0.152
0.108
0.104
0.296
0.548
1.564
0.128
0.124
0.14
0.388
9.916
0.136
0.692
3.4
0.128
0.152
2.792
4.056
0.092
0.176
0.94
0.12
2.736
1.092
1.784
0.452
1.764
0.208
0.18
1.088
0.72
0.244
0.188
2.568
0.492
0.18
1.732
0.196
2.172
5.044
0.256
0.248
1.072
1.68
2.408
3.636
0.124
0.988
0.38
0.156
0.452
0.292
0.108
0.984
4.896
3.872
0.092
0.472
0.092
0.696
3.776
3.376
0.16
0.148
0.16
0.872
0.18
2.848
1.272
3.156
2.124
0.136
6.596
0.448
0.612
0.868
5.192
0.156
4.308
0.176
0.232
0.348
0.34
2.852
0.108
0.248
9.068
1.712
1.416
0.092
0.612
4.444
0.148
0.836
1.252
3.868
4.344
4.728
0.24
1.064
6.824
2.62
0.86
1.42
0.152
0.82
0.152
2.024
0.136
5.172
0.86
0.132
0.852
0.26
0.112
0.288
0.156
1.06
3.792
7.244
0.784
8.696
3.66
2.284
9.312
1.728
0.72
0.14
0.22
0.104
1.532
0.144
5.088
3.296
5.44
0.372
1.16
4.08
0.092
2.548
2.244
0.124
2.508
2.84
0.14
4.892
4.268
2.344
4.848
6.468
7.048
1.884
0.092
0.148
6.384
0.212
1.672
0.628
2.284
6.812
0.144
0.944
1.94
0.164
11.0
1.052
1.124
0.38
6.964
0.1
0.112
0.272
4.08
0.36
0.2
0.592
4.976
1.844
0.6
0.956
1.28
4.068
3.5
3.332
2.064
1.064
0.64
0.604
2.772
3.02
0.136
0.528
3.592
0.852
0.1
2.188
0.148
4.248
2.128
0.596
3.16
0.952
3.564
1.44
0.308
0.16
0.112
5.22
0.28
1.544
1.776
0.588
0.096
0.64
0.56
5.112
1.468
1.568
5.596
0.884
0.704
1.616
0.152
0.212
0.864
0.668
5.704
0.096
0.492
1.232
0.228
0.356
0.816
0.22
2.316
0.144
1.312
0.104
1.912
0.772
1.6
2.76
0.628
1.132
0.8
0.436
0.14
3.616
1.072
2.216
6.128
0.156
0.784
1.996
6.584
0.152
3.168
0.12
0.22
0.588
0.444
0.82
0.1
2.3
0.1
0.684
4.328
2.252
0.756
0.468
0.356
1.432
0.232
1.884
2.616
5.32
7.16
0.184
0.296
0.808
0.116
2.548
1.04
0.14
1.252
0.54
2.668
1.896
0.148
0.128
0.632
0.212
1.332
2.828
2.332
2.46
0.096
0.312
0.98
0.592
0.144
0.996
0.124
1.932
3.464
0.944
0.648
0.152
0.14
0.144
0.784
0.408
0.18
0.888
3.576
0.316
4.332
0.836
1.916
1.608
0.396
0.208
2.96
1.004
0.116
1.124
0.86
1.044
0.52
0.484
0.1
9.272
0.112
10.844
2.22
0.484
0.1
0.344
0.136
0.928
0.096
0.58
1.376
2.464
2.112
0.96
0.168
3.264
0.968
1.9
0.172
1.648
0.164
3.404
0.792
0.836
0.112
0.736
1.244
6.396
7.248
0.596
1.164
0.16
2.176
0.128
0.392
0.276
1.632
2.424
3.832
0.948
3.392
2.232
1.82
0.132
4.676
2.076
0.756
8.484
0.124
2.82
3.036
2.62
0.176
0.136
4.864
0.308
1.496
2.164
2.96
0.116
1.136
1.616
2.576
0.748
1.188
0.22
1.232
0.98
0.74
0.784
0.148
2.796
0.528
2.412
2.596
0.116
4.2
1.952
0.32
1.316
0.12
3.768
0.732
1.632
0.348
2.592
0.24
0.808
0.5
0.824
0.6
0.4
0.964
0.112
2.908
1.068
1.216
0.456
6.292
0.748
2.836
0.52
0.324
7.1
0.144
0.092
0.164
1.412
0.1
4.052
0.724
0.128
10.224
0.092
0.916
0.144
0.12
2.092
5.492
0.948
0.092
3.732
0.72
0.112
2.42
0.96
3.896
0.1
0.952
2.628
3.908
1.06
4.004
1.272
0.352
0.096
0.468
0.092
0.116
0.12
2.436
1.184
0.14
3.504
1.824
2.584
0.64
3.012
0.984
2.884
0.828
0.428
1.584
1.0
0.12
0.18
0.82
2.5
2.5
0.596
4.196
0.124
0.904
3.188
1.62
1.144
2.068
9.332
4.892
0.116
0.312
3.68
0.86
0.108
2.872
1.948
0.272
0.708
0.26
3.064
0.14
0.648
1.1
0.428
2.208
2.788
0.112
0.116
0.864
0.152
0.944
0.192
6.056
1.092
0.116
1.08
2.064
0.156
6.584
0.34
3.864
1.272
2.536
0.148
1.14
0.688
3.12
1.272
0.148
0.24
0.128
0.148
0.152
0.256
7.628
0.648
0.328
0.8
1.424
6.472
3.744
0.9
0.212
0.152
1.724
2.244
0.292
0.66
0.28
0.692
4.004
0.908
1.476
0.724
0.18
1.284
0.908
7.38
6.368
3.28
0.092
0.124
1.316
3.876
0.292
1.804
5.456
7.332
9.412
0.236
4.296
4.908
0.448
0.16
1.216
2.7
2.196
5.068
0.98
2.82
3.376
0.292
0.344
4.484
0.692
1.488
1.664
5.42
1.188
0.18
5.212
0.088
2.608
0.284
0.96
0.148
7.576
0.68
1.348
0.232
1.388
0.108
0.228
0.992
2.92
0.148
0.196
1.104
0.604
0.508
2.488
5.212
1.776
2.716
1.6
0.156
1.74
0.176
0.1
4.456
0.136
2.932
7.244
0.34
4.76
10.3
0.204
6.04
2.248
2.488
0.456
0.868
4.548
0.884
7.312
0.78
10.272
0.92
4.96
2.688
0.184
0.44
0.804
1.444
2.308
0.78
0.304
2.972
1.124
1.348
0.208
0.128
0.764
4.648
0.14
0.104
0.344
1.816
7.804
0.796
3.492
1.82
0.188
5.784
0.716
0.9
0.388
1.948
9.488
2.812
3.288
1.252
3.752
0.896
0.204
1.56
6.992
1.46
0.1
0.108
0.528
2.88
0.108
0.104
10.504
2.284
1.316
2.004
0.6
2.132
2.644
1.58
2.796
8.8
0.112
0.828
3.732
1.644
0.144
0.8
4.528
1.544
0.932
0.668
1.228
1.504
1.828
10.604
0.092
2.004
0.128
0.72
3.188
1.312
0.092
0.592
1.696
0.14
0.276
3.0
0.528
0.1
4.224
0.364
2.192
3.368
4.304
0.88
7.4
2.352
2.532
0.156
0.104
1.668
4.172
1.332
0.096
0.096
0.132
0.632
0.28
0.46
1.248
7.44
4.408
8.896
0.608
0.152
2.556
1.584
1.976
0.788
4.564
1.152
6.096
0.176
0.388
0.14
4.564
0.108
6.196
3.152
0.1
0.684
0.272
3.888
0.996
0.432
2.072
1.08
0.132
0.12
3.524
0.164
5.548
5.144
0.712
0.192
3.732
0.148
3.288
0.188
0.136
0.128
0.112
2.0
0.192
2.384
0.096
1.9
1.696
3.508
0.844
0.424
9.108
2.38
0.148
6.212
0.708
1.064
2.204
1.984
0.672
4.096
3.24
3.752
0.708
0.808
1.9
0.264
0.26
0.316
0.552
0.696
0.236
0.152
6.68
6.128
0.476
0.628
7.376
0.368
0.892
0.588
2.728
0.312
2.852
2.504
0.144
6.704
3.952
0.848
2.228
0.832
0.972
1.208
2.74
0.164
0.112
0.692
0.648
1.832
2.556
0.92
0.408
1.584
1.932
4.156
0.152
4.972
1.596
0.4
0.132
2.472
0.152
0.152
3.772
0.244
0.512
0.732
1.248
3.472
1.468
2.172
1.828
0.14
0.108
0.444
0.852
0.116
4.656
1.196
6.604
0.148
0.608
2.924
10.156
0.148
0.136
3.644
1.48
0.2
4.552
2.372
1.808
1.164
2.012
1.352
0.464
4.776
2.224
0.396
0.876
1.0
4.908
9.624
0.256
0.112
4.852
0.404
0.14
0.104
1.364
0.12
0.176
1.096
3.024
5.344
0.156
0.152
1.576
7.212
1.144
2.168
0.136
0.148
0.708
1.228
0.096
0.432
7.628
8.604
7.644
0.108
1.964
0.168
2.388
0.6
4.28
0.156
0.66
0.144
1.188
2.14
0.472
0.184
0.1
0.408
0.288
1.612
1.04
0.144
1.508
3.312
0.868
1.124
0.092
0.684
2.036
0.448
3.304
0.108
0.412
0.14
2.052
1.796
0.12
0.356
0.14
0.356
1.46
0.1
6.868
2.6
0.54
0.528
2.82
0.652
2.276
4.96
10.036
1.348
0.312
0.336
1.348
0.892
0.124
0.12
3.004
0.128
1.84
4.316
0.532
0.416
3.72
3.076
3.548
0.976
0.244
10.976
0.572
2.4
2.18
1.044
0.128
2.072
0.124
2.704
0.128
0.428
1.148
0.072
4.008
0.092
2.004
3.308
4.028
0.128
1.288
0.204
0.236
0.26
3.156
1.696
0.748
0.912
6.276
3.952
1.5
0.732
0.144
0.796
2.176
7.448
2.928
0.128
4.728
6.144
2.096
6.236
6.316
1.864
8.444
4.536
0.168
6.308
2.88
0.172
0.12
2.804
0.204
0.852
0.92
4.64
4.508
0.752
0.44
0.128
8.272
0.112
3.188
3.096
0.44
0.168
0.116
0.756
3.916
3.932
10.792
2.624
9.396
1.18
1.852
1.8
2.02
0.204
1.648
1.508
1.668
1.436
0.568
1.428
1.488
1.648
8.772
2.748
1.98
0.104
0.14
0.692
9.304
0.244
0.18
0.736
0.724
0.16
0.148
0.108
0.432
2.476
4.38
1.624
0.848
2.568
1.884
0.784
0.472
7.508
0.104
0.1
2.576
2.12
0.096
4.78
4.308
0.14
0.392
5.708
1.392
3.816
0.484
0.892
2.184
1.38
6.864
0.096
1.2
1.208
0.472
0.64
0.6
0.248
3.86
3.036
1.952
0.128
0.092
3.096
1.296
0.14
2.06
0.724
2.684
0.12
0.696
0.628
2.684
0.14
0.584
0.86
9.228
0.44
0.128
5.028
0.648
2.152
1.208
1.504
0.856
1.688
0.152
0.148
2.864
0.364
0.096
1.296
0.172
0.128
3.52
0.148
0.436
1.412
5.016
0.116
0.156
2.58
0.192
0.204
1.188
0.164
0.152
3.752
2.256
0.184
0.968
0.1
1.436
1.004
4.084
0.388
0.196
1.392
0.928
0.204
0.096
3.372
0.672
0.82
0.288
1.476
0.172
3.24
0.612
2.968
0.284
1.868
3.356
0.916
0.384
0.192
0.152
2.996
2.24
1.0
1.32
0.132
0.344
0.388
0.436
5.32
0.112
0.124
0.3
0.132
0.16
4.148
0.688
0.088
1.208
1.608
0.988
1.488
0.18
2.244
0.2
0.096
0.24
0.196
5.024
1.748
4.12
2.848
4.86
0.316
2.428
0.856
0.256
3.196
1.24
2.264
0.5
0.244
1.872
0.512
2.164
0.3
0.436
0.532
2.596
1.552
0.168
1.568
0.152
0.972
0.204
7.672
1.028
0.536
0.148
0.788
0.104
1.408
0.388
0.58
0.78
0.1
1.408
0.616
0.228
3.28
0.372
2.208
2.716
0.092
7.42
7.876
0.388
0.956
0.144
0.148
0.112
3.884
0.104
2.02
0.492
3.02
0.332
1.176
0.272
6.084
1.868
1.344
2.748
0.176
5.056
0.232
0.156
0.904
2.084
0.096
2.448
2.492
0.1
6.548
0.864
0.2
0.248
6.02
1.184
1.188
0.444
1.236
1.384
3.6
0.188
1.052
1.752
2.252
2.568
4.196
0.764
0.12
0.372
1.064
3.724
2.576
3.816
0.108
0.568
0.096
4.14
0.124
2.732
1.364
0.156
2.904
3.176
4.284
0.504
0.332
0.452
1.12
0.356
0.12
0.228
0.352
8.024
6.072
0.144
0.288
0.328
0.32
5.916
0.304
0.1
0.76
0.096
1.472
0.144
0.696
0.348
0.452
0.1
3.832
0.432
2.356
0.204
0.876
3.036
0.368
3.284
0.224
0.26
0.1
0.532
3.964
6.128
5.736
1.544
0.732
1.4
0.228
2.88
0.272
0.152
0.092
0.58
5.056
2.404
1.428
3.164
0.904
0.216
5.124
0.912
0.308
0.752
2.884
3.628
2.348
0.192
6.52
0.208
0.548
0.148
0.092
0.136
1.408
5.796
4.408
0.292
0.148
3.996
0.18
1.564
0.456
4.0
3.756
0.208
0.568
0.644
2.556
0.696
4.528
0.628
0.612
1.904
0.792
1.612
0.144
1.788
0.2
0.316
0.152
0.152
1.336
2.316
3.524
2.656
0.152
0.38
7.204
9.664
9.928
1.872
0.104
0.808
1.284
0.216
0.436
0.816
0.308
0.936
0.144
0.1
0.708
0.724
5.856
0.908
0.092
2.008
0.136
0.228
1.628
0.1
0.116
1.14
0.112
0.212
0.36
2.512
0.644
0.144
10.368
2.8
1.084
0.128
0.14
0.128
0.12
0.372
0.136
3.904
1.236
0.284
3.252
4.524
2.104
0.468
4.324
0.572
1.652
2.384
4.76
0.52
1.032
1.052
0.984
7.716
0.128
4.08
3.396
2.832
1.66
0.812
0.144
0.38
0.16
0.196
1.224
0.24
4.04
4.372
0.128
0.492
2.848
1.732
0.796
7.544
5.648
0.536
4.192
2.54
0.584
9.48
3.804
2.776
0.292
1.72
8.0
0.264
4.384
0.184
0.104
0.648
2.328
6.78
4.048
1.972
0.344
6.936
1.568
3.316
1.168
4.728
0.196
0.488
1.62
0.644
0.152
2.16
2.696
0.448
0.136
1.736
1.256
4.508
0.688
1.304
0.456
0.148
0.52
0.116
0.2
2.256
1.052
0.116
0.096
1.304
0.284
2.888
1.76
0.096
1.232
0.116
2.496
0.324
1.86
0.268
0.556
0.936
0.48
0.212
5.76
0.14
5.312
0.312
1.824
1.916
0.144
3.204
0.1
3.612
1.316
0.148
0.636
0.472
1.616
0.24
0.096
1.02
2.616
0.14
0.696
2.752
0.108
0.404
0.116
1.248
0.396
0.312
2.032
0.196
0.72
1.472
0.532
0.416
1.1
0.12
0.176
0.096
2.02
1.292
2.772
3.36
2.172
0.14
2.964
2.716
0.128
1.288
0.14
3.588
2.22
0.18
0.12
5.308
1.396
0.88
0.156
0.148
0.34
3.004
0.492
0.688
1.092
1.504
2.58
1.852
1.844
0.8
0.152
1.412
0.396
0.12
5.06
0.316
0.184
0.976
10.244
1.336
5.792
0.148
0.268
0.5
0.224
3.128
0.14
0.42
1.78
3.56
4.12
0.916
2.664
9.32
0.14
0.904
0.888
0.124
0.128
0.404
2.768
4.22
6.98
2.948
0.556
3.46
0.092
3.584
1.94
6.084
0.884
2.944
0.856
5.456
1.088
0.748
1.764
1.692
2.36
7.8
0.64
0.108
3.148
0.144
1.996
1.876
1.636
0.456
9.592
2.928
3.724
1.036
0.948
0.84
1.736
5.24
0.148
4.192
2.432
0.912
0.504
2.208
0.172
0.152
0.096
0.188
4.532
0.392
0.096
0.356
0.168
1.344
0.788
2.544
3.052
1.908
1.504
0.096
0.896
2.66
0.78
1.22
0.312
0.656
5.672
0.144
10.676
0.116
0.116
0.1
0.148
1.456
0.1
4.6
2.724
0.244
2.72
0.832
2.952
3.804
1.42
1.064
3.092
2.472
2.364
0.228
2.34
0.136
1.308
1.628
7.164
1.54
3.12
1.14
0.14
3.468
1.04
0.136
0.18
11.008
1.028
0.14
2.544
1.308
0.1
0.804
1.384
0.148
8.428
1.812
0.16
0.376
0.152
0.1
1.18
0.096
3.08
3.788
0.14
0.096
0.236
0.412
0.1
3.84
0.152
1.78
1.228
0.532
1.62
1.936
0.968
0.16
0.096
0.804
0.14
4.976
1.548
1.196
1.856
0.884
0.576
1.256
1.848
10.02
9.912
0.208
3.224
0.46
5.128
0.148
0.216
3.132
4.144
0.1
3.876
0.184
0.104
0.972
1.392
0.124
5.308
6.044
0.116
0.124
0.104
0.188
2.228
0.136
0.132
8.992
0.14
0.92
0.132
0.352
0.532
0.84
3.176
3.228
2.048
5.704
0.184
0.156
2.7
0.12
1.74
2.06
0.42
1.344
0.152
0.164
0.364
2.472
6.332
1.124
3.992
1.788
0.096
1.216
0.156
2.24
2.244
0.148
0.396
1.664
0.804
0.372
0.8
0.128
1.976
1.02
0.952
0.104
7.368
1.596
0.552
3.272
2.0
0.192
1.016
10.18
1.632
1.128
3.8
1.8
0.144
0.1
0.256
1.356
1.408
0.216
1.5
0.136
0.452
2.16
0.808
3.596
1.696
0.628
1.836
4.104
1.944
0.992
0.604
0.172
0.132
0.536
0.844
1.668
0.404
2.656
0.152
9.992
1.128
0.14
0.516
0.104
2.912
6.464
2.884
0.236
0.104
0.308
0.252
0.344
0.552
4.788
0.144
2.276
0.1
0.1
1.6
0.256
0.112
0.16
2.54
0.24
0.136
1.964
0.1
2.8
0.104
1.528
0.488
2.164
4.84
1.372
0.68
0.208
3.896
0.284
5.856
2.796
1.192
3.228
0.152
0.096
1.832
0.196
0.204
0.132
1.404
1.496
7.552
1.124
3.368
0.428
0.116
1.036
6.224
4.08
0.216
3.508
4.364
4.736
0.152
0.292
1.088
4.348
1.524
2.916
5.756
1.016
0.152
0.12
0.212
1.896
0.272
0.668
5.728
1.58
2.076
0.852
0.48
0.7
0.74
0.16
0.148
0.512
3.08
3.324
0.708
1.68
10.864
0.292
4.196
0.836
3.7
7.78
0.14
0.156
3.116
1.128
0.144
7.164
0.152
0.184
2.524
2.396
8.724
0.116
1.556
2.808
0.272
0.78
0.144
3.732
0.968
1.744
1.268
0.6
2.504
2.648
0.108
3.864
0.9
0.216
0.24
1.248
8.484
1.22
2.3
0.112
1.188
1.624
0.372
0.1
0.176
0.344
0.168
0.304
1.58
0.704
0.972
0.116
1.032
0.748
0.376
3.892
0.212
0.828
0.16
1.512
0.408
0.128
0.392
0.784
0.604
1.02
0.304
7.56
1.744
0.76
0.6
1.728
0.1
0.484
0.54
1.476
4.428
0.876
5.364
0.096
9.896
0.404
2.08
9.772
0.156
0.384
2.848
2.128
0.096
3.516
0.312
0.3
1.228
7.904
1.0
1.692
10.628
0.1
3.112
0.124
0.752
2.788
2.184
0.488
0.476
0.208
3.804
6.012
1.472
0.816
3.688
0.148
2.0
2.412
0.272
0.148
0.556
0.388
3.004
0.14
4.752
0.724
1.644
0.604
0.152
1.584
3.72
0.176
4.892
0.42
6.428
0.112
4.004
1.364
0.896
0.292
1.552
3.94
0.1
0.972
6.864
0.732
0.288
2.744
4.468
10.06
0.356
0.268
9.508
1.624
0.144
2.096
0.148
5.64
0.544
1.204
0.14
3.096
0.14
2.392
1.584
0.288
0.356
1.86
1.56
0.692
0.908
6.288
2.044
2.996
0.312
0.172
0.096
0.876
3.0
1.304
10.916
0.108
3.112
0.608
1.452
0.668
0.82
4.32
0.744
2.432
0.48
0.22
2.288
0.264
0.588
1.0
0.132
3.0
0.708
0.6
0.308
1.98
0.168
1.352
0.668
0.588
6.176
5.716
0.148
0.424
1.864
1.656
0.5
2.6
0.344
2.02
1.752
0.648
1.38
0.14
1.268
8.16
10.728
3.024
0.728
0.108
1.856
0.096
0.268
1.74
0.248
1.204
0.856
6.468
4.316
0.56
0.092
1.072
2.156
0.604
0.352
3.344
0.264
2.036
1.556
0.152
0.16
1.888
1.872
0.088
0.28
7.364
0.112
0.628
0.116
0.156
0.12
0.148
4.648
0.936
0.144
0.332
3.804
2.008
0.132
0.536
2.96
0.212
0.44
2.904
0.116
0.116
0.244
1.068
3.8
3.276
0.216
1.272
0.172
5.364
1.604
0.14
1.472
7.404
0.656
1.232
0.108
0.172
4.844
0.18
0.152
0.148
3.14
0.352
1.66
0.148
0.496
0.204
2.576
0.212
6.732
0.152
1.632
0.696
1.228
0.52
2.884
0.368
2.992
0.12
1.52
0.1
0.196
0.128
1.76
0.536
5.844
0.152
1.544
1.956
4.884
3.024
1.316
3.556
0.144
1.572
3.34
0.124
0.152
0.792
7.452
0.344
0.496
0.3
0.176
0.592
0.292
0.188
4.676
0.776
0.092
0.26
3.64
7.14
0.208
4.508
0.108
0.288
0.82
9.12
1.416
2.068
0.992
0.312
0.568
0.628
0.16
4.36
0.208
2.26
3.18
0.12
0.392
4.244
0.096
0.2
0.724
0.584
0.96
1.732
3.276
0.828
3.08
0.152
3.072
1.364
2.428
4.46
1.432
0.912
1.512
1.384
0.604
3.376
3.184
2.752
0.26
1.096
0.324
7.856
1.048
6.52
0.104
0.54
1.304
2.02
0.744
2.604
2.372
3.832
0.956
0.668
3.564
1.956
7.096
0.916
0.3
0.144
2.82
2.612
1.704
1.392
0.204
3.244
0.504
5.512
0.204
3.876
7.776
0.512
6.304
0.332
1.168
0.284
1.248
1.196
4.792
0.988
4.036
0.788
0.1
3.424
0.42
3.18
1.324
7.32
4.52
1.244
1.4
3.184
0.288
4.108
5.872
0.552
0.608
9.372
0.172
0.876
0.268
1.804
0.212
3.436
0.576
0.964
1.464
1.752
0.356
0.472
0.2
4.644
4.732
0.256
0.484
2.272
0.14
3.52
0.544
4.744
3.208
8.364
4.664
2.52
1.212
0.1
1.344
1.296
9.472
0.844
2.66
0.496
1.796
2.764
0.256
3.668
3.428
2.012
8.72
0.12
0.284
4.184
3.152
1.048
0.092
0.076
1.796
0.144
7.028
7.096
2.944
0.716
7.724
2.456
1.248
2.24
2.652
0.612
0.096
2.612
0.32
0.936
0.948
2.88
4.772
4.816
1.688
1.788
1.34
0.424
1.276
4.116
1.556
0.256
1.512
0.124
2.6
0.1
0.56
1.312
1.98
1.54
1.6
10.628
3.456
10.02
0.532
4.184
4.268
1.552
1.148
0.372
0.908
1.684
7.028
1.952
0.684
2.892
2.296
6.4
4.756
2.968
4.0
2.816
0.24
0.524
0.608
1.252
0.32
0.68
1.848
0.536
4.752
2.356
1.028
0.092
2.256
0.772
1.188
5.612
3.076
2.08
3.168
5.488
10.592
2.392
0.932
3.772
5.236
2.396
0.692
6.608
2.836
4.708
0.172
2.128
0.752
0.228
1.184
5.452
0.848
5.316
2.14
2.716
0.988
2.948
6.036
1.704
11.076
0.708
1.32
1.224
1.304
8.828
3.224
2.968
1.364
0.088
4.436
7.12
3.848
0.648
0.256
2.28
0.116
0.248
0.992
0.492
1.248
2.864
5.316
0.292
8.552
2.048
0.536
1.704
0.204
0.312
1.984
4.576
2.324
1.412
3.468
1.444
1.216
2.676
6.44
1.3
1.048
0.62
0.212
6.232
5.172
2.724
1.028
7.052
1.292
1.668
1.808
2.944
1.548
1.548
0.888
2.42
0.292
0.288
1.276
6.54
1.4
4.32
3.1
1.688
0.548
1.332
0.124
1.116
4.728
2.056
0.084
1.66
1.728
3.436
3.976
0.796
0.76
2.456
0.24
1.02
5.056
0.196
1.168
0.224
9.392
1.104
0.772
0.768
5.38
1.88
1.928
1.348
1.708
1.84
1.82
0.512
0.284
1.164
0.38
5.684
3.208
0.676
3.936
0.672
2.044
0.3
0.464
2.568
0.136
2.44
2.332
3.016
4.936
2.46
1.676
1.544
0.228
0.976
1.812
1.224
7.472
4.132
2.272
0.72
0.952
0.144
0.616
0.372
0.088
1.492
0.196
1.748
1.04
4.788
1.312
7.108
3.556
2.152
0.632
2.296
5.968
0.432
0.38
1.396
0.66
8.84
8.748
0.728
0.212
0.804
0.364
1.272
5.156
0.644
4.4
0.2
2.408
10.712
1.9
0.108
3.04
4.008
2.048
0.88
2.292
0.18
4.612
3.1
4.604
1.444
1.352
1.232
1.716
1.024
1.904
7.896
1.4
1.624
1.26
2.964
3.148
1.132
1.656
0.564
1.464
2.388
0.208
0.824
8.804
3.644
0.204
5.912
1.92
3.016
3.304
2.232
2.428
0.272
4.196
2.696
2.34
5.328
4.984
0.396
6.78
7.172
1.24
3.804
3.356
0.752
4.912
0.788
7.368
0.568
0.3
4.04
10.04
3.088
3.348
0.076
4.792
6.184
0.264
9.464
8.852
2.596
1.608
0.884
0.404
1.036
1.468
10.456
3.368
0.184
0.164
1.516
0.864
2.708
2.168
2.984
3.32
2.828
1.268
0.132
0.92
5.488
2.332
0.284
0.2
0.828
5.772
0.716
4.696
1.9
5.08
3.08
1.704
0.46
3.452
8.432
1.564
0.956
1.204
0.18
2.824
5.384
1.14
3.768
4.56
0.728
0.608
2.464
5.752
0.86
1.832
4.584
0.576
0.348
0.212
0.192
0.712
4.436
0.108
3.62
1.332
0.26
1.444
5.48
0.944
0.404
0.712
3.48
1.876
0.232
1.264
0.124
1.36
3.872
0.908
1.188
0.58
4.908
1.156
2.464
10.924
4.464
0.62
0.464
0.24
1.092
8.008
1.44
5.764
1.096
3.356
0.436
1.96
0.592
0.656
0.768
1.388
1.352
1.272
0.448
2.112
4.164
3.332
1.968
1.408
1.16
1.052
0.928
1.268
0.908
2.792
1.112
4.18
8.62
3.692
3.94
0.116
7.632
6.132
0.628
0.208
2.196
1.612
2.6
10.408
1.296
0.536
5.532
6.316
2.056
5.204
2.192
4.536
5.564
2.696
3.872
0.4
0.592
0.236
10.644
1.54
0.696
2.388
1.496
0.132
0.58
7.62
0.304
1.504
0.176
0.996
0.836
1.428
0.192
4.784
3.064
0.384
1.576
1.668
0.42
2.776
0.468
3.98
0.968
4.756
0.532
3.704
7.42
3.972
1.52
0.264
3.268
2.504
9.832
0.8
0.796
4.832
0.68
2.336
0.728
1.856
0.56
1.184
7.7
0.264
0.2
3.412
3.48
3.256
0.768
1.708
1.02
0.148
0.412
0.212
3.644
0.684
0.936
0.312
0.248
4.884
7.444
0.372
0.2
0.228
7.196
0.58
5.108
0.46
2.296
2.66
2.46
0.224
7.74
3.996
5.008
1.948
1.204
0.536
1.672
4.348
0.072
1.988
2.288
3.324
0.336
2.78
3.064
1.812
4.32
0.848
0.568
0.348
0.824
0.736
9.272
0.984
0.668
7.728
1.84
3.836
0.36
0.284
0.996
2.996
2.956
1.152
0.072
1.62
0.964
2.004
1.824
0.272
7.272
1.324
0.772
0.336
1.308
0.356
1.86
0.292
0.956
0.212
1.696
0.732
1.712
0.172
9.836
0.212
1.148
8.756
0.116
0.268
1.02
1.416
1.7
1.252
10.68
0.264
6.476
1.716
0.832
1.424
3.748
3.512
0.6
1.232
8.048
1.224
5.44
0.18
10.348
8.256
2.052
6.976
1.244
5.06
2.46
1.86
4.044
1.508
3.172
1.48
2.22
2.38
2.708
0.76
5.984
0.92
3.124
0.28
0.432
0.312
0.316
1.124
3.912
5.032
2.212
5.624
1.284
2.568
8.328
2.26
3.216
5.376
2.02
2.056
4.744
1.152
7.556
0.336
0.392
1.136
3.412
0.144
0.32
11.048
0.324
2.364
1.284
5.752
4.592
3.224
2.412
1.488
8.0
0.156
2.176
2.772
3.084
5.704
0.096
0.508
4.708
3.288
0.196
3.564
3.6
0.08
2.708
7.952
1.212
1.108
9.92
4.004
4.288
4.496
0.732
0.348
2.932
4.216
10.608
0.192
0.74
0.94
1.952
1.196
0.488
6.388
0.292
1.004
2.504
5.796
3.728
7.428
4.104
6.708
0.516
1.488
2.52
6.24
0.732
2.692
0.212
0.508
4.432
2.604
4.432
0.872
1.152
1.148
4.688
3.012
6.116
1.708
1.268
0.2
2.656
0.808
0.928
1.66
1.184
6.452
0.668
3.548
0.328
0.168
4.752
8.988
1.896
0.572
1.212
0.32
0.752
1.388
4.316
2.88
1.876
2.588
0.428
7.36
2.712
0.2
0.712
9.24
0.46
2.504
0.724
9.392
4.568
0.66
4.464
4.028
0.144
0.084
5.656
0.956
0.372
1.028
1.404
1.76
1.66
3.148
4.652
1.02
0.952
0.532
0.792
2.208
0.068
2.332
3.648
0.224
1.16
1.376
6.312
0.128
3.332
3.164
0.532
2.488
3.144
0.136
6.152
4.128
1.172
4.244
2.56
0.716
1.352
0.248
0.204
0.332
4.912
7.088
2.54
2.308
0.288
0.196
0.12
0.896
10.12
7.384
2.496
2.588
6.316
1.728
11.068
2.924
10.468
3.284
0.696
2.548
0.82
4.908
0.684
0.468
0.688
0.552
0.24
0.54
0.08
10.388
1.204
4.46
6.252
1.04
0.216
9.82
1.952
1.6
0.7
1.604
1.32
0.788
9.556
4.04
4.024
2.164
0.34
0.972
0.388
3.88
3.664
3.28
0.488
0.728
1.292
9.492
0.688
0.704
3.684
4.388
1.048
2.984
1.72
0.884
1.78
0.436
0.524
0.32
0.584
1.468
2.564
7.732
8.556
0.34
1.7
0.224
6.788
2.228
0.172
6.408
3.512
2.004
1.264
8.26
0.84
0.464
1.868
1.088
1.54
7.4
10.548
0.612
3.732
0.64
1.796
0.276
0.42
0.236
2.232
2.92
7.94
1.936
3.016
0.548
3.764
1.464
2.292
2.552
0.512
1.532
0.444
5.072
1.94
1.8
2.504
2.808
1.44
0.756
0.508
7.128
1.076
0.74
0.556
0.592
0.208
1.992
0.332
2.68
3.316
4.712
1.46
5.324
0.604
1.456
1.212
0.184
4.572
0.756
1.6
0.744
2.432
2.42
2.152
0.396
1.588
0.552
0.908
4.444
1.128
0.52
5.988
2.348
9.296
1.496
1.116
1.136
4.8
3.868
5.656
2.4
0.128
2.444
2.628
0.504
3.868
2.228
3.452
2.54
0.176
3.54
1.36
5.02
9.732
4.928
4.816
2.568
0.22
0.916
2.044
5.132
0.428
6.852
10.908
0.168
0.08
0.308
0.264
3.412
0.764
1.832
3.844
0.732
0.132
5.008
0.896
2.372
0.944
0.68
0.624
0.436
0.328
10.78
0.42
0.276
0.364
2.34
1.08
1.148
3.508
0.752
5.448
5.656
4.076
4.124
1.564
0.128
3.932
0.484
0.164
0.348
0.128
0.084
5.26
2.36
0.424
7.2
1.14
0.516
6.008
5.096
2.564
2.336
8.788
0.928
0.18
10.376
1.22
10.084
2.664
2.52
0.404
10.16
7.46
1.08
6.708
5.448
0.936
0.988
1.156
6.18
0.592
0.184
0.476
1.828
2.808
0.34
1.22
0.396
0.452
5.408
3.032
11.092
0.72
2.552
2.476
2.236
1.0
0.288
3.42
7.708
4.0
1.568
1.316
2.184
3.368
1.552
0.376
0.208
6.956
5.128
0.636
2.412
6.332
3.088
1.324
0.196
3.128
0.868
1.46
3.488
1.112
6.808
0.636
1.332
1.08
2.156
3.84
1.148
0.68
0.656
1.836
0.336
4.848
1.244
7.024
4.012
0.536
0.216
9.656
2.744
0.732
0.416
1.128
11.072
1.496
3.616
2.456
1.048
0.908
5.404
0.268
0.7
0.344
0.352
5.6
1.848
0.88
0.58
0.348
7.052
0.884
1.152
0.784
2.7
0.916
0.392
1.992
0.416
0.216
1.084
1.404
2.132
1.972
4.22
0.584
0.996
2.068
0.992
4.92
1.26
3.428
5.928
2.264
0.152
2.54
0.644
1.588
0.564
4.04
2.26
0.392
5.728
2.788
2.136
2.288
0.092
2.64
0.336
9.5
0.14
2.884
0.352
2.02
0.456
1.764
0.856
7.72
4.076
0.692
5.324
9.312
0.08
0.188
2.844
0.128
6.296
0.564
2.012
7.544
3.596
3.008
0.156
1.436
4.276
2.908
0.604
1.012
1.088
0.472
0.292
0.7
1.28
0.48
0.948
0.888
0.268
1.36
0.42
2.976
2.112
2.5
1.036
2.204
4.532
0.464
0.632
1.244
7.016
1.008
1.724
1.58
0.248
1.496
1.512
1.376
0.552
4.552
9.92
0.476
1.504
0.224
0.756
0.984
9.308
5.108
0.896
2.416
0.608
0.636
1.82
0.672
10.672
0.736
0.916
0.596
0.22
2.516
7.936
0.46
2.244
1.296
1.364
2.316
0.32
0.272
2.836
2.056
0.492
0.5
1.368
3.116
5.9
0.224
1.452
4.708
3.952
3.4
2.592
1.068
1.192
7.324
0.252
4.224
1.94
2.196
5.256
10.028
0.484
1.18
4.112
1.3
0.096
0.264
3.048
10.2
1.204
2.712
4.116
0.068
2.248
2.4
1.456
3.896
1.076
2.808
0.476
10.752
2.46
1.036
0.38
0.148
0.628
3.244
0.504
4.584
0.352
0.32
3.872
0.2
5.3
3.052
0.204
0.516
0.4
0.164
1.088
1.448
4.492
0.992
0.492
1.68
4.5
1.356
2.744
7.052
1.684
0.548
3.184
0.376
1.856
3.048
1.436
7.772
4.224
1.536
0.104
1.072
5.728
0.076
0.16
1.752
2.076
5.608
1.644
0.544
1.628
0.32
3.928
0.312
2.664
1.08
4.256
1.712
0.284
0.72
1.552
1.908
0.14
5.14
0.084
2.404
1.384
0.188
11.0
0.488
2.696
2.932
1.292
5.716
1.86
3.448
1.288
3.384
0.288
2.644
3.68
3.424
1.08
6.272
4.344
2.048
0.292
3.72
0.532
0.996
1.928
2.5
5.896
9.428
0.576
3.308
1.204
1.128
3.692
4.16
0.98
0.464
0.632
7.488
5.924
3.608
0.4
9.688
0.956
7.096
5.38
1.78
2.58
0.28
0.936
1.464
9.952
1.16
2.548
2.548
4.236
0.976
1.764
0.876
2.124
1.172
1.82
0.48
5.812
0.556
3.74
4.964
2.76
7.22
1.568
0.9
3.592
2.58
0.804
0.084
1.96
1.728
1.62
0.62
5.668
2.044
0.964
6.58
0.076
10.04
0.392
0.744
1.308
7.984
0.212
0.984
0.536
0.136
2.188
4.32
0.812
2.428
1.372
0.312
0.204
1.84
1.976
0.564
3.624
0.124
1.612
1.304
0.924
9.808
1.436
3.988
1.376
1.168
0.692
1.092
4.928
0.372
1.696
0.552
2.2
2.388
0.112
1.6
0.888
0.088
1.364
0.832
1.056
3.844
7.388
1.184
3.996
0.888
1.832
0.324
2.456
2.368
6.084
3.152
0.896
2.928
1.092
1.856
0.096
0.596
0.624
0.348
1.224
4.044
0.372
1.148
0.908
10.776
0.776
0.436
9.344
0.896
0.652
1.62
3.116
2.176
0.54
1.62
3.02
3.752
0.072
0.264
0.2
2.896
1.604
1.284
1.372
0.868
4.596
6.212
0.8
2.572
0.672
0.188
0.728
0.2
4.256
0.836
0.084
0.696
5.676
0.356
0.712
1.012
3.024
2.824
0.256
3.248
0.396
4.404
0.604
5.152
0.824
6.34
0.584
0.872
1.156
1.524
4.304
1.66
2.988
0.812
0.62
1.16
0.748
3.048
1.016
3.724
0.088
1.14
1.264
2.972
1.228
2.36
5.056
1.956
2.028
4.636
3.632
0.916
9.488
3.504
0.78
0.46
2.672
0.692
6.452
1.084
0.456
0.456
2.128
0.252
4.48
0.488
0.188
1.216
4.148
5.588
2.568
5.26
1.34
6.808
0.12
0.628
1.128
5.308
5.72
7.028
0.448
1.124
0.16
1.824
6.72
1.928
1.16
0.068
1.832
3.884
1.936
1.204
0.152
9.344
3.496
2.14
2.676
0.756
6.584
1.124
1.644
1.32
8.516
3.252
11.016
0.264
3.064
4.508
1.532
0.352
1.852
5.156
5.012
0.312
7.0
2.16
0.244
2.164
0.216
1.86
9.636
5.676
0.152
0.524
0.652
0.504
4.64
0.672
2.252
4.1
0.1
3.956
0.476
4.128
5.332
4.364
11.028
0.9
1.012
1.688
0.336
1.556
1.312
0.204
7.136
0.696
1.04
0.064
3.968
6.404
0.072
7.132
5.764
7.476
6.556
1.172
7.48
0.904
0.616
1.444
5.668
10.44
3.372
2.456
0.196
0.696
0.388
3.328
4.488
4.352
0.832
0.896
2.74
0.82
3.9
0.548
0.884
1.784
0.076
1.8
7.128
8.136
2.692
0.748
5.492
2.66
4.332
2.184
6.448
1.572
0.572
1.04
0.48
1.188
10.488
2.328
0.436
1.688
10.724
0.676
3.58
1.6
0.484
9.036
7.18
1.216
0.256
0.168
0.48
0.856
4.78
0.164
1.34
0.768
0.76
1.904
0.352
1.384
0.624
1.356
0.484
0.52
1.064
0.28
0.488
1.412
3.304
1.216
1.456
1.28
1.672
0.988
4.064
0.216
0.22
0.832
0.92
3.464
1.6
2.736
0.204
2.584
1.604
4.324
3.376
0.572
7.92
10.808
0.388
0.244
0.544
2.3
0.416
6.004
3.844
1.856
0.172
0.264
3.848
2.376
0.948
2.34
1.792
2.124
1.948
0.66
2.644
1.272
0.816
0.204
1.436
0.08
1.476
0.348
0.4
1.132
1.136
4.484
0.636
6.808
2.56
6.04
3.228
0.856
5.632
0.196
1.304
0.672
1.752
0.544
6.048
0.244
3.672
5.588
2.324
0.3
0.496
2.376
3.248
2.868
0.38
0.78
1.172
0.236
2.816
0.104
0.5
2.788
5.212
2.12
1.216
0.4
0.244
9.852
0.256
0.524
1.324
7.784
1.088
5.084
0.236
9.932
0.544
1.176
7.54
7.8
1.32
0.28
1.616
2.184
7.96
0.1
1.216
0.184
0.424
0.696
0.812
1.644
2.368
1.232
3.128
0.752
0.984
1.308
2.264
1.596
1.172
4.12
1.564
0.408
1.972
0.78
0.536
0.272
1.268
6.104
3.564
0.088
0.376
1.184
0.3
0.816
4.664
4.464
6.004
0.356
1.756
2.784
0.748
0.072
0.2
0.844
0.836
0.768
0.472
0.16
4.272
1.696
0.116
1.168
1.952
0.188
3.444
1.848
2.712
0.86
3.784
4.2
1.516
0.64
0.608
2.988
0.284
3.444
0.12
0.304
0.612
4.276
1.368
2.012
0.536
2.324
2.196
2.148
4.804
4.504
0.076
0.072
1.096
2.864
1.652
7.228
1.056
4.628
2.796
4.732
0.968
1.44
5.532
2.784
0.356
0.352
1.644
3.376
2.84
1.204
0.864
9.22
1.184
1.952
1.472
0.552
2.16
9.452
3.048
0.9
2.884
0.32
3.384
2.996
0.38
11.028
5.528
0.768
6.44
2.212
1.956
0.508
0.576
1.988
1.18
8.388
3.244
1.136
0.672
3.34
1.3
1.512
1.148
1.352
0.64
0.828
2.408
3.128
0.816
0.3
1.024
0.408
0.828
1.956
0.716
0.104
2.768
4.084
9.556
0.176
1.988
0.1
7.552
0.332
1.504
7.912
0.608
0.64
5.064
1.268
0.724
4.756
0.616
0.436
2.416
2.068
0.764
5.752
4.452
0.812
4.12
3.332
0.784
0.588
2.36
8.368
2.42
0.988
1.536
0.984
2.46
0.076
2.62
4.008
3.588
0.408
11.004
1.712
3.556
0.376
1.812
5.204
1.936
6.376
1.272
6.22
0.092
0.64
3.104
4.14
1.748
3.488
1.096
3.352
2.88
5.044
1.892
0.164
1.092
0.104
0.244
0.972
1.528
1.52
0.46
0.16
1.452
2.008
1.864
0.212
1.352
0.272
6.496
9.44
1.084
3.264
0.608
2.94
2.104
8.368
1.996
1.548
0.476
1.244
0.752
0.58
2.796
1.38
0.284
5.796
1.668
9.384
2.904
0.996
6.728
9.5
7.356
4.188
1.52
0.68
3.644
1.156
2.88
0.36
0.948
1.696
0.308
3.376
0.744
1.152
2.1
5.764
0.36
8.996
0.4
10.432
1.616
0.328
2.096
0.436
0.196
2.044
0.508
2.232
0.528
6.764
6.244
0.224
0.3
3.244
1.424
1.736
1.08
3.512
0.552
0.2
1.192
0.98
3.088
10.536
0.384
1.664
0.796
1.912
1.408
3.112
0.268
0.176
0.068
10.364
0.652
6.22
1.028
0.136
1.824
0.156
0.14
3.304
9.772
1.004
1.16
2.456
11.044
1.476
7.48
0.192
9.444
4.52
0.672
3.128
3.296
0.452
0.48
1.584
2.332
2.292
0.74
0.072
1.952
0.884
9.916
4.576
2.432
0.184
0.572
2.416
0.668
8.184
8.156
0.088
2.46
3.736
0.192
3.764
5.32
1.912
1.548
0.86
0.08
8.016
4.524
0.756
6.38
1.464
1.924
7.488
9.512
1.3
5.012
7.112
1.088
0.984
1.256
0.168
4.692
6.72
2.324
8.228
0.096
5.352
8.056
4.26
1.876
0.584
0.256
0.936
1.632
1.632
6.476
3.708
7.28
0.568
0.752
0.328
1.896
0.824
0.62
4.828
8.112
0.624
3.552
0.128
0.944
2.252
4.5
2.876
1.684
1.036
0.744
1.616
0.656
0.204
1.356
1.784
3.892
3.576
7.92
0.8
0.456
0.428
2.212
0.304
0.196
6.112
0.6
4.412
0.556
0.352
3.508
9.032
0.672
1.164
1.276
0.376
0.396
2.508
3.292
3.256
3.88
5.316
1.928
2.716
0.164
0.976
0.888
0.108
3.664
1.86
1.612
1.344
0.576
3.064
3.472
1.184
1.636
3.544
0.872
0.464
1.26
2.952
2.448
0.316
4.776
0.704
0.208
0.82
10.224
3.244
0.164
1.0
6.58
0.38
1.16
1.896
6.24
3.688
1.844
2.036
3.104
1.852
0.38
7.532
1.364
2.928
0.876
0.92
1.456
0.104
1.428
5.228
1.244
1.18
0.24
1.144
0.16
0.352
3.772
2.66
0.976
5.616
3.472
1.168
0.072
0.24
2.492
6.316
1.82
2.628
2.336
0.168
7.38
1.632
0.632
1.952
0.384
0.14
0.676
0.26
7.316
3.064
3.068
1.476
0.18
0.708
3.208
1.236
2.972
0.952
1.604
5.168
0.1
2.1
0.216
1.324
1.904
0.192
1.428
0.112
0.444
10.416
0.348
4.488
6.308
0.224
1.66
1.168
2.064
0.576
0.572
3.976
4.892
1.504
2.444
0.1
2.844
1.104
3.432
3.368
6.716
0.204
2.048
3.708
1.212
3.084
0.196
5.66
1.34
0.736
2.384
10.112
1.56
5.244
0.196
7.54
1.928
0.376
3.272
1.54
4.844
1.16
1.236
0.18
1.616
0.448
0.276
6.936
3.896
4.792
0.112
0.508
5.748
3.216
0.312
2.348
2.936
0.712
2.064
0.22
3.276
0.252
1.172
1.712
2.64
3.284
2.352
0.284
0.796
0.764
0.62
1.784
1.248
0.52
3.196
0.072
1.188
6.264
3.444
2.308
1.632
0.188
2.572
8.78
0.804
0.812
3.256
1.32
2.992
0.52
2.008
0.264
4.648
1.548
1.68
0.744
3.004
8.524
0.528
0.248
4.988
0.148
0.096
1.668
0.22
0.68
1.036
0.612
9.64
3.444
1.608
1.076
0.988
1.9
5.692
2.4
1.04
3.788
0.08
2.468
0.884
0.164
4.932
0.484
1.86
5.22
6.132
0.072
0.144
8.088
5.6
2.476
5.064
3.92
0.796
0.224
0.408
9.348
0.888
0.424
5.836
0.336
1.196
6.736
5.976
0.076
1.696
7.508
0.068
2.132
0.64
3.9
3.464
4.784
0.744
0.584
1.124
7.968
1.368
0.988
4.376
1.852
1.424
3.512
0.52
0.864
1.628
1.128
8.364
0.876
0.164
4.796
0.484
2.148
0.18
6.76
1.536
2.328
0.668
0.168
0.86
0.16
2.672
2.176
1.896
0.736
0.072
5.068
1.636
0.632
3.76
0.112
1.988
0.98
5.796
4.588
2.9
1.196
0.732
0.796
3.208
1.936
0.348
0.372
1.464
0.828
1.86
1.984
0.52
0.696
2.792
1.636
0.236
0.344
0.764
1.376
0.252
0.516
1.596
0.84
2.744
0.992
4.788
1.768
1.032
1.124
1.528
0.244
9.872
0.936
0.976
0.136
1.424
7.844
1.876
4.532
4.6
1.088
1.652
0.696
0.58
8.848
7.496
2.564
4.408
1.736
3.808
4.316
3.74
1.044
2.556
2.856
1.372
1.556
0.524
0.84
0.712
1.084
2.436
0.468
1.632
1.072
3.3
0.708
0.088
0.136
2.616
0.512
4.824
1.776
1.4
4.848
0.08
3.32
0.348
0.916
1.352
2.168
2.216
0.108
6.588
1.036
2.128
1.064
0.448
0.248
1.232
1.192
1.56
0.216
0.496
0.416
10.74
8.22
10.384
3.604
4.528
7.34
0.632
0.468
4.276
6.376
0.552
3.752
4.64
0.476
1.312
4.876
1.26
0.128
0.692
0.184
1.372
1.812
1.836
2.72
5.492
0.74
0.78
0.896
0.664
0.232
1.364
4.548
0.744
0.456
0.424
3.256
2.828
2.48
1.208
0.796
0.068
3.84
0.236
3.148
0.552
10.104
7.116
1.028
2.456
1.208
1.452
0.648
0.652
4.484
2.388
0.568
3.192
0.508
4.936
0.28
1.972
10.836
1.76
10.74
4.228
0.904
1.02
2.648
9.56
8.86
6.516
1.632
4.184
7.304
1.016
0.156
0.416
1.748
0.552
6.396
3.056
5.604
0.712
0.16
2.224
0.94
0.836
1.62
2.776
0.3
0.128
0.188
0.588
0.42
9.476
0.212
2.304
0.956
7.14
1.08
0.9
0.404
2.356
1.1
0.348
5.54
0.12
2.82
9.492
3.26
2.336
0.896
1.508
4.284
1.14
2.404
2.652
0.688
1.728
0.092
0.092
0.76
0.76
1.54
0.584
0.392
4.164
10.016
6.468
0.508
1.808
0.652
6.304
0.896
0.616
1.504
0.352
4.424
1.884
5.712
0.46
0.14
0.56
2.732
1.164
2.32
8.896
1.76
1.512
2.964
1.928
2.824
1.972
8.076
2.208
1.36
0.256
4.048
5.62
2.12
1.436
0.476
3.828
3.508
1.032
1.632
8.86
1.628
0.72
0.312
0.78
2.804
0.492
1.356
2.172
0.82
4.052
0.276
0.568
1.028
1.208
2.424
2.564
0.188
0.488
1.188
0.22
8.952
0.296
3.924
2.668
1.66
2.464
5.84
2.26
5.056
1.064
0.84
0.9
1.012
10.812
0.392
4.696
0.34
4.308
5.896
2.172
1.188
0.088
1.016
0.288
2.748
3.328
0.908
0.916
1.112
2.704
2.264
1.576
0.08
2.244
0.14
0.976
0.42
7.88
4.572
0.148
4.34
0.948
4.836
1.176
6.948
1.144
1.392
5.16
1.228
0.884
10.424
0.6
3.052
0.928
0.276
0.908
0.744
4.04
0.328
0.104
5.484
0.64
0.68
2.92
6.424
10.544
2.616
4.704
1.848
0.872
0.52
5.38
4.324
5.24
7.0
7.348
2.532
0.168
1.74
4.94
6.136
1.208
0.8
4.392
3.208
0.424
2.036
0.48
8.548
4.712
5.08
0.256
0.476
0.2
4.3
5.46
0.56
3.32
2.96
0.208
1.368
3.484
0.484
0.928
1.736
0.728
0.968
1.016
1.2
2.02
1.456
3.24
0.316
0.464
4.548
0.116
1.808
5.52
0.344
0.656
0.076
3.068
9.472
7.992
4.488
0.184
0.896
1.248
1.1
0.788
0.632
1.44
0.208
1.552
1.844
8.2
1.356
0.968
0.104
1.804
1.668
1.356
1.336
2.98
1.332
0.256
1.28
4.684
2.316
1.82
1.676
6.532
1.988
1.156
1.484
0.132
4.404
3.696
1.86
0.732
0.54
0.088
4.492
0.296
0.936
0.28
2.236
0.2
0.132
1.228
0.172
1.968
1.084
0.728
0.872
0.36
4.988
0.156
2.48
1.2
5.056
0.432
1.616
4.424
1.388
0.924
0.884
2.56
3.016
1.248
7.948
0.528
1.36
1.156
0.596
2.644
1.696
7.292
0.864
0.536
0.092
0.52
1.164
5.132
7.264
1.044
0.94
9.0
0.208
0.304
3.58
0.136
7.52
0.52
0.28
0.74
0.168
2.224
0.072
2.792
0.5
0.536
0.48
5.128
8.468
1.792
0.752
1.28
2.328
1.532
0.1
0.148
2.8
1.5
2.752
6.248
0.236
1.372
0.228
0.656
10.232
0.52
4.58
0.072
2.1
0.78
0.268
0.956
1.748
1.668
1.9
0.412
0.948
1.32
1.46
0.092
0.468
4.988
3.34
1.78
1.536
0.448
4.748
0.976
4.412
0.688
5.568
10.82
0.12
6.016
0.416
1.208
0.332
4.784
0.08
0.376
1.148
0.824
0.568
2.344
0.352
1.5
1.268
3.016
3.592
2.328
1.968
5.86
10.98
1.452
0.992
7.592
1.024
0.256
1.228
1.352
1.496
0.612
4.676
1.956
0.472
1.144
3.4
0.992
1.344
3.524
1.92
0.244
0.612
1.224
5.292
0.176
0.208
2.812
1.512
1.244
0.728
5.508
1.044
0.612
0.224
6.096
0.74
7.332
10.712
4.2
4.152
1.464
0.448
0.264
1.66
1.476
3.932
2.392
1.108
2.896
3.276
1.148
1.764
0.072
0.872
0.496
0.452
0.212
2.488
0.092
1.408
1.504
0.62
4.956
0.148
0.38
2.772
0.688
1.672
5.128
1.472
4.368
0.456
1.14
3.408
2.072
5.396
0.26
2.96
2.092
5.436
0.488
0.068
5.624
0.24
4.612
1.012
0.948
1.652
0.908
1.248
0.184
3.512
3.556
0.212
0.156
3.2
1.848
3.264
0.652
6.364
0.212
1.192
0.352
3.936
0.388
0.812
0.308
0.692
4.004
2.004
4.792
1.06
4.732
3.768
0.136
0.728
2.964
0.528
3.728
3.568
0.2
3.54
9.204
6.776
3.744
0.636
6.372
0.108
4.432
0.272
1.628
1.108
4.684
0.104
0.44
3.72
0.532
0.716
9.548
2.368
8.512
0.792
0.232
2.684
5.252
0.56
3.828
0.904
2.532
0.848
1.46
1.972
1.036
1.164
8.372
2.712
1.008
6.16
1.7
3.752
4.268
0.916
1.008
0.708
10.208
3.416
1.528
1.192
2.628
7.276
1.416
3.26
0.124
0.7
3.08
4.412
4.108
0.588
0.428
2.312
0.228
1.884
3.348
1.376
4.744
3.32
2.688
4.048
1.552
0.22
0.616
2.44
0.988
0.56
4.452
1.324
1.04
0.224
0.096
0.856
10.432
2.6
1.256
0.784
8.568
4.816
2.188
7.496
0.204
3.14
2.08
1.16
1.716
5.608
1.032
0.444
5.352
2.108
2.72
6.832
0.34
3.0
4.404
1.472
0.512
3.296
2.34
1.14
3.1
0.44
1.44
1.448
0.204
0.072
1.076
1.244
5.168
0.932
2.184
4.584
0.676
3.792
2.92
0.976
0.424
1.448
3.756
6.448
0.832
0.284
1.72
8.624
3.668
0.692
7.924
3.892
0.188
0.548
3.636
0.692
1.596
0.672
8.952
1.724
0.076
4.084
2.052
0.284
9.172
0.94
1.92
0.74
0.512
0.36
4.104
1.768
1.628
0.928
0.748
0.704
0.576
4.408
10.76
5.124
4.088
0.94
1.26
0.472
4.788
2.132
5.144
5.372
6.168
2.2
4.124
2.916
5.992
2.828
1.404
2.98
2.536
2.784
3.376
1.972
3.752
2.66
1.1
3.288
3.068
1.14
1.38
1.728
0.404
0.452
0.792
7.88
0.2
1.952
7.572
10.96
0.688
3.544
0.996
1.748
5.48
5.092
0.92
0.644
2.384
1.016
10.452
0.432
0.236
0.424
2.74
4.784
0.816
1.62
2.292
5.468
0.792
0.252
0.352
0.612
1.816
0.868
1.268
0.388
4.84
1.56
2.852
1.548
3.336
0.536
5.852
1.18
0.212
5.268
1.984
0.512
0.916
2.36
1.508
3.38
0.948
0.544
0.436
1.772
5.34
1.752
5.936
2.356
3.1
0.436
0.404
3.052
0.176
8.996
0.604
1.792
10.8
1.464
0.624
2.572
1.148
0.36
0.508
0.124
0.156
0.592
0.424
8.36
3.6
5.748
1.976
0.664
0.236
5.32
0.876
1.372
5.152
1.0
3.86
3.652
0.788
0.684
1.496
1.384
0.096
1.72
1.056
0.688
0.248
0.336
3.816
2.972
0.972
2.452
0.308
1.916
0.368
0.332
0.14
5.796
4.628
1.516
0.636
4.5
1.444
10.832
0.732
0.772
9.588
0.188
0.356
0.768
0.972
0.436
4.584
0.24
4.384
2.484
6.756
0.764
0.476
4.152
6.592
6.1
2.488
0.324
1.952
3.648
5.0
5.792
2.488
2.988
0.108
10.76
0.848
0.52
10.78
2.78
4.484
0.98
1.484
4.912
2.568
1.096
3.028
0.312
3.42
6.08
0.464
5.588
2.188
1.268
1.064
0.556
0.22
2.276
0.644
2.756
0.296
1.212
0.408
2.368
1.712
0.196
2.676
0.804
0.284
0.508
2.136
0.372
1.024
0.388
0.852
3.676
2.02
3.944
0.848
6.896
2.832
1.9
2.196
1.768
0.22
1.1
1.7
2.14
4.044
0.284
7.544
4.404
3.512
2.872
8.392
1.028
3.832
0.932
0.412
0.296
7.648
1.54
4.516
1.74
0.388
4.164
0.1
0.196
0.688
1.232
0.14
3.872
2.732
0.488
0.6
0.912
6.88
1.108
0.216
1.072
0.928
3.472
2.456
0.604
0.076
0.504
0.444
0.22
10.108
0.732
3.412
0.26
0.52
6.768
6.904
4.96
0.088
3.244
6.156
2.836
6.512
0.792
0.216
0.284
0.216
4.512
1.252
0.8
3.136
4.148
1.756
1.588
8.9
0.56
0.888
1.7
0.488
1.396
2.26
9.152
5.352
0.492
0.712
0.352
0.98
0.128
0.372
7.692
2.5
3.268
2.464
0.536
1.74
4.052
0.568
1.92
2.532
3.532
2.248
2.976
4.32
3.068
2.9
7.664
4.704
5.732
3.692
0.976
0.744
5.756
0.228
1.424
0.6
0.744
0.408
2.068
0.604
0.632
3.88
4.432
1.096
0.504
1.7
0.136
0.388
0.768
0.344
0.636
4.64
2.336
3.98
4.32
0.752
1.148
10.544
0.48
2.844
2.152
3.328
1.724
3.928
3.112
0.616
1.084
4.012
0.82
3.912
1.368
3.228
0.2
3.056
2.744
0.94
0.164
0.832
0.448
2.296
3.096
2.208
2.788
0.648
8.324
6.204
2.312
0.836
0.636
1.384
1.272
1.616
3.228
6.448
1.028
3.42
1.124
1.52
3.412
4.172
0.632
1.536
0.16
5.08
2.376
0.64
2.188
2.652
1.204
0.712
0.764
4.528
1.392
1.092
0.844
1.412
0.968
0.828
0.104
5.492
3.216
1.552
0.564
0.212
1.788
1.368
1.86
0.728
3.208
2.052
1.412
7.44
1.744
1.532
0.416
8.836
2.424
0.216
2.456
1.136
0.212
1.348
2.052
2.072
0.776
1.792
1.724
4.844
9.736
0.1
0.356
4.084
0.38
2.216
0.576
0.092
1.348
3.36
2.636
5.936
1.836
1.652
0.608
3.696
1.128
4.536
2.428
2.872
1.248
1.708
3.916
1.172
1.848
9.424
2.132
0.184
0.152
1.424
10.4
0.996
9.052
0.596
4.664
0.528
2.688
1.568
7.832
4.54
6.404
0.948
0.732
4.752
8.536
1.708
1.148
5.0
8.736
0.388
5.52
0.524
6.608
1.956
0.464
5.088
0.708
3.896
2.02
0.776
6.852
1.084
0.912
0.496
3.264
2.412
2.388
2.276
1.052
0.788
6.868
0.94
0.092
0.076
1.212
0.252
2.508
4.552
7.452
3.984
3.4
0.964
4.448
0.956
1.376
0.968
0.192
2.992
1.144
7.412
0.232
4.572
0.152
1.816
2.428
0.428
7.684
0.656
1.064
2.336
9.572
0.512
4.696
1.164
0.264
1.616
1.244
0.564
0.264
0.38
4.28
1.92
0.356
5.756
6.496
5.304
2.516
1.364
0.308
0.536
0.832
10.08
2.104
1.172
0.26
0.928
4.0
0.416
0.904
2.416
4.452
0.208
10.736
0.492
0.3
0.876
4.872
1.864
0.496
5.04
3.428
2.964
1.944
0.38
3.908
6.936
2.352
0.46
5.156
1.572
7.68
0.344
10.084
5.2
1.456
8.68
0.552
0.152
1.26
1.988
6.66
7.372
0.588
7.688
1.212
7.844
5.228
9.036
3.504
1.9
5.324
1.512
0.768
6.024
8.16
0.684
2.264
0.156
3.756
0.808
2.384
0.104
1.072
2.056
0.144
1.176
2.544
2.944
9.992
1.884
3.212
1.548
0.9
0.328
3.244
1.192
3.548
1.26
0.472
7.268
0.868
1.064
1.204
1.396
0.084
1.3
0.404
7.012
3.312
1.004
10.948
6.256
10.46
1.908
0.804
9.068
0.984
0.288
1.308
1.744
1.168
2.98
0.94
5.072
4.02
2.288
5.084
1.848
3.636
0.216
0.836
0.516
3.5
1.604
0.728
0.38
1.0
0.248
0.912
1.7
4.436
0.368
5.044
7.096
0.46
7.448
2.696
1.32
0.488
0.404
6.972
5.636
2.736
2.656
0.572
3.708
3.192
2.904
0.756
2.452
10.236
2.0
1.008
1.74
0.364
4.584
0.968
5.456
2.9
7.992
7.78
0.216
1.148
7.252
4.008
0.684
0.176
1.08
0.908
0.644
3.816
0.452
0.72
1.02
0.068
2.924
0.256
7.048
0.292
1.88
1.544
3.216
1.988
2.36
1.392
2.012
3.924
0.236
0.928
3.528
1.26
1.724
0.432
1.692
4.868
1.148
10.848
6.244
3.532
4.124
3.056
0.428
2.044
0.072
0.64
1.172
0.26
2.072
0.628
3.744
0.356
2.728
0.336
1.208
3.316
1.128
3.968
2.284
6.656
0.192
0.976
5.992
1.204
0.916
2.46
1.848
6.304
2.848
1.204
9.68
6.236
1.964
1.272
0.076
1.58
1.028
0.656
4.356
6.7
7.152
0.48
0.476
1.96
4.58
7.988
1.876
4.4
0.312
7.14
0.112
0.568
0.148
0.168
5.692
2.92
0.48
2.348
1.34
0.228
4.136
0.828
8.768
0.492
1.648
0.26
1.688
6.568
0.452
9.152
2.268
0.356
0.34
2.18
1.272
0.732
0.572
1.796
0.608
1.02
3.24
1.072
0.232
1.756
0.588
1.06
0.436
0.196
0.608
1.896
2.916
4.952
0.748
0.92
2.136
1.268
0.5
0.288
5.7
1.24
8.148
2.336
0.752
1.644
1.752
3.896
5.272
1.944
1.924
2.68
0.296
1.216
0.336
0.288
0.428
1.412
6.244
1.164
0.244
1.292
0.348
9.312
1.16
0.892
0.628
1.332
1.664
0.728
0.36
0.108
4.504
3.284
4.304
2.228
2.364
2.332
4.504
1.4
0.476
0.192
0.192
9.408
0.608
0.148
0.224
3.504
0.6
5.832
5.836
0.504
0.384
0.604
3.888
2.66
0.904
1.408
0.876
0.416
5.324
1.208
0.12
3.184
0.092
2.38
0.216
0.86
1.944
1.16
0.092
6.256
2.088
1.62
4.224
2.624
0.896
0.44
0.988
3.616
0.472
0.36
1.28
0.568
1.652
0.856
8.368
0.296
1.42
2.856
2.14
0.484
0.196
6.408
1.184
0.36
1.064
1.416
2.308
1.408
4.008
0.728
0.748
1.1
0.296
0.536
1.148
1.292
0.248
1.812
0.176
0.316
2.488
0.392
6.744
0.32
3.896
0.44
0.544
2.252
0.58
0.164
3.152
8.548
2.536
8.22
0.828
0.252
1.396
0.456
1.544
0.596
3.832
0.624
8.18
3.536
5.092
3.472
2.14
0.176
1.324
3.26
9.872
1.716
8.88
2.528
2.612
0.416
0.772
1.676
6.98
0.528
2.5
2.988
3.78
2.928
3.924
1.56
1.272
0.948
4.676
2.612
0.2
2.184
0.716
2.488
0.144
0.668
0.12
5.332
6.46
1.856
1.556
1.9
1.396
3.84
5.34
1.408
1.384
4.2
0.976
3.68
7.488
0.144
0.164
0.748
0.34
0.3
8.096
0.608
5.52
3.668
2.712
1.852
0.82
4.164
2.58
0.132
5.796
3.108
1.224
1.964
1.932
0.2
3.152
3.124
1.176
0.22
1.124
0.18
1.696
1.78
2.332
1.54
1.308
0.912
0.88
2.584
2.068
2.18
3.224
6.216
1.876
0.328
6.296
1.676
2.436
0.38
2.112
2.644
2.956
0.248
0.1
0.244
0.504
3.836
4.36
0.876
2.912
0.292
1.416
1.404
1.668
2.68
0.708
0.232
0.872
1.096
8.796
0.864
0.108
0.9
3.68
1.744
2.32
0.476
0.292
1.464
0.28
5.512
0.768
1.448
8.98
2.024
10.388
0.7
2.676
0.58
0.112
2.58
8.272
6.192
0.072
0.508
0.112
0.124
0.332
2.124
5.876
3.408
0.904
2.952
9.9
4.072
0.292
1.94
3.06
0.728
2.348
1.52
3.812
1.776
0.872
0.996
0.52
2.244
2.328
1.192
3.568
5.768
4.324
0.512
1.784
0.104
2.528
1.164
1.38
6.576
0.208
2.38
4.776
2.044
3.244
0.208
2.196
2.0
2.096
3.26
6.792
1.344
0.292
1.004
0.28
2.528
1.904
1.468
2.5
1.48
0.22
1.524
0.1
6.24
3.396
5.82
4.016
3.104
1.36
1.14
0.836
2.528
0.9
1.896
10.332
1.828
3.04
1.872
5.868
4.136
1.492
8.5
1.184
0.356
2.888
0.264
1.756
0.204
4.996
1.236
2.864
1.008
5.108
1.892
1.188
0.136
0.428
6.296
5.404
6.076
0.576
3.344
0.476
3.876
6.284
0.408
4.524
1.24
1.06
4.78
0.72
1.412
0.82
0.896
1.852
2.928
1.888
2.528
9.724
10.056
0.776
0.112
1.944
10.24
0.072
1.352
1.112
1.768
4.44
5.6
1.012
1.204
0.9
0.128
5.388
1.536
0.96
2.712
0.92
1.792
0.756
1.468
0.736
2.168
0.828
3.288
0.244
1.428
0.42
4.06
0.568
1.964
0.172
0.876
3.252
9.848
1.444
1.972
2.46
4.004
4.396
0.768
1.692
0.088
4.092
1.164
1.86
2.476
0.204
8.716
0.872
0.312
0.832
0.076
0.156
3.704
0.604
4.476
2.032
8.732
0.888
0.684
2.392
0.68
0.5
4.892
0.736
0.564
0.2
1.06
1.572
3.096
1.48
4.116
3.264
2.544
0.088
0.752
8.796
1.404
3.788
4.38
3.084
0.308
2.056
0.94
0.436
6.06
0.096
1.532
0.652
0.996
0.292
0.34
0.408
2.128
0.76
5.264
0.556
0.26
0.96
1.936
1.392
0.676
0.852
2.256
5.876
1.348
1.248
4.184
4.86
0.48
9.992
0.224
1.808
5.816
0.432
0.156
3.136
2.916
0.124
4.716
3.9
2.716
2.684
0.62
0.556
2.224
2.02
0.448
0.236
0.472
1.748
1.72
0.368
1.208
2.136
0.656
0.92
2.448
8.132
0.156
0.328
1.304
0.76
10.556
1.812
4.612
0.132
0.776
0.312
1.644
2.58
0.776
0.472
4.62
0.744
0.176
0.544
0.14
7.872
0.108
8.092
1.064
1.344
0.236
1.324
5.408
1.376
1.584
0.244
1.976
0.576
1.536
1.44
0.348
0.096
2.204
1.764
0.244
1.316
2.132
2.82
4.532
8.94
3.716
6.448
2.368
9.372
2.564
1.404
0.344
0.2
0.484
1.888
6.32
1.076
0.76
1.6
0.952
1.12
10.068
0.836
2.176
0.784
0.236
0.6
6.448
3.792
1.004
10.908
10.716
1.684
0.184
0.112
5.152
1.568
1.0
5.116
0.264
6.004
4.016
0.692
0.252
0.248
1.004
1.872
0.524
1.56
9.208
0.084
1.764
3.7
0.328
0.096
1.408
1.196
3.408
0.688
1.112
0.14
1.56
0.464
4.008
1.252
1.468
8.468
3.46
0.192
0.304
3.216
1.68
4.068
1.128
4.164
6.424
0.9
1.888
3.552
3.408
0.184
5.556
4.564
2.516
2.972
1.488
1.412
1.196
0.388
0.964
0.512
2.588
2.528
0.208
2.436
0.42
0.084
1.14
0.88
10.572
0.196
1.124
5.016
1.688
7.236
2.896
2.172
6.652
5.268
0.68
1.588
4.508
5.5
0.348
5.748
1.324
2.572
5.04
4.116
7.888
5.212
0.456
0.912
1.432
4.984
3.044
3.652
1.796
3.888
10.408
5.828
3.684
0.404
0.288
1.924
1.312
1.508
2.736
2.212
0.2
5.376
5.54
0.748
0.128
1.432
5.08
1.064
2.084
0.08
7.08
0.844
4.932
4.784
0.312
1.58
5.728
1.952
3.3
3.9
1.896
0.404
1.264
0.744
4.636
0.328
9.052
0.532
5.148
1.748
5.264
1.16
1.176
0.148
1.508
1.092
1.972
3.616
0.324
4.012
8.132
0.924
0.896
2.072
1.476
4.704
7.164
0.1
2.632
0.624
0.312
0.512
1.976
0.624
0.352
4.492
0.996
0.104
3.42
1.656
1.98
5.14
4.5
0.412
0.912
3.66
1.512
0.308
3.772
0.936
3.348
3.756
2.156
2.356
0.224
1.148
1.044
0.48
2.012
0.6
4.148
0.996
2.972
4.676
0.66
0.22
0.1
6.38
0.372
2.024
1.016
6.456
6.476
5.584
3.24
2.244
0.56
0.396
3.272
0.492
0.2
1.616
0.864
2.0
0.488
5.848
2.472
0.548
1.82
2.116
3.444
3.724
0.816
4.164
0.216
3.78
5.164
0.4
3.576
3.132
5.34
0.684
1.88
0.348
8.4
3.232
0.508
0.2
4.66
0.884
1.04
4.336
0.748
0.696
1.628
2.92
0.784
2.364
3.724
1.768
0.756
0.08
9.52
2.432
2.184
0.096
0.636
2.848
3.088
1.076
0.9
8.992
0.596
6.464
0.584
0.148
6.804
0.6
2.872
0.308
2.992
0.096
0.416
0.14
1.764
1.872
2.596
3.136
0.416
2.124
0.4
0.292
0.392
0.372
9.18
0.584
0.172
0.232
8.04
1.956
2.0
3.664
2.196
1.104
0.32
0.756
2.196
2.268
3.884
5.776
0.712
4.252
2.252
4.636
0.788
0.284
0.856
0.708
3.952
0.608
3.436
1.484
1.432
0.552
0.648
2.18
2.196
0.064
10.22
10.108
1.092
1.776
1.084
2.572
7.62
5.08
1.376
1.168
0.236
0.9
1.344
7.98
1.02
0.668
3.776
2.204
0.324
2.804
4.748
7.592
0.76
0.78
2.612
0.724
1.024
1.408
0.276
0.132
2.944
1.008
6.568
1.708
1.772
2.616
1.776
4.368
1.112
1.54
1.2
0.344
3.388
1.044
0.568
1.64
1.544
2.212
1.14
4.952
1.4
3.416
1.872
9.336
0.44
0.164
3.628
7.364
1.744
1.116
0.412
0.204
0.772
2.36
0.648
11.008
0.172
2.116
3.668
0.068
7.94
5.136
0.272
0.168
1.448
3.232
2.728
1.5
0.42
0.272
5.732
1.132
0.448
0.988
0.884
1.664
7.668
3.228
3.812
9.4
0.804
2.632
1.332
4.376
0.684
10.14
0.192
1.58
7.128
5.604
1.076
3.012
1.332
6.492
2.276
3.396
1.296
3.74
0.636
0.324
2.008
1.796
0.244
1.408
0.576
0.204
2.344
2.552
1.912
1.092
2.288
0.908
0.444
1.52
0.376
4.732
6.604
2.404
5.676
9.26
3.236
1.772
4.3
5.272
0.636
7.644
7.676
1.64
0.584
0.444
2.2
3.168
1.728
1.812
0.564
0.24
1.208
0.38
8.8
0.736
1.42
0.296
0.716
5.328
0.888
0.992
1.6
4.18
10.212
0.304
4.1
0.712
1.388
0.236
0.316
1.844
1.892
4.16
2.82
1.368
0.112
10.34
1.092
0.572
11.072
0.452
1.536
6.584
8.048
1.196
1.22
0.736
2.828
4.352
3.344
4.712
3.46
2.868
0.668
5.888
2.764
1.568
0.092
0.364
11.072
0.468
0.08
9.256
1.852
0.78
0.408
4.308
3.928
2.82
4.568
5.512
3.8
0.492
0.244
6.64
4.548
0.144
0.368
1.68
1.364
0.096
1.824
1.988
1.184
5.652
4.996
1.032
0.708
3.048
0.588
1.22
0.092
2.308
1.24
0.476
1.252
1.912
3.3
0.5
2.428
1.076
2.244
3.74
0.196
1.192
0.54
2.292
1.28
4.464
3.212
3.704
2.224
0.216
1.672
1.372
1.352
2.404
1.796
1.74
0.268
5.184
2.344
0.208
0.748
1.168
0.636
2.336
5.764
1.116
2.212
1.06
0.172
4.628
0.104
4.584
0.18
2.276
1.548
1.688
0.196
3.58
3.052
2.332
1.144
4.792
0.904
0.772
4.148
4.564
5.848
2.584
3.224
2.044
0.632
2.692
0.82
1.756
0.56
1.432
0.92
1.276
0.084
0.916
0.956
0.296
2.124
10.52
0.08
0.436
0.888
0.608
0.288
3.024
0.696
0.256
0.336
6.136
6.98
1.012
0.908
0.288
7.056
1.188
2.048
3.328
0.244
0.716
1.024
0.452
2.876
6.736
0.704
1.144
4.292
0.232
8.504
0.628
2.648
0.6
0.344
2.352
4.2
4.556
1.244
0.436
0.4
2.716
0.284
1.972
5.24
0.364
2.976
0.728
2.192
0.268
10.848
4.676
2.824
0.808
1.16
2.6
1.388
1.484
6.076
0.084
0.164
0.104
1.312
1.78
7.168
4.244
1.26
4.2
1.04
7.256
3.56
0.188
0.72
0.144
1.532
0.656
0.072
1.196
1.736
0.156
0.548
1.212
1.224
4.4
0.244
0.876
2.212
1.896
6.348
4.924
1.752
1.66
0.136
10.812
5.9
3.088
1.284
0.94
3.332
1.556
5.828
0.712
0.736
0.152
9.3
4.284
0.388
0.432
3.804
0.216
1.096
2.62
1.456
3.44
8.084
0.148
1.396
3.984
0.308
1.244
1.212
3.368
2.744
0.564
9.368
1.364
3.492
3.188
0.84
3.708
2.524
0.248
5.8
0.216
1.408
6.4
0.904
0.744
0.684
3.056
0.54
5.056
1.268
2.42
0.772
4.2
1.724
3.312
1.992
1.892
0.304
1.208
1.1
0.444
2.096
3.128
0.568
2.088
3.196
0.744
1.816
0.984
2.724
3.276
3.084
1.292
3.236
2.532
0.32
0.204
1.372
4.4
1.436
0.348
1.908
0.676
0.132
0.3
6.468
4.792
0.748
1.288
0.128
7.856
1.9
5.368
0.992
0.944
0.288
0.748
1.352
0.072
2.74
3.468
4.488
1.676
0.672
0.676
10.552
0.916
9.44
2.168
3.708
0.2
3.216
1.736
0.464
0.272
3.352
0.416
1.148
0.356
8.6
0.736
1.5
0.152
0.84
0.268
8.676
4.196
3.188
1.892
2.384
1.228
5.572
0.464
4.676
6.376
6.396
0.72
0.344
8.088
1.176
9.024
1.876
0.244
4.736
1.232
1.708
1.568
1.3
3.132
1.712
6.62
5.916
0.076
3.148
2.78
7.244
0.46
2.912
3.872
0.236
0.984
0.584
1.42
8.284
1.2
1.912
0.56
0.748
8.092
2.608
4.216
4.12
6.724
2.112
1.368
0.68
0.36
2.708
0.86
1.176
4.32
0.456
1.04
4.656
6.204
3.06
6.92
3.272
0.688
1.536
1.72
3.068
3.38
0.852
1.796
3.756
0.068
4.4
0.492
2.36
5.648
0.288
2.404
1.392
1.04
0.432
3.148
4.292
0.812
2.224
3.868
5.76
6.2
8.676
0.18
4.376
2.56
0.712
3.316
1.548
1.7
1.096
0.256
6.744
0.704
1.872
1.396
1.296
0.104
0.928
1.432
0.132
2.308
0.248
0.52
4.62
0.084
0.804
8.304
1.464
0.26
2.664
0.756
2.036
0.512
7.172
0.976
0.488
1.42
0.992
0.3
1.472
2.192
9.596
1.688
2.264
10.664
8.0
3.644
1.672
5.608
0.252
0.904
0.104
1.996
0.672
0.58
2.444
5.788
0.22
0.724
0.212
10.396
1.536
0.26
5.476
0.356
1.392
2.768
0.28
6.228
0.44
8.42
3.036
0.956
1.8
0.124
0.156
0.224
0.992
1.9
1.42
5.824
5.82
2.244
5.88
1.14
1.556
0.512
1.204
3.488
7.724
0.552
9.496
0.46
1.588
1.72
1.244
0.652
1.392
4.464
2.916
1.384
2.876
0.776
1.656
0.212
1.7
0.572
1.712
6.016
4.004
0.612
2.724
1.012
4.892
0.092
1.868
0.432
1.488
3.34
0.104
1.672
2.012
0.492
0.352
0.696
2.204
1.9
0.74
0.088
2.544
0.068
5.372
0.364
6.008
1.54
7.896
0.752
1.276
0.308
3.56
5.4
1.92
7.168
5.432
0.596
2.436
2.644
1.336
3.556
0.276
0.18
3.428
4.38
3.6
1.964
2.684
2.924
0.44
5.1
1.696
2.2
1.376
9.308
4.668
3.544
2.028
3.976
0.636
0.5
10.732
1.088
1.848
9.944
5.444
1.2
0.464
1.216
0.408
2.268
3.888
0.596
0.192
0.612
1.016
0.944
0.24
1.78
0.808
5.052
10.84
1.38
2.56
0.88
2.76
2.372
9.176
4.82
5.84
1.66
5.452
0.992
9.664
0.196
2.56
5.636
1.656
0.296
1.184
0.592
4.612
1.484
1.104
3.732
2.184
1.676
1.648
9.548
0.54
0.212
0.964
0.18
2.464
2.66
0.3
0.8
0.864
0.284
2.42
1.12
0.828
0.72
6.164
0.064
0.828
0.66
5.28
0.46
0.292
0.684
1.052
0.848
0.436
0.336
2.944
0.444
0.28
0.232
1.308
0.524
3.708
0.5
0.616
0.572
2.304
5.012
1.676
2.944
0.168
0.268
0.324
5.808
0.24
10.768
5.644
1.236
2.936
0.316
1.112
4.564
1.448
1.952
3.168
2.508
0.252
0.352
1.864
0.46
6.4
0.624
3.776
4.116
1.464
1.412
0.348
0.468
4.452
0.26
0.168
0.984
0.152
4.016
1.576
1.66
2.128
0.508
2.384
0.112
0.144
0.42
3.324
6.704
0.544
0.76
0.988
3.988
0.384
0.252
0.276
1.104
7.624
1.156
2.4
1.492
9.436
0.276
7.008
6.908
8.492
9.632
0.284
2.164
3.736
2.416
0.468
0.364
1.092
0.684
3.048
0.104
0.736
7.108
1.472
1.424
3.076
3.232
3.292
1.084
3.852
4.388
3.54
4.576
0.964
5.072
4.712
1.472
0.936
0.676
0.312
0.088
0.196
0.54
0.788
0.48
4.216
0.844
1.112
0.94
3.98
0.608
1.868
2.568
6.544
1.792
3.452
1.66
2.768
0.78
0.852
1.664
0.444
1.684
0.412
4.7
9.332
4.66
0.072
4.956
5.976
0.088
2.468
0.356
0.404
0.164
0.176
0.18
6.08
1.148
0.176
1.264
1.976
1.26
0.128
2.188
0.84
8.024
1.596
0.684
1.96
1.276
0.476
10.696
7.42
1.296
6.144
2.644
2.196
1.848
0.332
2.488
1.76
1.7
1.136
7.412
0.224
0.676
0.336
1.424
2.648
1.52
5.04
0.644
0.636
1.268
0.076
0.648
10.832
9.612
0.804
0.524
2.22
1.304
1.264
1.848
8.28
3.788
10.64
1.052
0.104
3.948
0.932
0.632
1.624
3.804
2.516
10.72
0.484
7.04
0.756
1.152
1.2
2.772
2.092
1.508
4.088
2.916
1.688
5.608
1.056
5.64
1.708
4.612
4.636
1.692
1.532
1.088
1.968
0.12
1.38
10.984
0.684
4.756
1.356
0.128
0.248
3.852
2.392
2.132
3.06
0.22
7.716
2.244
0.124
0.124
7.308
2.164
1.144
0.96
0.752
0.956
3.848
0.428
1.832
0.2
0.232
3.36
3.94
1.616
2.32
0.252
7.744
3.804
6.204
0.444
1.512
2.572
4.284
1.124
0.292
0.584
1.232
0.304
0.584
3.044
2.268
1.312
0.492
4.336
3.848
4.136
3.296
0.376
1.312
1.42
1.868
2.864
1.516
0.884
3.156
1.692
1.984
4.812
6.596
0.916
0.504
5.516
1.58
1.024
1.424
2.624
0.312
0.272
4.484
0.568
0.432
2.492
1.308
3.268
0.196
3.264
6.276
1.164
2.712
9.992
6.392
3.16
3.904
2.664
1.364
0.832
6.912
0.432
7.316
0.236
0.716
0.324
1.356
0.088
3.68
1.236
6.38
5.996
0.556
2.168
2.9
0.236
0.456
1.368
0.116
0.716
4.156
0.096
4.932
4.224
0.384
0.444
0.888
0.76
1.16
6.944
3.4
4.8
1.308
5.396
3.768
1.404
0.964
3.844
0.464
2.96
3.484
1.076
1.372
5.376
0.784
2.032
0.4
4.888
9.132
0.4
1.524
1.148
0.532
0.744
0.276
4.536
0.136
9.712
1.352
1.94
4.652
1.74
1.964
3.936
0.676
0.696
0.132
1.904
7.876
5.512
1.428
0.58
1.972
1.232
2.164
5.656
0.344
1.74
0.1
0.292
0.308
0.8
0.284
2.36
1.612
0.472
0.148
0.804
2.74
0.94
2.744
8.548
2.536
0.6
1.292
2.344
3.876
0.428
2.504
4.28
0.868
0.344
1.732
0.72
0.68
2.684
1.284
1.252
2.376
0.112
1.796
1.144
1.58
4.56
1.98
2.516
6.652
1.74
0.852
4.384
0.804
1.436
9.2
0.792
0.328
0.856
2.328
2.732
1.888
2.04
0.336
4.372
1.524
1.4
3.8
2.688
1.132
2.176
0.492
4.2
5.724
2.584
3.956
2.64
0.932
0.444
9.332
2.428
0.704
0.952
2.1
1.496
1.716
5.164
0.78
1.312
0.144
0.364
1.344
0.788
0.364
2.968
0.868
1.368
2.164
0.5
1.672
2.652
2.448
9.292
0.688
0.332
1.96
1.364
4.908
1.544
1.472
0.124
0.148
0.552
1.752
4.612
7.588
0.324
6.948
0.216
6.24
5.996
1.164
3.188
0.804
5.94
2.612
0.224
2.328
2.616
3.112
0.24
0.636
4.38
0.964
8.34
2.492
0.092
1.904
3.328
0.788
1.072
0.512
0.352
2.716
0.568
4.236
4.868
0.464
7.508
7.656
0.224
8.976
5.644
1.312
7.42
2.088
3.508
0.352
3.44
0.364
1.412
0.616
0.952
0.484
6.724
0.46
8.716
5.316
1.032
2.952
0.9
1.2
0.212
4.864
0.42
0.516
0.172
5.06
0.792
3.188
4.004
0.208
1.812
5.6
0.928
1.596
1.028
0.188
2.208
6.808
10.68
4.288
4.512
3.432
0.576
3.352
5.712
1.824
0.436
3.18
3.864
1.492
3.24
0.684
3.096
0.164
3.16
4.092
1.832
0.576
1.32
3.256
2.74
2.336
1.26
1.772
0.204
1.628
0.46
6.776
1.748
1.032
6.496
1.056
4.52
0.444
2.0
1.86
2.484
1.224
2.712
0.136
4.16
1.244
0.288
0.16
4.136
0.216
2.48
0.948
0.96
1.224
0.328
1.732
2.368
3.164
6.416
0.988
0.308
1.856
0.412
7.736
0.568
0.468
5.496
0.072
7.832
6.468
2.032
0.336
0.22
0.648
2.42
1.18
8.2
1.444
6.696
0.56
5.396
0.176
6.184
0.676
4.62
3.484
8.484
3.22
9.332
0.528
1.488
4.1
0.688
2.492
0.94
3.548
10.208
3.204
0.632
2.396
0.672
3.648
0.168
5.42
1.092
0.552
0.156
0.664
4.164
0.14
2.672
1.624
1.848
1.008
7.248
1.284
0.412
1.212
0.868
0.26
0.152
0.136
1.104
6.996
0.704
0.648
6.888
0.112
2.344
1.204
1.28
6.888
2.492
1.496
5.604
0.12
3.792
3.264
0.696
10.092
6.16
1.128
0.548
7.504
6.024
7.844
0.248
4.068
1.832
1.392
4.4
0.34
3.072
4.64
6.104
1.62
1.508
0.308
0.772
0.08
0.196
3.676
1.2
10.888
2.016
4.764
0.596
1.892
3.488
9.4
0.52
1.1
5.656
0.892
1.388
0.868
10.928
0.068
4.232
6.36
0.98
2.932
4.964
4.108
8.86
5.376
0.572
0.784
1.136
1.308
9.636
1.508
1.272
2.68
1.452
2.28
6.028
2.836
5.916
0.972
2.308
5.424
2.244
0.448
0.428
1.48
0.508
0.4
0.836
1.044
3.4
2.108
0.26
0.296
2.48
9.116
1.092
1.284
2.688
1.948
7.72
1.372
1.46
0.572
2.292
0.904
0.44
3.216
3.896
0.8
1.308
4.004
2.82
0.272
4.204
0.568
2.772
0.232
0.968
0.676
1.032
1.136
1.164
0.208
1.64
1.66
4.956
0.468
0.652
3.584
0.136
2.572
2.648
0.284
0.084
8.728
4.464
6.928
0.996
1.868
0.384
2.932
4.076
0.736
4.136
0.468
1.248
1.488
0.916
0.164
0.616
0.256
0.408
2.496
0.956
2.584
0.332
0.488
5.748
1.272
3.708
9.912
0.552
6.508
7.272
10.248
0.624
9.676
0.228
0.172
6.668
6.728
0.768
0.14
0.804
4.12
1.06
5.468
1.64
5.456
4.12
0.892
5.476
0.892
2.876
2.384
0.264
0.764
0.32
3.508
1.14
1.636
0.456
0.752
1.044
3.448
1.932
1.78
2.188
1.712
2.528
9.5
0.784
2.836
0.36
0.288
2.172
0.68
0.104
2.824
5.896
0.12
0.564
1.028
1.104
2.328
0.084
1.372
8.632
6.248
7.632
4.652
1.484
2.568
1.112
4.784
3.064
3.384
0.6
1.636
2.536
1.308
1.232
2.5
0.86
1.892
1.292
1.156
0.2
0.188
0.384
10.36
5.056
0.276
1.912
2.148
5.488
2.228
6.068
2.044
0.188
7.108
2.424
8.48
0.336
0.672
7.54
1.752
0.648
0.812
1.44
5.74
1.044
2.844
1.304
3.544
2.608
2.54
0.256
7.576
1.892
1.532
10.176
2.892
1.42
2.144
0.996
9.712
4.188
0.932
0.66
0.252
5.576
5.232
4.368
3.496
0.316
1.568
0.528
1.132
0.892
0.132
0.692
0.264
2.392
1.112
2.972
0.148
0.42
0.404
0.268
1.068
11.068
2.432
10.812
2.324
4.836
0.324
0.476
0.22
0.6
3.044
0.296
6.836
4.128
1.928
1.988
3.308
7.28
3.012
0.592
0.376
0.204
0.404
0.224
1.028
2.148
7.356
3.944
8.284
0.296
4.124
4.496
1.208
3.252
2.028
0.9
7.772
9.644
0.968
1.304
0.932
9.168
0.576
0.136
1.608
0.504
1.564
1.856
1.684
9.52
2.864
0.496
2.328
0.344
1.444
3.348
0.2
1.192
0.08
0.072
4.808
1.828
2.504
4.564
1.752
7.628
0.296
7.692
0.096
0.24
2.628
1.828
0.112
2.004
0.464
0.612
9.916
3.948
2.536
5.16
0.624
0.48
1.18
5.112
1.112
1.728
0.732
0.796
0.972
4.224
0.456
5.212
5.364
1.336
0.224
10.568
0.476
0.588
1.696
0.112
1.384
0.112
3.54
0.352
4.496
1.844
0.204
9.168
0.536
1.04
4.652
1.188
10.5
0.864
9.12
0.132
3.004
4.928
1.396
0.664
1.54
0.132
2.912
0.208
1.876
2.544
0.14
1.812
5.652
1.264
4.988
4.964
0.284
0.556
2.416
1.972
1.948
2.824
0.444
2.136
7.276
0.112
0.152
0.28
8.772
0.732
9.296
0.42
1.84
6.732
1.976
1.044
2.868
0.804
0.336
0.068
0.936
0.668
0.18
1.344
1.376
1.516
6.624
3.512
0.328
1.564
0.468
1.964
1.792
5.196
0.68
3.824
1.792
4.956
2.168
6.488
4.784
0.348
2.532
1.448
1.276
3.552
6.016
5.556
2.336
3.4
1.94
5.48
3.064
3.86
1.608
0.18
1.828
0.372
1.196
0.068
1.232
0.088
2.18
3.988
1.36
9.004
1.144
1.5
5.128
1.6
1.484
1.212
1.56
1.992
1.836
1.832
0.184
1.036
0.364
2.84
1.432
0.704
4.696
0.296
7.444
0.64
0.228
6.9
3.988
2.952
2.268
4.332
0.264
2.84
0.372
0.272
1.092
4.344
2.92
5.62
0.724
5.692
0.076
0.068
10.376
2.404
6.084
7.244
1.436
1.336
0.42
1.856
5.896
1.348
0.172
4.56
0.284
1.396
10.896
1.332
3.02
2.288
1.84
4.132
1.92
4.716
3.892
10.836
1.276
0.144
2.924
0.548
7.648
0.108
0.396
0.944
6.232
0.828
9.364
0.548
1.224
2.244
0.592
0.164
0.076
1.556
3.648
7.852
2.16
1.844
3.18
1.808
3.216
0.24
1.508
7.252
4.56
3.224
5.668
0.156
2.0
6.14
6.696
0.28
5.364
3.116
3.68
10.084
0.816
0.932
0.26
1.58
2.576
2.356
4.86
4.648
7.076
2.54
0.464
4.68
0.4
0.216
4.412
0.32
2.856
5.86
5.656
1.584
9.304
0.58
0.176
1.016
3.172
1.208
7.124
7.956
0.252
0.248
0.644
0.632
10.128
0.524
6.888
4.668
3.936
4.056
0.516
3.092
4.228
3.496
0.352
0.332
6.168
4.956
3.452
0.184
4.052
0.496
0.376
0.48
4.76
2.084
0.484
2.22
0.668
3.312
7.232
1.836
0.408
0.54
1.0
0.076
1.036
2.784
2.78
4.348
5.812
0.56
8.172
8.516
0.548
1.256
3.576
6.428
3.244
1.304
0.436
1.972
0.8
5.876
9.136
3.424
0.464
1.636
4.72
0.604
1.512
1.792
0.084
0.084
1.66
8.636
2.5
1.992
0.4
5.556
0.824
5.516
1.888
1.944
1.864
0.66
6.628
0.916
1.408
2.32
4.592
3.176
2.004
1.352
1.476
0.484
0.796
0.764
2.46
2.152
1.256
3.28
1.308
7.012
0.204
1.324
4.996
11.016
4.196
1.048
2.36
7.788
2.356
0.072
6.36
2.448
1.416
0.98
7.3
2.944
3.176
9.488
0.104
4.612
0.632
7.072
0.676
0.168
0.332
0.7
4.54
4.36
6.82
5.92
2.272
3.44
0.312
1.672
0.36
6.1
3.072
3.892
0.224
1.992
1.564
0.296
1.184
0.988
0.296
0.724
2.4
0.308
1.428
6.652
0.288
1.688
1.964
6.396
1.004
2.4
0.12
0.576
0.544
0.24
0.408
1.644
3.084
1.084
9.46
0.372
10.764
7.996
3.964
4.804
0.724
0.148
0.108
1.592
8.9
4.44
0.636
1.268
0.584
9.74
0.764
2.648
3.028
2.716
0.324
0.764
1.108
0.22
3.896
4.72
7.296
1.788
2.212
2.096
7.008
7.428
5.42
1.876
0.108
2.884
0.652
0.22
0.628
1.372
2.884
1.968
3.184
1.312
2.768
0.216
0.188
0.912
0.196
0.264
4.58
1.576
0.624
1.748
3.864
3.636
0.572
1.264
2.256
2.772
2.552
3.864
2.848
0.732
1.076
0.892
2.044
0.796
6.792
1.072
5.256
2.384
0.288
1.544
2.008
0.192
9.572
1.068
0.696
3.524
1.18
5.256
4.064
1.94
3.432
0.412
3.884
3.144
0.716
1.416
4.024
0.472
0.38
0.36
0.784
5.724
1.648
5.42
0.84
9.52
2.892
0.084
4.58
1.764
8.54
1.016
5.96
6.86
1.656
1.12
0.3
3.432
5.172
3.848
9.448
2.304
1.52
3.856
1.088
0.26
5.52
2.472
10.748
9.492
0.796
5.808
1.512
9.144
2.304
5.676
1.78
2.656
0.228
1.24
1.964
2.672
1.692
5.728
0.844
1.128
0.48
0.984
3.452
6.996
4.636
2.148
2.476
0.916
2.156
4.192
2.928
0.52
0.912
0.2
0.244
0.568
0.308
3.432
10.064
0.868
0.9
3.544
6.044
2.12
1.68
6.364
0.712
5.12
4.74
1.208
3.328
8.188
3.152
1.164
9.1
0.12
1.512
0.096
5.784
0.232
1.944
2.32
2.452
2.712
0.192
0.756
1.352
0.272
3.28
0.276
0.092
5.74
1.44
1.56
1.624
2.352
0.168
0.364
0.952
10.808
8.704
7.116
0.128
0.556
2.436
2.284
1.824
1.984
3.496
8.868
3.18
0.536
2.236
3.02
0.272
1.636
1.98
1.38
1.124
0.52
4.564
2.208
0.392
2.54
1.312
0.476
0.86
3.664
9.884
2.324
2.804
1.136
0.14
0.76
0.488
2.952
4.708
0.196
1.088
3.092
1.544
1.704
6.512
4.12
3.168
2.816
5.912
0.228
1.604
0.08
2.492
1.876
0.544
0.3
1.82
1.204
2.236
4.996
0.192
2.532
3.232
0.692
0.568
4.188
0.804
7.468
1.088
0.78
0.152
1.192
0.22
3.956
2.272
1.364
0.488
6.216
3.068
3.328
0.808
3.324
4.028
2.492
0.504
1.616
3.368
0.592
0.22
0.576
2.124
4.232
6.972
2.536
3.408
6.168
1.684
2.072
2.832
9.388
3.512
0.868
0.476
0.384
2.804
0.428
0.224
2.668
2.164
9.088
0.42
0.232
4.24
0.392
1.524
0.448
5.132
0.2
3.308
8.0
1.54
0.348
5.028
0.976
7.828
0.188
4.684
3.464
5.328
9.776
0.148
4.864
0.512
1.892
0.548
2.124
0.364
0.468
0.176
0.628
0.488
2.624
2.572
0.568
1.904
4.784
8.476
2.596
1.052
2.56
0.068
0.892
0.368
0.168
0.336
0.236
4.56
1.524
2.536
0.272
1.34
0.528
0.076
8.58
6.708
3.644
4.372
2.644
0.676
2.972
4.136
2.56
0.964
1.172
2.7
1.744
0.588
1.584
0.744
1.472
0.088
10.4
2.876
2.436
1.06
0.368
1.776
11.108
1.532
1.968
0.952
2.868
0.492
0.216
1.188
4.428
0.28
0.776
3.156
0.304
4.46
0.892
1.068
1.5
1.328
1.496
2.376
1.456
0.216
2.76
9.328
10.504
1.872
0.388
0.796
0.696
0.24
9.688
0.5
3.6
7.116
2.392
0.376
0.908
0.332
0.908
1.628
6.164
0.396
1.524
6.036
1.94
6.584
3.836
1.54
1.784
7.556
1.024
2.776
2.024
5.848
2.892
2.808
0.576
0.78
3.44
1.54
3.392
6.164
5.872
0.644
0.268
3.324
1.06
0.212
2.364
9.68
3.788
2.808
3.512
11.068
1.672
8.124
0.136
1.448
4.372
0.404
1.212
0.152
2.708
3.4
0.78
1.716
0.388
1.212
3.804
9.952
1.256
4.936
4.664
2.688
1.56
1.212
0.536
0.216
1.284
0.704
6.036
1.444
5.984
0.584
3.0
0.828
9.228
2.488
1.056
10.16
3.396
0.488
0.36
3.144
0.28
0.432
7.796
9.968
4.296
1.74
3.588
4.904
0.104
0.916
2.704
2.756
1.724
0.828
0.148
0.848
0.932
2.208
2.612
2.608
4.232
2.512
0.504
5.872
2.08
1.24
10.768
0.912
0.788
1.056
4.168
0.064
6.724
1.988
0.16
0.256
7.7
0.196
6.788
2.288
5.42
4.648
1.576
0.48
1.852
1.672
2.252
2.736
1.428
1.1
2.952
0.784
0.856
6.864
3.036
4.188
0.392
3.172
1.964
5.776
0.116
0.344
0.26
2.376
0.252
0.508
2.172
5.152
2.084
5.024
0.356
2.348
0.116
2.42
1.82
0.22
4.668
5.588
0.988
1.236
1.08
3.248
1.836
6.944
9.976
6.436
0.412
0.572
1.72
2.792
1.96
0.116
0.232
0.476
3.944
2.744
4.972
1.432
5.932
0.868
0.268
2.08
3.368
1.188
0.688
0.104
2.376
1.0
1.432
1.34
5.452
0.076
1.964
0.232
3.416
0.524
3.484
5.768
4.66
7.508
0.508
0.124
0.804
0.964
0.432
7.312
0.3
0.664
1.176
4.952
0.104
1.52
0.904
4.472
3.348
7.156
7.756
3.884
4.552
0.852
0.252
1.752
2.208
4.208
4.788
7.28
6.744
1.432
6.108
10.748
3.14
0.952
0.496
1.404
3.48
1.912
4.392
0.3
7.004
6.3
2.708
5.72
0.428
9.824
0.308
1.732
0.328
6.48
9.196
8.772
5.844
1.292
0.444
0.388
0.996
5.152
0.772
1.208
7.488
3.912
0.332
3.212
1.16
6.088
0.084
1.564
0.624
4.712
2.284
2.728
0.668
6.948
3.296
1.632
0.956
2.42
1.324
1.144
0.496
2.264
6.56
7.652
3.664
1.544
0.788
2.416
6.86
0.404
10.42
1.544
9.96
1.668
0.192
0.268
0.212
1.348
10.668
1.076
0.428
0.452
3.136
0.212
1.428
0.384
9.276
1.0
2.748
0.236
3.768
0.332
2.076
0.712
0.644
0.236
1.084
5.636
9.76
4.332
10.872
0.324
8.212
7.1
0.604
1.62
1.792
2.248
0.552
2.6
2.404
1.328
2.096
2.092
5.78
0.616
0.112
5.924
0.856
1.292
1.576
0.712
6.496
10.504
0.668
0.116
0.492
4.656
1.432
2.068
0.948
9.9
5.62
4.704
1.268
4.572
1.416
3.72
0.168
0.48
5.4
5.348
0.704
0.248
3.736
2.144
1.236
0.532
1.024
1.876
5.312
0.552
7.044
0.84
0.212
0.304
2.56
2.216
0.708
1.072
1.016
1.196
1.424
0.88
0.916
1.272
1.94
1.84
5.656
5.996
0.088
5.448
0.676
0.212
1.72
6.628
4.692
0.404
2.26
2.716
0.624
0.32
8.764
2.536
2.072
1.044
1.564
1.424
3.368
0.076
6.724
0.688
1.916
4.592
3.812
8.94
1.384
1.084
3.268
0.208
0.18
0.936
0.236
1.016
5.308
10.96
1.864
0.64
3.64
3.392
0.092
0.748
1.208
1.26
1.96
0.644
0.084
3.588
0.62
1.452
1.98
0.512
3.8
1.112
2.612
1.796
1.88
0.456
0.344
0.644
0.512
0.828
1.436
0.788
1.284
5.976
3.952
3.176
3.712
0.568
1.264
0.132
6.048
6.5
2.872
0.988
6.488
4.132
1.208
1.28
1.028
0.388
0.132
4.784
4.032
3.632
3.608
0.428
2.636
2.024
0.076
0.208
2.132
0.8
1.316
2.112
3.172
0.416
3.016
0.416
1.212
7.524
0.476
0.196
4.228
1.416
4.364
1.336
0.436
0.756
0.116
0.28
0.56
7.264
2.476
1.676
0.32
1.556
0.236
3.72
2.028
5.36
1.68
4.756
1.004
10.552
0.516
3.428
2.272
1.32
0.66
2.784
0.228
3.956
0.272
1.272
0.284
1.992
1.684
0.556
9.692
4.82
5.832
1.832
1.76
0.132
1.212
0.452
0.584
2.056
5.176
0.368
0.644
2.332
1.908
0.304
2.84
6.38
4.052
1.412
0.112
7.636
1.348
0.28
0.58
9.652
1.408
1.264
3.08
2.628
1.648
0.08
2.18
0.228
0.54
2.436
0.756
1.66
0.16
5.064
2.432
5.668
0.192
7.844
0.724
1.336
0.76
2.624
2.244
2.544
10.196
0.564
4.112
0.58
0.272
0.092
4.74
0.572
7.608
1.416
7.14
0.468
0.492
0.164
6.852
4.596
3.348
2.392
0.068
1.148
0.184
0.296
10.496
0.196
4.432
2.016
1.956
0.404
2.552
0.76
4.432
2.732
2.06
2.964
1.58
2.776
5.348
1.536
0.348
0.492
4.06
5.552
1.776
5.684
4.72
2.02
0.388
1.212
1.072
1.724
2.552
2.008
1.116
0.496
2.456
1.76
1.108
0.504
1.444
0.632
4.404
0.636
7.104
0.328
0.34
1.452
4.784
5.376
0.252
2.916
1.712
0.488
5.316
1.06
0.112
0.172
3.664
0.604
5.732
1.596
3.528
0.86
2.996
0.436
3.26
0.752
3.444
0.484
1.376
0.316
2.22
0.128
0.584
1.4
7.676
0.804
0.18
0.444
3.332
2.168
0.152
3.532
0.208
6.68
0.944
1.86
0.864
0.116
3.72
2.724
0.212
4.232
6.552
0.336
0.124
3.904
2.352
0.16
0.316
0.78
1.36
5.828
7.32
10.456
0.912
0.924
1.644
0.616
1.052
1.552
0.416
3.172
2.56
0.36
0.932
1.588
1.18
3.992
4.268
1.56
3.788
1.212
2.864
1.04
0.168
8.612
0.412
0.132
1.436
3.972
5.012
1.148
2.976
1.004
2.088
6.444
1.54
2.54
3.688
0.16
1.168
4.448
0.536
0.1
1.872
2.272
1.636
0.468
1.448
0.82
1.868
1.344
0.072
2.632
0.812
1.496
0.608
0.172
1.316
2.056
0.604
4.42
0.868
10.836
1.068
2.24
0.212
3.036
9.196
0.736
0.324
1.652
0.516
6.904
0.564
1.384
0.788
1.044
0.88
0.316
0.088
0.852
0.268
2.256
0.456
1.148
0.18
1.692
9.664
2.284
0.724
3.772
6.736
1.036
0.832
6.336
7.312
3.368
0.36
1.752
1.108
0.468
0.656
1.004
2.744
0.928
7.616
5.508
0.532
0.644
9.66
0.996
0.4
2.14
5.256
2.892
1.9
2.268
4.188
5.16
0.152
5.168
1.084
1.544
0.212
0.156
0.928
0.792
0.868
0.272
1.012
0.452
0.108
3.032
1.748
2.392
9.804
10.636
2.38
0.484
0.26
2.904
3.388
1.42
1.604
1.38
1.92
2.72
1.488
3.12
3.9
6.94
9.116
0.452
0.24
1.76
0.704
0.184
3.232
0.296
0.684
0.76
0.632
2.928
1.404
1.048
0.176
0.108
3.992
3.176
0.5
4.044
0.3
1.392
3.896
9.036
0.54
0.28
4.264
3.62
3.168
0.468
1.48
6.128
0.404
0.732
0.104
6.052
0.536
9.744
5.416
2.88
1.296
1.94
2.428
0.5
0.608
0.348
0.604
9.6
1.012
3.452
1.304
0.416
1.692
2.008
0.572
2.856
0.948
2.228
4.112
0.972
0.484
3.216
3.464
2.128
3.492
5.012
0.668
1.22
0.668
0.384
5.456
1.62
1.028
7.264
4.276
6.06
2.164
1.936
0.76
2.512
3.416
5.212
0.148
0.344
2.188
3.58
0.768
0.552
7.992
4.488
0.792
4.728
0.956
3.088
2.288
6.96
1.404
0.116
0.248
2.816
0.58
5.5
0.532
1.32
3.264
3.02
1.224
1.0
0.132
3.932
2.06
0.992
0.872
2.952
0.98
0.388
1.968
0.26
0.672
4.844
3.804
7.664
0.768
1.608
1.012
