4.18
0.924
1.724
0.316
2.532
0.472
4.216
2.78
1.996
2.108
2.012
5.308
0.852
2.104
0.324
6.824
0.772
3.932
1.224
3.04
3.432
7.708
3.52
0.232
2.976
2.848
1.436
0.512
2.14
0.216
1.224
7.604
1.616
3.14
0.516
2.796
0.596
0.848
1.664
4.14
3.832
0.332
10.74
4.172
2.94
3.992
1.86
1.22
3.508
0.26
0.756
0.552
2.344
3.292
0.52
1.228
3.644
0.472
4.244
0.916
8.22
0.94
4.648
4.664
1.452
4.644
2.004
1.036
0.556
0.6
3.94
9.5
0.652
2.452
0.664
0.852
8.452
0.46
1.324
2.98
3.54
0.844
10.764
0.316
0.356
5.844
2.004
1.0
0.304
3.416
7.748
1.024
0.74
1.184
4.472
0.48
1.62
2.796
5.252
1.284
0.696
0.564
0.74
1.612
0.576
6.052
4.736
5.356
2.304
2.42
3.84
2.364
2.94
0.308
0.988
1.212
4.948
2.04
5.312
2.624
1.624
1.792
2.46
4.072
3.908
2.092
4.132
0.26
5.188
2.304
2.64
1.656
1.704
0.912
0.576
1.68
0.772
0.688
6.008
0.248
1.524
1.92
2.176
0.86
2.696
3.496
1.54
0.84
7.356
4.712
1.732
1.64
1.472
0.308
0.376
6.108
0.372
1.44
1.468
2.592
0.296
0.524
1.364
1.564
0.508
3.244
1.78
0.208
0.668
1.872
0.496
0.26
1.316
2.724
0.436
0.236
0.576
1.88
1.824
1.952
5.9
4.008
0.396
1.616
4.112
0.28
0.588
0.928
2.56
0.46
4.184
4.904
0.336
0.252
1.156
3.928
2.044
0.88
1.132
2.764
1.248
0.38
0.404
4.08
3.612
0.288
4.96
1.956
2.412
2.652
8.08
1.724
1.064
1.688
1.9
2.988
1.296
0.312
0.68
3.388
0.192
1.8
0.212
2.888
1.252
0.572
3.764
0.212
2.004
0.768
0.456
0.204
1.064
5.72
1.252
1.06
0.784
1.108
0.704
1.156
0.816
0.904
0.292
4.532
1.496
7.264
1.792
0.752
0.908
3.676
0.228
1.948
0.204
2.352
1.6
0.468
0.236
1.136
0.572
4.1
1.26
3.108
0.24
0.348
1.716
0.992
4.316
0.548
0.852
5.364
3.84
0.372
4.608
2.096
4.048
1.068
2.632
5.056
0.348
6.368
1.336
2.048
1.572
1.872
5.0
0.372
6.924
8.944
1.808
3.332
0.428
0.46
1.872
1.28
0.292
3.652
2.428
4.624
9.068
2.2
2.288
0.204
0.664
1.712
0.668
1.26
0.52
1.472
1.328
4.452
0.876
1.576
0.404
1.06
2.56
3.128
4.348
1.976
6.128
0.572
1.648
3.18
2.96
0.372
7.444
1.128
1.74
2.768
2.64
0.876
0.196
3.944
0.4
1.432
3.808
0.6
1.624
1.116
0.236
1.92
0.936
1.248
4.024
4.4
5.856
8.368
0.736
1.456
0.376
0.628
0.364
2.948
0.272
1.504
10.168
2.912
1.092
2.532
0.612
0.816
1.628
1.88
0.316
3.524
1.592
0.572
0.716
0.42
2.552
6.088
0.296
4.084
4.64
0.216
4.352
0.768
0.52
0.984
2.36
0.44
1.316
0.496
2.364
0.576
3.276
1.528
1.128
1.22
0.696
0.976
1.732
0.456
6.952
0.756
0.312
0.244
4.392
0.26
2.612
4.26
1.3
3.872
2.06
0.512
3.456
0.236
4.452
0.384
7.752
0.66
2.704
0.604
0.248
0.36
0.548
0.76
1.8
3.332
5.12
6.428
2.14
0.924
1.544
2.284
1.656
1.22
1.316
2.356
0.692
1.444
2.332
8.932
1.528
1.376
2.356
1.068
0.888
1.368
2.476
0.524
0.292
9.304
0.208
1.368
0.692
1.456
0.404
3.796
1.892
2.148
0.868
0.788
1.6
0.204
0.588
0.756
0.216
2.632
5.36
1.676
3.18
5.072
0.62
1.524
3.868
1.672
1.524
0.556
1.124
2.48
2.424
0.836
0.692
2.148
1.128
7.048
2.44
3.236
1.556
1.528
1.06
6.828
7.132
0.884
2.104
0.464
1.3
0.316
0.624
0.208
3.364
0.58
3.54
0.436
1.572
7.632
1.852
2.36
1.488
9.944
9.836
0.196
1.72
1.456
3.98
0.716
1.72
2.268
1.736
3.148
5.716
0.7
2.36
1.44
0.356
2.036
3.232
1.104
1.364
2.768
0.688
3.068
0.548
1.616
1.108
3.54
0.488
9.296
6.696
2.552
1.56
1.016
0.192
0.2
9.224
3.572
0.572
4.796
2.196
1.52
2.052
1.328
0.264
1.628
1.02
4.12
0.688
9.288
0.284
3.536
1.064
0.692
0.448
2.212
1.868
3.916
7.852
0.928
0.452
0.212
0.2
2.308
0.648
0.32
3.6
3.56
2.5
6.732
0.884
2.224
7.6
1.972
1.836
4.78
0.208
1.336
0.212
0.94
8.056
2.9
0.74
2.0
2.104
1.296
4.58
0.68
0.732
5.724
1.756
3.608
6.38
5.804
1.368
2.46
6.764
0.804
0.2
1.592
0.248
5.392
0.736
0.976
0.416
0.456
0.22
0.216
1.812
0.22
0.592
0.336
0.704
1.9
2.868
3.848
1.216
0.904
0.288
2.3
1.872
2.032
1.572
1.016
0.236
1.624
3.12
2.26
3.212
0.784
0.62
0.22
1.212
0.388
1.1
2.34
0.948
1.0
1.04
3.148
4.004
2.648
0.768
4.28
0.728
0.588
1.436
0.216
1.176
2.228
0.5
3.612
0.712
1.024
1.136
0.2
0.496
0.212
0.236
0.636
0.384
3.496
0.72
0.244
0.628
5.572
7.484
10.18
0.208
2.052
0.3
0.428
1.124
7.86
1.872
0.948
6.448
0.896
0.932
0.596
0.712
4.224
1.824
1.132
1.092
4.596
1.752
0.992
6.928
0.268
3.108
1.232
0.936
5.7
1.312
1.828
0.604
0.568
0.296
0.436
1.524
5.212
0.212
2.196
0.468
0.86
0.672
0.636
2.736
0.48
1.12
2.644
1.788
7.892
1.824
7.156
0.264
1.804
3.312
0.356
0.58
1.796
0.448
4.016
1.712
0.94
0.3
0.82
0.432
3.68
0.352
0.408
2.788
3.788
1.144
0.284
3.912
0.332
1.512
0.34
0.952
4.84
6.276
0.472
1.124
3.82
2.588
0.572
0.784
1.208
1.46
0.352
4.144
1.416
3.316
3.72
4.0
0.456
0.256
2.744
2.708
1.148
1.06
0.84
10.152
0.42
0.272
0.204
3.696
1.1
4.228
0.8
1.908
1.604
0.316
2.992
0.68
0.492
1.952
0.392
1.656
1.096
0.2
0.5
2.58
0.964
1.828
1.492
0.28
2.32
0.42
4.492
0.4
0.384
1.696
1.816
0.412
2.848
0.248
0.512
1.496
5.652
2.9
1.02
2.456
0.48
0.588
0.24
0.4
1.772
2.76
1.732
1.756
1.352
0.536
3.724
4.064
1.324
1.28
2.796
1.584
3.78
2.86
0.46
0.496
3.044
2.372
2.024
3.4
0.368
3.624
9.308
8.496
9.54
0.592
3.716
6.628
1.496
0.268
0.66
7.104
0.384
5.484
0.56
0.292
0.736
5.736
1.532
7.512
9.552
0.212
0.504
0.408
5.224
1.328
2.828
6.496
4.648
9.42
4.396
4.032
2.008
8.704
0.836
0.544
0.24
3.568
1.304
0.808
3.032
6.312
1.78
0.492
3.936
8.444
5.528
0.296
1.356
1.456
2.3
1.548
0.588
0.212
0.212
0.892
6.772
1.756
2.364
7.26
0.52
0.848
0.932
0.52
0.416
5.02
0.24
0.4
2.58
6.064
0.62
0.224
2.492
0.268
0.2
2.372
4.188
8.76
1.408
0.832
6.784
2.732
0.872
3.44
5.776
0.648
3.164
0.62
0.46
0.744
7.328
1.236
0.696
0.216
1.064
0.448
2.748
1.204
1.812
0.212
2.536
3.412
0.652
1.236
0.648
3.44
7.368
3.676
1.576
2.712
3.836
0.768
0.904
3.116
0.896
0.608
1.284
1.124
1.2
2.896
2.912
0.248
0.992
0.872
0.44
0.716
2.84
1.868
1.232
1.552
0.668
0.4
0.432
2.836
3.592
0.976
5.524
0.744
0.26
1.72
7.36
2.036
5.044
9.292
3.968
1.408
0.812
2.892
1.808
1.188
0.264
0.42
0.608
0.72
7.86
0.248
1.708
1.108
4.3
1.52
4.168
0.676
3.008
4.112
0.268
3.672
4.112
2.3
0.2
0.38
0.56
2.916
2.896
0.856
1.536
2.744
1.336
1.176
0.648
5.644
0.952
2.36
2.884
3.264
2.676
9.36
2.328
0.244
0.736
3.12
0.612
3.212
2.232
0.468
0.308
1.868
0.816
0.596
1.928
0.672
0.292
0.48
6.864
5.788
10.136
0.204
1.464
0.564
1.852
1.156
5.436
0.212
6.608
2.848
9.8
1.888
2.536
0.244
1.212
3.612
8.716
0.636
3.16
1.692
1.756
3.316
5.876
0.612
1.24
0.796
2.972
3.996
0.212
0.752
3.164
0.484
0.448
5.524
0.672
0.824
1.248
2.232
1.152
0.98
10.496
0.62
0.5
0.208
0.932
0.876
0.8
3.032
7.028
0.2
1.548
0.72
4.86
0.392
0.4
0.824
3.264
4.176
0.592
0.668
0.624
0.724
1.12
6.24
1.208
0.212
1.936
1.54
1.092
0.724
2.04
1.576
0.428
1.912
0.344
0.7
1.208
4.94
0.248
0.248
1.468
0.584
3.952
0.628
0.344
10.896
1.2
3.984
4.028
0.592
0.372
6.632
3.176
1.748
0.66
10.556
1.12
5.308
1.536
1.504
0.76
0.204
6.708
2.388
1.18
0.816
0.36
6.816
3.98
0.992
2.94
0.34
0.404
0.388
0.536
2.136
0.716
1.984
0.352
2.724
1.492
2.932
2.14
1.372
0.38
4.064
0.244
0.256
2.936
1.708
0.388
0.24
1.26
3.976
10.364
0.268
1.164
3.216
3.1
4.868
0.412
4.992
0.88
1.176
1.356
1.916
5.22
4.104
0.492
0.516
5.128
7.116
1.192
1.62
2.968
0.208
3.976
4.312
0.212
1.664
3.812
0.524
0.56
0.556
0.676
0.9
0.28
1.6
5.368
2.06
1.608
0.92
1.012
0.248
5.564
0.396
1.728
1.736
1.096
0.408
0.272
6.268
4.712
1.792
3.684
0.308
4.696
2.472
3.028
2.236
0.332
6.66
1.28
4.436
0.884
2.828
0.828
1.528
0.348
1.8
0.548
0.576
2.18
0.264
5.5
0.94
0.72
1.896
10.292
6.88
0.212
1.484
0.712
6.632
10.068
0.908
1.26
1.22
0.892
0.84
4.32
4.756
1.204
1.344
0.432
0.236
4.68
2.216
0.388
0.72
0.344
1.904
3.152
0.352
5.236
0.232
1.42
1.296
5.952
2.4
2.896
0.6
2.732
1.664
1.22
0.884
0.224
9.464
0.372
0.616
1.032
1.468
2.132
4.08
0.76
2.68
0.496
0.3
0.336
0.24
2.756
0.628
0.512
1.592
0.868
0.304
1.536
0.228
1.084
0.412
3.648
1.644
0.228
0.588
0.896
2.432
0.464
0.756
0.72
0.556
1.536
4.94
2.1
0.204
0.324
1.98
0.22
4.004
0.368
2.36
0.976
3.056
1.896
3.792
2.884
0.48
0.676
0.448
1.076
2.136
3.912
3.38
0.328
0.744
5.756
0.584
2.532
1.716
1.132
4.116
0.416
0.436
0.668
1.892
0.972
1.876
3.144
1.616
3.7
1.308
1.808
0.688
3.348
0.696
0.244
0.66
7.064
0.292
1.932
0.8
1.6
4.716
2.192
5.632
1.156
0.688
4.236
5.636
0.896
2.652
4.028
4.704
0.212
0.956
0.768
1.62
1.308
1.308
4.972
2.62
0.52
2.472
0.224
0.748
2.532
0.564
2.648
1.872
5.404
0.76
6.432
0.616
2.364
0.236
0.748
1.808
5.196
5.62
4.0
0.576
3.668
6.98
1.204
0.904
1.136
0.208
0.14
3.964
2.508
3.448
2.108
0.22
9.828
6.596
4.772
4.208
0.62
0.656
3.52
2.484
2.52
4.94
1.02
0.384
0.76
0.952
1.22
2.136
1.42
3.072
0.996
0.328
0.212
0.2
1.924
0.596
0.208
6.5
10.492
1.024
0.416
1.148
0.904
3.876
6.504
4.696
0.212
1.48
0.436
0.636
2.776
0.716
2.944
2.044
1.824
0.74
0.224
0.712
0.724
2.888
5.808
0.836
0.724
2.2
0.788
2.68
4.32
3.516
0.316
1.18
4.148
0.7
0.2
1.036
0.768
0.876
1.568
0.784
4.068
5.796
0.476
4.4
2.54
1.584
0.66
1.08
5.8
3.708
1.688
4.096
1.872
1.04
0.256
0.56
0.472
0.916
0.244
0.832
6.5
9.724
0.528
0.484
2.368
3.996
0.864
4.268
1.552
4.728
0.932
3.104
5.084
0.84
1.144
4.52
7.28
1.252
4.496
3.556
0.3
0.208
9.652
0.396
1.004
1.992
7.188
0.4
3.352
1.096
0.344
6.452
1.236
4.968
2.216
0.208
9.312
2.76
1.372
2.336
2.804
0.512
7.184
2.592
0.26
3.112
1.484
0.64
4.468
1.416
0.204
4.528
0.276
0.764
0.96
0.328
2.152
1.268
2.388
0.612
1.684
0.232
3.292
1.492
1.016
0.996
1.004
8.144
2.86
1.18
0.284
1.012
1.824
0.616
2.468
8.484
0.872
1.024
0.512
0.432
0.328
4.036
7.08
0.268
0.34
0.22
2.844
3.62
8.028
2.22
2.228
8.06
2.032
0.624
0.704
3.156
4.668
8.9
1.82
2.964
0.892
1.032
0.904
0.856
1.032
0.616
1.356
0.6
3.668
1.696
0.992
0.736
1.748
0.416
0.224
2.528
3.548
3.496
6.168
1.22
0.472
0.744
2.528
1.732
5.324
0.424
0.684
0.608
8.64
1.74
1.872
3.428
0.66
0.74
0.468
1.332
0.732
3.104
0.532
4.568
0.628
0.884
3.728
2.984
0.268
4.376
3.144
1.828
1.516
0.54
0.252
0.976
0.944
0.284
1.62
5.768
1.06
1.372
0.648
1.06
0.744
4.524
3.336
2.372
1.436
0.276
0.384
2.74
0.688
2.94
0.424
2.984
1.312
0.228
1.172
6.576
5.072
2.848
0.376
1.712
1.928
1.624
3.544
2.832
1.692
2.82
6.136
1.172
0.692
1.24
1.112
0.98
2.26
0.528
0.772
5.368
2.108
0.396
0.512
1.104
2.324
0.232
0.408
1.744
0.408
2.864
1.912
1.672
0.84
2.512
1.612
0.276
1.104
0.14
2.156
4.852
0.328
8.972
3.548
1.804
0.328
1.284
0.852
1.588
1.244
1.304
0.316
0.216
1.176
0.48
7.976
1.32
8.608
1.548
3.98
3.292
2.28
3.696
0.984
5.448
0.552
0.736
4.036
1.7
6.576
2.616
0.348
0.672
3.216
2.012
2.2
1.056
8.232
2.864
2.156
5.956
0.344
8.408
2.66
0.504
5.52
4.02
0.204
0.488
2.268
1.464
0.192
0.696
7.868
9.996
0.812
1.6
0.26
4.184
1.944
1.592
3.472
0.396
1.616
2.776
4.632
4.248
2.828
1.144
0.34
1.468
1.656
3.048
6.284
1.012
4.044
1.384
2.336
3.036
1.288
3.252
1.128
0.544
3.816
1.52
0.444
0.216
2.464
0.488
0.96
1.852
0.392
3.728
7.888
9.088
4.216
1.06
1.088
2.048
1.02
0.244
1.024
0.212
4.804
1.916
4.672
0.364
0.62
0.496
3.944
1.008
2.392
1.208
1.196
2.84
2.432
1.856
0.612
2.056
0.276
2.872
2.796
7.16
0.304
0.224
0.98
0.796
3.292
0.684
2.284
3.936
2.0
0.48
2.58
3.532
1.948
1.072
0.208
2.588
1.88
2.192
9.292
0.544
2.884
1.904
1.328
2.24
4.472
7.04
0.936
0.228
4.136
0.356
1.924
1.264
2.268
0.752
0.712
0.928
1.224
1.004
0.208
3.192
0.96
1.232
2.452
0.72
0.212
5.776
0.5
1.344
0.92
5.808
0.248
1.096
0.908
4.452
0.212
0.736
3.444
2.928
0.668
3.432
0.924
1.6
1.936
6.98
3.236
0.62
0.456
0.972
0.416
10.036
6.456
1.08
0.988
0.552
0.368
0.64
0.208
0.968
3.728
0.5
0.34
2.708
0.812
2.56
8.84
0.24
3.68
0.924
0.416
1.204
0.692
1.796
1.296
0.376
0.22
1.72
2.432
0.54
0.344
4.16
7.944
0.864
1.4
0.708
0.728
4.2
9.076
0.228
1.36
4.632
0.96
1.856
2.956
0.204
10.456
0.352
0.824
1.168
1.848
1.212
7.86
0.544
0.312
4.72
2.1
3.92
7.152
0.96
0.796
0.364
8.156
0.2
0.42
2.9
0.828
0.312
1.444
2.704
0.44
1.248
1.292
4.432
0.284
0.56
0.436
0.388
0.34
0.2
3.604
6.776
0.404
0.696
3.264
2.488
2.044
0.52
5.392
1.948
0.68
3.548
1.408
3.928
10.516
0.448
7.612
0.396
3.072
2.2
0.948
0.3
1.404
0.904
1.24
6.828
1.132
2.436
10.88
1.204
4.24
0.908
1.532
3.504
5.256
1.392
0.472
2.86
0.54
4.404
2.292
1.824
2.492
2.964
8.232
2.42
1.804
0.216
0.208
1.604
6.348
2.992
3.928
0.832
4.232
1.296
2.368
0.404
1.152
0.94
1.212
0.212
1.116
4.288
1.864
2.636
2.5
2.912
3.424
1.072
0.8
2.268
0.756
1.992
0.208
1.904
3.856
1.124
0.36
2.116
2.916
4.136
4.78
1.196
2.044
8.048
2.448
0.376
4.16
2.092
0.412
2.228
2.212
5.384
2.06
0.624
0.604
3.028
1.696
1.324
3.06
0.256
5.484
1.896
1.116
7.492
0.904
2.188
0.272
0.364
4.768
1.832
2.364
1.688
4.284
1.076
2.928
1.8
3.072
2.104
1.328
1.044
10.284
1.976
1.548
0.22
1.372
0.724
0.352
1.04
3.644
3.14
4.228
0.52
0.768
3.716
0.588
5.196
2.392
0.752
1.524
6.048
7.272
3.18
4.164
0.208
1.2
4.08
0.208
3.172
2.208
8.448
4.748
2.448
3.404
3.68
0.484
2.82
1.292
1.344
3.832
5.444
0.692
0.208
1.832
2.144
5.052
0.26
0.212
0.716
0.3
8.772
1.284
2.42
1.02
0.772
0.328
4.516
1.068
0.272
1.748
1.064
4.072
1.896
0.52
0.748
1.42
0.92
0.604
2.796
0.676
2.568
1.94
8.088
0.296
0.216
0.672
4.216
6.636
2.56
0.32
1.14
0.98
0.472
0.568
1.896
3.472
7.436
2.004
0.48
0.828
0.796
1.536
1.828
1.948
0.964
0.252
2.604
3.144
1.5
2.532
4.272
1.62
0.608
1.864
1.192
0.676
1.764
5.788
1.048
1.724
1.708
0.968
1.028
2.924
0.664
2.612
0.932
3.44
5.024
1.72
2.6
3.64
2.372
0.528
0.548
0.576
1.468
0.608
9.456
1.636
0.38
0.792
5.272
1.296
0.928
9.48
0.692
0.852
2.132
4.252
4.652
1.692
0.812
1.02
0.512
0.628
5.668
1.224
1.564
0.208
1.892
3.2
0.328
0.668
3.596
8.524
0.46
1.26
3.4
2.716
4.056
0.972
0.496
2.232
4.544
1.324
0.504
0.212
0.296
0.908
0.388
0.328
2.568
0.216
1.492
1.312
2.736
2.8
0.248
3.224
9.916
0.452
2.408
3.652
1.784
2.792
0.208
0.328
2.0
5.496
0.488
3.472
0.472
1.832
3.696
5.044
0.356
2.172
0.616
0.38
3.376
0.828
1.196
0.292
3.636
0.984
0.452
1.68
2.316
0.204
0.988
0.548
3.872
5.796
0.316
5.192
0.272
0.232
3.776
1.088
0.872
0.94
1.272
0.692
1.092
3.156
1.764
0.24
0.256
2.848
0.244
4.308
0.868
0.34
6.596
9.068
1.416
0.836
1.072
4.444
3.66
4.344
2.62
1.732
0.72
1.064
0.612
0.82
2.024
0.492
6.824
5.088
0.288
7.244
4.08
4.896
2.344
2.284
1.884
0.696
3.792
6.812
1.16
0.248
0.944
0.72
2.244
2.124
2.508
0.448
4.728
6.964
4.848
1.712
0.86
5.44
1.42
6.384
1.28
2.548
0.348
0.612
1.94
0.852
2.852
0.38
3.868
5.172
8.696
0.2
1.252
2.188
0.784
4.068
9.312
1.124
1.532
0.22
0.272
2.772
0.26
0.592
1.06
2.84
0.956
0.86
3.592
2.064
7.048
0.64
0.212
4.268
1.728
6.468
0.372
2.284
0.596
0.308
0.228
0.28
1.672
11.0
3.296
0.588
0.628
4.248
5.112
4.892
0.884
1.44
0.212
1.616
5.22
0.436
0.864
1.544
0.36
3.616
4.976
1.052
1.844
0.22
1.568
3.5
3.168
0.852
0.772
1.912
0.668
0.6
0.628
1.232
3.02
3.332
4.08
0.528
0.756
1.432
1.312
0.952
6.128
1.064
6.584
2.76
0.784
0.604
0.444
1.776
0.64
3.16
5.596
2.216
0.704
0.468
2.128
0.684
5.704
3.564
0.356
2.616
0.816
0.56
0.492
0.232
0.356
0.808
0.296
1.468
2.316
2.548
1.132
1.04
1.072
1.332
1.6
1.896
0.8
0.82
1.932
0.22
3.464
0.648
2.252
1.996
0.592
0.588
2.3
0.784
0.316
3.576
7.16
5.32
1.884
0.52
4.328
0.484
0.396
0.54
0.928
0.58
1.252
0.96
3.264
2.668
2.332
0.312
2.828
3.404
0.944
0.632
0.968
0.888
0.212
0.836
0.996
0.408
2.46
0.596
0.792
2.96
0.98
0.736
0.86
2.176
0.208
1.632
0.276
4.332
9.272
1.124
3.832
1.916
1.044
0.948
1.608
1.004
1.82
0.756
2.424
4.864
0.484
2.232
2.96
10.844
4.676
2.112
2.22
0.344
0.784
1.376
0.98
1.136
7.248
2.464
2.796
1.9
1.648
0.836
0.732
4.2
0.348
6.396
0.808
3.768
0.6
1.244
1.632
0.964
2.592
1.164
0.24
3.036
6.292
0.308
0.456
0.52
1.62
0.392
3.392
7.1
1.616
2.076
1.412
2.62
2.908
1.232
2.82
4.052
10.224
2.164
8.484
0.528
0.748
1.496
1.952
0.22
1.188
0.74
2.576
0.96
0.952
2.596
0.32
4.004
2.412
1.068
1.316
2.836
0.824
0.324
1.06
0.5
0.352
0.4
1.824
1.216
0.748
1.0
4.196
0.828
0.596
0.724
0.72
0.904
2.092
3.908
0.948
3.188
0.916
3.732
2.068
5.492
0.468
0.86
1.948
1.184
2.872
3.504
2.42
2.628
3.896
0.64
1.1
0.984
2.208
0.428
0.272
0.26
1.272
1.092
0.648
2.5
0.324
2.436
3.012
2.584
2.884
1.272
2.536
1.14
1.584
0.82
7.628
1.144
2.5
0.328
1.62
3.12
3.064
0.212
9.332
0.428
2.244
0.312
0.692
0.8
4.892
3.68
1.724
0.908
0.708
7.38
6.368
2.788
0.944
1.804
0.292
0.864
9.412
1.272
6.056
0.448
0.192
0.292
1.08
2.7
5.068
2.064
0.34
2.196
2.82
6.584
3.864
0.9
1.488
0.66
5.42
0.24
0.292
0.688
1.188
1.476
4.484
0.284
1.284
0.68
0.648
0.256
1.424
5.212
6.472
0.96
3.744
2.92
0.604
1.316
0.292
0.724
0.28
0.992
4.004
0.908
1.6
4.908
4.456
0.508
1.216
0.98
1.776
3.28
6.04
0.344
2.248
7.332
3.876
5.456
0.236
4.296
0.456
2.608
0.92
4.548
3.376
1.444
0.692
1.124
5.212
1.664
0.208
2.972
4.648
1.348
7.576
0.228
3.492
0.232
1.388
0.204
0.716
1.104
0.344
1.948
2.716
0.884
0.196
2.488
3.752
0.78
1.74
0.9
0.34
9.488
1.46
2.932
7.244
4.76
0.896
10.3
0.868
2.488
2.004
0.528
2.796
7.312
1.644
10.272
2.284
0.828
4.96
0.44
2.644
2.688
0.796
0.78
0.804
1.82
1.228
1.504
0.304
5.784
2.308
1.312
0.72
1.348
0.932
0.276
0.764
3.0
7.804
1.816
0.364
1.316
0.388
7.4
2.132
2.352
3.288
2.812
8.8
1.252
3.732
1.56
0.204
6.992
3.368
0.632
2.88
0.46
1.332
10.504
0.6
8.896
0.608
1.58
0.28
1.584
0.8
0.528
4.528
4.564
0.668
1.544
1.828
7.44
6.196
1.976
0.272
2.004
10.604
3.188
0.996
1.08
1.696
0.592
5.144
4.172
0.192
0.684
3.732
4.224
2.192
4.304
0.88
2.532
0.712
0.192
4.408
2.384
1.668
1.9
0.424
0.388
2.204
3.24
3.752
1.9
3.152
1.248
0.844
0.26
2.072
2.556
0.788
1.064
4.096
7.376
6.128
6.096
0.368
1.152
0.312
2.728
4.564
0.848
3.952
0.236
3.888
0.972
1.208
1.832
0.432
0.588
5.548
3.524
1.932
6.704
3.288
0.4
1.596
0.832
1.984
3.772
0.512
2.0
0.648
0.92
3.508
1.696
0.852
0.444
0.696
2.472
2.38
6.212
1.196
0.708
9.108
0.608
0.672
3.472
2.504
0.808
0.264
1.828
2.372
0.708
3.644
0.316
6.68
2.556
0.476
4.776
0.552
0.464
0.628
2.924
4.908
0.396
2.852
0.892
4.852
2.012
0.732
2.228
0.692
2.224
2.74
0.408
1.584
4.156
1.576
1.144
6.604
4.972
0.244
0.432
7.628
1.248
7.644
3.024
0.2
1.468
2.172
0.6
1.164
2.14
1.188
1.352
0.708
4.656
1.0
10.156
0.868
0.66
1.48
0.472
1.364
4.552
1.808
1.612
0.356
1.04
0.876
9.624
2.168
2.036
0.256
0.404
0.448
0.528
10.036
0.356
0.312
1.348
1.096
5.344
0.408
7.212
0.532
1.228
1.124
3.548
8.604
3.004
2.4
2.388
1.964
4.28
2.052
0.428
0.412
2.004
4.008
0.288
6.868
1.288
1.508
3.156
0.204
3.312
0.684
2.82
0.912
0.236
2.276
6.276
1.148
3.304
1.348
0.412
1.796
0.796
1.46
0.748
2.096
4.536
4.316
2.6
2.88
0.54
0.92
2.176
0.652
0.752
6.144
4.96
10.976
0.336
0.892
3.096
8.444
8.272
3.932
2.624
1.84
10.792
2.02
1.852
4.028
1.508
0.416
3.72
0.568
0.26
1.436
3.076
1.648
0.244
2.748
0.976
0.572
2.18
1.044
0.692
2.072
9.304
2.704
3.308
1.98
0.724
1.864
1.696
0.852
3.952
1.5
0.472
0.732
2.928
2.576
7.448
4.728
4.38
6.316
6.236
6.308
1.392
1.8
3.816
2.184
6.864
2.804
0.204
4.64
4.508
1.2
0.44
4.308
3.188
0.44
0.392
0.756
3.096
3.916
1.18
9.396
1.648
0.204
3.036
1.488
1.668
1.428
9.228
8.772
0.848
1.296
0.44
0.784
0.696
2.12
1.504
0.244
0.736
4.78
0.432
0.892
1.624
1.208
2.476
1.884
1.688
7.508
2.568
0.248
2.06
5.016
0.484
4.084
5.708
2.58
2.684
0.628
1.38
3.752
0.584
1.208
3.372
0.648
0.64
0.472
0.82
0.6
3.86
2.152
1.952
0.612
1.392
0.916
0.284
0.856
0.364
0.724
2.24
2.684
0.86
1.868
0.204
5.028
1.188
1.208
2.244
1.296
1.412
0.24
2.864
3.52
0.436
4.86
0.256
0.5
1.488
2.256
0.192
0.2
2.968
1.436
3.356
0.968
0.388
0.856
1.24
1.004
1.872
0.928
0.672
7.672
0.204
0.688
0.288
0.388
1.608
0.384
1.476
1.408
3.24
1.0
0.192
3.28
1.32
2.716
0.344
2.996
1.748
1.408
0.316
0.388
3.196
0.436
5.32
2.02
0.244
0.3
3.02
4.148
0.616
0.332
1.344
0.3
0.988
6.084
0.532
0.956
2.848
2.492
5.024
4.12
2.428
1.184
2.264
1.188
1.236
0.788
1.052
2.164
0.512
0.436
2.596
0.764
1.552
0.372
0.972
1.568
2.576
0.228
0.444
0.568
1.028
0.204
2.732
0.492
0.536
0.452
1.176
0.332
0.58
8.024
0.78
0.328
2.208
0.232
4.14
7.876
5.916
0.904
0.372
0.76
2.904
7.42
0.388
0.452
0.864
3.832
0.272
6.072
0.248
3.284
3.036
3.884
5.056
1.384
1.868
3.964
2.252
2.748
2.084
4.196
1.064
0.272
0.204
6.548
2.448
3.164
0.26
0.2
0.58
5.124
0.752
6.02
0.732
0.192
2.568
0.504
3.6
2.404
1.752
5.796
0.304
1.408
3.724
1.472
0.292
3.816
4.284
1.364
4.0
3.176
0.628
0.356
1.904
1.12
0.288
0.352
0.228
1.544
2.88
0.32
0.208
0.348
0.644
0.696
2.656
2.356
5.056
9.664
0.224
0.432
0.532
0.876
0.436
1.284
0.308
2.884
0.368
2.348
0.936
6.128
5.736
0.228
0.216
1.4
0.808
0.308
0.816
0.904
3.628
1.428
0.912
3.996
6.52
0.456
0.548
0.568
2.512
0.36
0.908
2.556
0.208
1.084
1.236
0.468
3.524
4.408
3.756
4.76
0.612
1.564
9.928
4.08
0.696
4.528
0.216
0.316
0.792
1.612
2.104
1.336
0.572
1.788
0.2
4.372
7.716
2.316
2.832
1.732
7.544
2.008
1.66
0.38
0.812
7.204
0.196
1.872
2.54
9.48
0.212
0.724
0.796
4.384
0.536
6.78
0.708
0.344
0.284
6.936
5.856
3.252
0.228
4.324
0.196
1.62
1.652
8.0
1.628
0.644
2.696
10.368
1.14
0.984
3.396
2.8
0.372
1.224
3.904
2.16
1.052
2.384
0.492
4.524
1.032
4.508
2.888
0.52
1.052
1.86
2.256
0.556
0.936
0.48
1.72
0.38
0.284
0.212
0.24
5.312
4.04
4.048
2.496
1.316
2.848
5.648
0.472
4.192
2.776
0.488
0.696
1.824
0.584
1.256
3.804
2.328
0.312
0.688
0.292
1.972
0.264
0.648
0.644
2.616
1.568
3.316
0.448
2.752
1.168
4.728
1.736
0.404
0.396
0.456
0.52
3.588
0.72
0.532
1.396
1.304
0.88
0.492
2.772
5.76
2.172
1.852
0.8
1.916
3.612
0.396
5.06
1.304
0.316
1.232
1.76
5.308
0.268
0.224
0.324
0.268
1.092
3.204
1.78
9.32
1.616
0.312
6.98
1.02
5.792
3.128
1.292
0.636
0.24
3.46
3.36
3.584
2.716
0.888
0.856
0.416
2.768
1.248
1.088
1.692
2.02
2.032
0.196
1.504
1.472
1.996
2.58
1.1
1.636
3.724
0.884
1.036
0.948
2.964
3.004
2.36
1.288
2.22
0.504
0.42
1.844
4.12
0.392
9.592
1.336
0.34
0.688
0.788
2.544
1.908
0.5
1.736
1.412
1.22
5.672
0.912
10.244
0.976
0.916
10.676
6.084
4.6
0.404
2.948
1.344
0.832
3.804
0.896
1.064
3.092
0.312
0.904
3.56
2.34
1.876
2.664
4.22
2.724
5.456
0.556
1.04
1.764
1.028
5.24
0.64
1.94
2.944
0.804
3.12
0.748
0.356
1.14
7.8
3.148
0.236
2.432
2.928
3.84
1.308
4.532
1.812
1.78
0.456
0.84
1.62
0.968
4.192
1.548
3.052
1.196
1.504
1.848
2.472
9.912
2.208
7.164
2.66
2.72
0.656
6.044
0.78
1.456
1.628
1.384
0.532
0.244
1.42
3.132
0.84
2.952
2.364
0.972
1.308
3.228
3.08
11.008
0.228
2.7
2.228
1.54
1.228
3.468
0.376
1.74
2.06
1.856
3.788
5.704
2.544
2.472
1.124
8.428
1.936
0.396
1.344
0.576
0.804
5.308
1.18
1.02
0.412
10.02
3.272
0.208
0.552
6.332
0.532
1.8
1.632
5.128
3.8
0.804
0.884
3.876
2.244
4.976
2.16
0.8
1.256
2.048
3.224
0.808
0.46
2.0
3.596
1.016
0.216
0.604
4.144
0.42
0.216
1.392
0.536
1.128
2.656
0.92
8.992
0.516
3.992
1.836
0.352
1.216
1.944
3.176
0.372
0.844
0.252
0.364
0.952
1.668
0.552
0.256
2.912
6.464
0.488
0.452
4.788
10.18
2.796
1.788
2.24
3.896
0.256
1.832
1.664
4.104
1.5
1.192
1.976
7.368
1.596
1.528
0.428
1.128
0.68
4.08
0.628
0.208
1.356
6.224
1.408
0.992
3.228
2.916
1.524
0.212
1.58
1.696
0.48
0.668
2.076
0.836
1.088
0.404
2.884
0.74
3.7
0.308
0.708
9.992
2.276
1.6
7.164
0.852
0.284
2.54
2.808
2.524
0.344
0.236
3.324
10.864
2.8
1.268
4.84
1.404
7.552
2.504
0.24
5.856
2.648
4.364
1.964
0.196
0.216
1.624
8.484
2.164
0.78
1.372
1.124
1.896
4.736
0.9
0.204
3.08
1.68
5.756
1.02
4.196
1.22
1.496
3.368
1.188
1.036
0.376
1.128
0.216
3.508
0.7
0.392
4.348
0.292
0.304
1.032
0.404
0.212
1.016
5.728
0.272
1.476
2.848
0.604
1.228
1.744
1.744
0.512
8.724
0.292
0.384
7.78
0.752
0.272
7.904
2.3
3.116
9.896
0.968
1.0
2.396
0.704
0.24
0.312
1.556
4.752
3.804
3.732
10.628
0.6
6.428
0.828
2.412
1.512
2.184
0.208
0.304
3.864
0.604
1.248
3.892
0.816
3.72
0.372
0.54
4.004
0.356
0.344
0.388
0.784
1.58
0.972
0.724
2.08
0.748
1.584
0.288
0.972
0.288
0.42
1.56
10.06
1.728
3.94
6.288
0.876
0.312
0.408
1.204
7.56
2.788
0.76
0.488
3.516
0.22
1.624
0.6
0.484
0.3
0.588
3.096
4.428
5.364
1.98
1.584
3.0
3.112
0.692
9.772
2.996
0.476
2.128
0.48
0.876
6.012
4.892
1.364
1.452
0.308
1.552
1.692
1.268
3.0
4.468
0.588
1.472
0.248
5.64
3.688
2.0
0.424
6.468
0.272
0.556
0.344
3.004
0.728
1.644
1.86
1.752
8.16
1.556
0.896
1.304
0.292
3.112
7.364
6.864
0.668
0.732
4.32
2.744
1.204
2.432
0.908
0.352
0.936
2.044
0.264
2.008
0.268
9.508
2.096
0.6
2.904
0.544
0.608
3.344
2.392
0.356
3.8
4.648
3.804
7.404
1.352
0.648
10.916
5.716
3.024
0.82
2.96
0.5
0.744
1.74
2.288
2.576
1.0
0.708
1.228
0.668
6.176
2.156
4.844
0.604
0.268
0.656
0.264
1.656
2.6
0.496
2.02
0.536
1.864
4.316
3.14
5.844
1.632
1.38
2.884
3.556
10.728
1.856
1.52
1.888
0.212
1.76
0.44
0.856
0.56
1.072
3.276
3.34
0.792
1.544
1.472
4.508
2.036
1.316
1.572
1.232
9.12
1.872
0.592
0.312
0.244
7.452
4.676
0.28
4.36
0.216
1.66
3.18
0.628
5.364
0.26
0.392
0.2
0.208
0.332
0.82
0.96
0.776
0.536
2.068
3.64
3.08
0.628
0.196
1.068
1.272
1.604
0.208
3.024
4.244
0.724
0.352
0.3
0.204
6.732
0.696
0.212
0.292
0.52
0.368
2.992
1.956
0.992
4.884
2.26
0.496
0.584
0.344
1.732
3.276
7.14
0.288
1.416
0.568
0.828
