0.296
3.592
3.2
0.628
0.42
2.888
3.524
2.836
0.284
9.716
0.492
1.396
0.78
8.6
1.668
2.12
0.192
0.372
0.076
2.252
3.612
0.28
2.084
0.42
9.584
6.816
3.244
0.656
2.332
0.34
2.04
0.836
3.028
0.9
0.264
1.984
0.092
0.644
1.788
1.632
1.232
0.596
2.148
1.804
0.048
0.116
0.796
1.104
3.548
2.728
0.06
2.032
0.724
0.5
1.232
7.024
2.58
1.416
1.004
1.628
0.548
5.008
2.68
6.092
3.836
5.304
0.384
7.468
2.28
3.268
0.472
0.796
0.64
0.224
3.16
2.332
4.424
0.716
1.124
0.872
3.392
1.5
4.704
0.428
1.82
0.392
3.164
0.556
2.5
0.78
0.276
2.988
0.144
1.672
0.176
3.252
2.112
3.032
6.996
1.26
2.784
2.896
1.164
2.592
2.076
1.352
1.824
3.264
2.408
0.692
0.572
0.548
0.692
3.244
2.856
3.74
2.44
3.3
0.772
1.092
0.368
0.568
3.02
1.768
1.52
1.768
2.276
0.216
0.596
5.328
0.716
1.144
0.696
0.824
2.4
0.488
7.804
0.224
2.1
1.02
1.788
2.772
7.496
0.28
0.056
7.864
0.044
0.344
0.34
5.588
10.192
3.404
2.024
0.448
0.06
0.436
10.456
3.216
1.856
3.756
5.548
2.116
4.528
1.836
0.464
0.712
1.916
1.612
0.568
3.616
9.896
2.632
2.004
0.3
0.692
0.152
1.176
3.164
0.672
0.108
3.952
3.128
0.064
1.948
1.92
0.804
0.892
2.196
0.772
4.228
0.948
2.62
2.264
1.356
0.164
1.088
4.624
1.66
2.012
0.956
1.724
2.42
0.12
0.28
1.492
3.732
4.696
0.728
0.696
1.52
1.26
1.08
2.356
10.656
2.792
0.684
2.756
0.232
0.74
0.132
0.196
0.568
0.616
0.964
3.384
1.22
2.804
0.66
4.696
0.384
0.296
1.596
0.124
2.736
3.06
0.168
7.584
6.388
0.124
2.056
2.464
0.296
8.332
5.424
2.348
7.764
1.596
3.272
1.116
1.044
2.456
3.052
1.008
3.48
2.524
1.168
5.932
3.336
0.096
0.58
0.456
0.424
2.404
3.48
4.46
3.22
6.348
1.44
2.564
2.304
1.232
3.052
3.12
0.1
4.384
3.468
1.256
1.156
0.968
0.792
4.76
0.612
0.684
8.396
2.508
2.14
3.04
0.756
0.2
0.14
1.092
0.52
0.772
2.768
0.248
2.8
4.224
1.78
3.1
0.68
2.208
2.72
7.0
0.452
0.592
2.236
1.516
1.164
2.912
1.992
3.58
2.364
5.684
2.388
4.46
2.42
3.24
7.864
3.192
2.572
0.948
4.172
2.448
0.844
0.504
0.28
5.392
1.264
0.284
0.296
6.728
0.248
0.14
0.184
2.072
4.632
0.624
1.06
9.672
0.684
1.496
6.728
1.416
2.832
5.304
0.64
5.196
0.384
0.132
6.668
4.664
0.588
2.964
0.356
0.956
1.9
1.184
0.464
1.004
0.652
0.472
1.308
3.724
10.604
2.544
1.46
2.82
1.076
4.94
2.26
2.22
0.764
0.948
5.104
4.952
1.292
0.32
4.876
1.992
7.22
0.116
0.196
1.232
2.036
0.116
0.456
3.964
3.92
2.672
1.784
0.472
0.812
4.528
5.652
2.86
3.856
1.212
7.004
2.964
2.544
0.928
0.944
0.068
2.268
9.056
0.472
3.584
1.932
4.796
0.108
1.528
1.528
2.492
0.348
0.12
1.052
1.808
0.764
0.444
3.852
0.752
0.928
0.416
0.12
4.844
4.372
0.736
2.808
1.128
0.244
2.204
2.044
3.232
1.952
1.456
3.816
1.968
0.856
2.94
2.344
1.524
0.86
2.124
1.052
4.068
4.048
3.676
0.3
0.512
1.46
3.976
6.512
4.508
2.64
0.984
0.392
0.172
5.88
4.584
2.252
0.728
1.396
2.428
5.672
6.068
1.712
0.78
0.128
1.56
9.752
1.832
2.484
4.2
4.684
3.92
4.348
2.76
1.592
3.908
6.072
1.2
7.192
1.476
2.78
0.64
2.136
0.108
0.116
1.384
1.472
3.04
2.18
2.532
9.188
1.124
0.056
1.96
0.38
2.648
0.368
0.592
3.016
0.74
2.484
4.68
1.164
0.084
5.76
1.272
0.416
0.82
3.456
5.728
1.104
0.4
2.86
2.42
6.6
3.84
3.34
1.5
1.172
5.348
0.396
1.04
0.704
0.288
4.336
1.46
0.664
2.728
1.584
1.228
2.252
0.224
5.864
0.5
1.964
0.192
0.952
0.632
1.088
0.74
1.0
0.384
2.988
2.54
0.28
5.512
1.804
3.124
1.252
2.696
4.428
0.296
2.324
6.376
0.964
1.012
2.956
2.26
2.528
1.148
3.416
1.464
1.996
7.944
1.228
1.744
1.352
2.924
0.808
1.404
0.544
3.728
1.376
10.188
6.5
2.908
1.144
2.448
2.104
3.112
4.308
2.144
0.428
3.124
1.66
1.112
1.164
1.696
0.492
2.36
1.984
0.568
2.052
0.416
2.296
0.68
0.584
4.464
9.956
8.68
3.82
2.876
0.744
5.256
1.56
2.436
0.06
1.344
0.848
1.224
5.628
0.396
2.628
0.26
0.168
0.52
0.428
1.396
2.016
0.416
1.452
2.04
6.512
2.088
3.156
8.152
8.42
0.804
0.656
5.532
0.432
2.988
1.396
2.312
3.9
1.512
0.88
3.984
5.088
0.888
0.12
1.116
1.408
5.576
1.632
0.768
6.388
4.916
0.78
3.236
0.356
0.244
1.796
2.68
1.916
1.116
1.048
4.028
0.7
4.192
2.992
9.168
0.672
0.356
6.508
1.516
0.28
1.98
4.036
0.268
0.56
2.516
0.128
3.724
2.444
0.22
5.028
1.44
1.524
2.652
2.152
4.196
0.44
2.32
1.828
0.668
1.24
0.54
0.688
3.348
0.74
0.484
0.6
1.912
4.996
3.68
0.4
1.624
1.236
0.332
1.044
0.164
0.496
0.888
0.852
3.996
1.184
1.392
1.28
1.04
3.724
0.14
0.2
0.296
5.384
0.308
0.916
0.428
0.228
0.404
2.948
4.86
3.52
1.24
1.072
0.388
1.244
1.94
1.584
6.768
0.916
3.74
0.456
0.056
0.8
1.932
0.348
1.74
2.156
0.284
1.224
2.66
0.376
2.328
0.38
1.456
0.076
2.828
1.204
3.288
2.704
1.888
1.064
2.452
4.032
2.748
1.056
1.644
1.036
1.268
1.788
0.8
2.936
0.784
0.2
2.192
3.68
6.464
0.364
2.66
2.116
1.356
2.104
0.892
2.796
0.048
0.108
0.152
2.58
0.56
0.472
6.192
2.18
0.244
0.272
2.848
2.02
1.828
2.132
0.404
2.28
2.324
3.172
1.008
1.472
0.752
5.864
1.728
6.084
5.152
0.132
0.248
0.08
7.384
9.18
3.976
1.412
0.232
2.516
0.9
1.528
3.272
3.084
2.636
2.66
2.752
1.332
5.472
2.84
0.64
3.824
0.256
0.58
1.112
1.328
3.652
0.116
1.352
0.188
1.268
1.292
0.428
0.516
3.652
3.616
3.984
3.032
2.032
1.148
2.996
0.872
0.092
7.0
7.256
1.684
2.388
0.56
2.68
0.388
1.388
0.892
0.256
0.932
0.916
2.18
1.484
1.212
0.56
2.54
0.348
0.332
1.748
2.02
3.508
2.792
0.14
1.82
2.708
3.18
0.848
3.98
0.304
0.2
4.484
3.74
6.112
1.312
0.148
1.884
1.672
1.496
3.932
0.328
1.604
2.752
0.716
0.168
0.664
0.564
2.02
4.396
1.212
0.8
2.652
2.108
1.152
1.104
0.236
0.084
4.24
0.132
9.096
1.716
1.036
1.228
3.548
3.3
0.4
0.292
1.552
5.668
1.24
0.24
3.872
9.676
10.844
3.284
2.132
1.164
0.24
3.952
0.384
0.604
0.108
1.128
0.356
1.948
3.288
1.096
1.892
1.044
5.912
3.796
2.652
2.26
1.408
0.716
1.356
0.636
0.428
1.08
4.068
1.064
5.052
2.48
3.712
0.548
0.972
1.876
2.744
3.212
1.016
0.7
5.32
2.856
2.336
0.52
0.16
2.472
5.116
4.324
0.152
1.728
0.428
0.452
1.284
1.328
1.452
0.476
1.34
0.88
0.22
1.92
2.244
2.732
1.216
1.492
2.408
1.152
7.172
0.92
0.268
1.768
1.532
1.236
4.652
2.192
5.864
1.976
1.816
0.152
4.152
0.576
4.128
3.396
1.972
0.36
4.188
3.316
1.86
2.384
0.192
0.168
0.116
4.064
0.068
1.712
2.356
4.356
1.796
6.844
0.116
4.572
1.24
0.764
0.612
0.376
4.356
0.196
2.696
1.644
0.596
1.188
1.332
1.856
0.232
0.98
3.072
1.784
1.444
0.996
0.948
0.08
1.748
0.808
4.808
5.76
0.476
0.524
2.504
0.308
0.624
2.644
0.256
0.552
1.064
1.94
0.456
3.64
1.564
0.38
0.664
0.276
3.416
2.332
3.436
1.672
0.104
0.16
0.116
2.4
1.46
1.8
3.452
0.688
6.784
0.172
0.464
1.244
1.8
3.852
0.648
0.512
0.332
0.376
1.428
9.68
2.008
2.552
2.436
0.62
2.304
3.692
0.2
2.868
1.168
8.832
0.508
0.592
0.54
0.3
1.28
3.672
2.8
0.468
2.096
0.46
1.6
3.248
8.68
0.884
2.128
5.14
0.236
1.88
4.136
0.208
2.112
1.0
0.184
0.476
2.072
6.296
5.172
0.188
1.444
0.428
7.256
1.592
1.072
3.872
1.62
2.772
0.72
6.616
0.216
3.74
0.688
1.484
0.1
0.524
2.064
3.652
4.44
1.36
3.416
0.58
6.48
0.448
2.3
0.544
2.848
3.12
0.628
1.012
1.032
0.724
3.204
3.068
1.864
0.532
1.584
0.136
1.208
0.132
0.396
0.28
0.276
0.392
4.32
0.732
0.192
4.996
0.828
1.492
1.8
0.732
1.968
0.916
2.424
1.388
1.108
5.24
2.048
3.176
2.048
0.428
0.252
1.292
2.904
1.428
6.224
0.384
1.508
0.592
3.948
6.668
0.168
2.428
1.22
4.42
2.072
0.712
2.04
6.464
0.252
0.4
3.48
2.304
0.404
0.86
0.748
1.764
0.92
3.084
0.852
3.388
1.036
0.596
2.048
6.544
0.216
1.464
2.252
0.324
0.304
2.412
1.7
10.02
4.096
2.268
8.156
4.18
2.924
1.736
1.216
1.12
8.056
1.664
1.22
2.32
10.388
0.636
1.764
0.868
0.1
0.86
0.884
0.376
2.14
1.216
0.164
7.188
0.376
5.32
2.52
1.632
2.372
2.388
2.86
1.844
0.124
1.9
2.2
0.332
1.564
2.432
3.168
6.692
3.02
1.236
4.332
2.296
4.732
8.688
4.808
2.984
2.672
0.632
1.608
0.572
4.652
5.112
0.868
2.836
1.556
0.636
0.968
0.232
0.18
0.312
2.184
0.264
4.124
2.556
5.424
1.816
0.84
0.972
3.184
1.724
2.852
1.548
0.228
9.24
8.648
1.68
3.356
1.0
2.344
0.196
5.68
7.068
2.208
2.836
3.24
2.72
3.7
3.184
2.048
2.204
0.904
6.94
1.152
3.496
3.844
1.72
0.432
1.056
3.14
1.312
0.564
0.58
0.252
1.876
3.268
3.632
0.328
3.108
1.228
0.704
3.428
0.388
0.988
1.62
0.512
1.376
3.756
0.648
1.708
0.724
0.72
1.28
1.292
1.46
3.964
0.196
0.472
1.768
2.668
0.692
2.224
0.628
0.292
1.38
1.548
2.224
0.56
1.824
0.188
2.692
1.28
0.336
3.028
2.788
2.4
2.968
5.264
0.444
0.996
3.356
1.968
1.08
0.196
2.064
2.324
0.936
4.184
1.712
10.44
0.612
2.22
1.024
1.696
4.22
1.816
0.36
0.24
3.424
0.788
0.708
3.532
1.612
0.26
0.784
2.908
1.268
3.216
0.084
2.948
0.784
4.36
0.268
3.052
1.968
1.74
2.708
2.216
2.228
5.048
10.804
0.5
0.16
6.376
0.308
4.128
1.356
2.672
2.508
1.648
0.12
1.192
0.624
1.62
2.888
0.948
1.832
1.428
1.836
3.676
1.144
0.184
3.148
2.812
1.84
5.192
1.036
1.824
3.024
0.872
1.552
4.212
0.656
2.104
1.664
1.972
0.828
3.836
1.404
2.076
0.104
4.164
3.892
0.788
2.768
0.808
9.232
3.58
1.136
0.552
3.32
0.172
3.772
3.42
2.224
0.944
0.06
3.292
8.272
1.384
1.056
2.056
1.024
0.108
6.176
4.716
3.704
2.316
0.052
1.26
1.532
1.956
0.06
10.88
0.14
0.908
0.648
3.144
5.412
4.364
1.416
0.288
0.328
1.096
0.912
3.972
0.792
1.712
4.332
0.244
1.904
3.316
0.2
0.904
2.608
2.86
1.572
0.676
4.984
0.488
1.048
0.228
4.588
5.424
4.048
2.168
0.092
1.852
5.5
2.096
1.784
1.264
9.816
0.98
2.848
1.992
2.156
1.416
0.152
3.24
0.308
7.248
1.604
0.796
7.04
0.996
2.832
0.916
1.9
0.496
2.372
1.712
7.896
7.824
0.416
0.436
1.296
2.912
0.896
2.312
0.388
1.18
0.136
2.932
0.52
0.664
0.916
9.48
0.144
0.148
0.224
0.508
6.792
1.22
2.16
2.828
6.624
1.208
2.34
3.74
10.044
1.104
5.316
0.548
1.6
2.22
1.292
1.712
2.76
0.728
0.816
4.548
0.776
2.468
0.552
1.7
0.632
4.104
1.316
4.588
1.032
1.628
0.352
5.864
0.368
0.52
2.768
2.836
3.5
0.596
5.352
0.94
2.772
2.052
1.008
0.76
2.592
4.356
1.832
3.572
0.412
0.388
1.232
2.328
3.164
3.012
2.368
4.7
1.252
3.9
1.652
2.384
1.5
4.16
0.156
2.524
2.956
0.38
3.628
1.0
8.488
2.836
2.008
2.456
0.492
0.7
0.968
4.452
0.996
0.624
2.008
0.828
0.696
0.484
6.888
0.96
0.536
1.412
1.956
3.816
2.412
0.652
2.004
1.348
2.804
0.936
0.892
7.028
0.236
0.472
0.264
0.38
1.18
2.18
2.516
1.264
0.292
0.692
2.904
1.412
2.152
3.152
0.496
1.16
1.02
0.524
1.484
0.952
2.336
0.512
1.404
1.528
5.176
4.884
1.536
1.152
2.264
2.196
0.672
1.904
0.724
6.04
1.376
0.444
1.756
2.712
0.12
3.464
0.188
8.54
1.428
0.904
4.616
4.424
0.456
0.724
4.38
0.628
1.904
2.848
0.9
0.824
2.256
2.676
5.196
1.504
3.368
0.344
2.612
3.044
4.06
0.944
0.676
0.404
0.772
3.268
0.204
2.636
7.984
1.752
3.232
0.488
1.428
0.644
1.344
2.548
3.768
1.956
0.312
0.46
0.236
4.596
0.672
2.576
0.608
1.984
3.984
0.428
4.528
3.68
0.72
1.092
4.916
0.316
0.632
2.324
0.28
1.612
1.156
0.408
4.196
0.708
0.28
0.956
0.668
0.064
3.288
0.752
4.564
3.176
0.544
2.984
1.144
1.304
3.356
1.372
4.128
4.692
9.12
0.492
1.76
6.332
1.412
3.98
2.908
0.888
0.752
4.292
0.756
2.892
2.064
0.448
1.236
2.336
5.08
1.78
0.66
7.168
2.252
0.492
0.1
3.456
1.876
1.584
5.02
3.392
4.776
1.064
4.416
0.192
4.972
2.148
4.104
4.244
8.012
2.924
0.916
2.308
3.5
0.796
2.468
0.416
0.888
0.672
1.528
0.64
2.104
1.32
2.72
0.068
1.508
10.932
0.14
0.132
0.696
0.332
10.344
3.132
3.2
1.78
9.552
0.7
0.08
1.656
0.768
9.8
3.284
2.572
2.116
3.224
2.324
6.788
5.176
0.696
2.004
0.192
0.736
2.408
0.292
0.16
2.524
0.352
0.116
0.944
0.136
4.316
1.164
1.02
0.316
0.388
2.476
2.092
3.104
6.596
2.672
1.412
0.076
0.888
4.064
0.16
0.384
0.784
5.94
0.66
1.864
0.776
0.868
3.024
4.912
0.384
0.512
1.74
1.484
1.828
3.12
0.112
1.664
2.472
0.644
2.36
3.724
4.644
1.496
0.292
0.792
1.756
0.18
1.728
1.768
5.676
4.212
1.992
0.092
2.136
0.528
1.896
0.884
1.244
0.572
0.264
0.984
0.592
0.364
0.172
2.692
7.076
1.216
2.168
2.132
0.896
2.208
5.284
2.328
2.008
2.348
5.312
4.392
1.916
2.844
5.612
5.576
0.156
1.264
1.304
3.268
0.244
3.188
1.248
1.004
3.36
0.852
3.744
0.204
2.396
4.524
0.356
0.724
0.268
0.96
2.564
0.392
1.872
3.296
3.808
0.236
1.008
2.484
1.612
4.42
9.0
1.072
0.348
2.416
0.172
1.096
3.164
1.112
0.276
0.996
0.18
4.344
5.26
2.352
0.996
0.712
0.596
0.048
4.964
3.568
6.748
4.192
3.328
7.144
2.06
4.844
1.576
3.1
8.284
2.164
0.116
1.696
0.308
0.6
2.26
0.384
0.616
4.6
0.872
8.82
3.36
0.652
8.816
2.672
1.12
0.572
0.2
2.036
2.92
1.86
2.704
7.336
0.128
0.876
5.316
0.584
3.708
0.348
0.296
2.996
0.14
0.364
1.448
0.36
0.272
3.56
0.808
1.044
0.224
0.712
2.204
5.176
0.712
1.08
1.632
4.22
1.032
1.36
0.74
1.992
0.7
2.628
1.868
0.204
0.604
0.184
3.956
3.272
0.724
1.94
0.212
1.568
1.056
1.028
3.292
1.52
0.76
2.456
4.772
0.492
3.356
3.26
1.696
0.656
2.688
3.984
2.904
1.348
3.68
2.816
1.12
0.176
5.608
0.684
0.616
2.864
2.032
1.484
1.816
5.612
0.876
0.9
0.3
0.908
0.712
1.264
0.856
1.84
1.34
1.024
1.14
1.148
0.18
0.824
1.276
0.508
0.556
1.008
0.476
1.264
8.028
2.668
1.444
2.708
9.552
3.348
0.396
5.564
1.376
0.456
4.564
7.376
7.772
1.68
2.652
0.296
1.896
3.744
1.964
6.86
0.736
7.252
0.42
0.172
2.304
3.984
1.528
4.592
0.1
4.016
1.496
1.196
1.824
0.252
1.156
0.244
0.128
3.816
3.304
4.908
3.808
1.28
0.476
1.136
3.344
5.608
1.528
0.488
1.72
2.868
2.996
6.68
4.936
5.564
1.112
0.816
1.1
8.436
0.304
0.94
2.496
0.484
1.196
1.936
7.472
0.3
1.148
1.864
7.488
2.224
2.968
1.412
0.156
0.764
2.324
1.888
0.284
1.012
1.48
0.368
0.472
3.332
2.492
0.172
6.532
0.456
3.376
0.66
0.848
0.716
0.232
0.436
0.228
0.088
4.764
0.124
0.468
6.068
1.404
7.92
2.076
1.284
0.86
1.38
0.108
0.324
2.228
0.78
3.296
1.212
1.468
5.108
6.176
1.564
0.916
6.484
0.288
2.1
1.404
6.164
1.292
0.812
0.476
5.012
0.72
4.132
3.744
0.692
1.688
0.916
0.88
1.2
4.032
1.504
3.168
3.672
1.04
2.628
0.716
3.368
6.32
3.472
2.424
1.184
1.456
3.512
1.296
2.92
1.88
0.876
1.816
2.564
0.176
4.028
2.332
0.68
0.244
0.484
0.804
8.436
4.772
0.064
3.652
3.62
7.088
2.008
6.984
4.596
0.58
0.12
0.752
3.584
1.192
3.552
2.484
0.628
1.608
1.832
1.132
0.06
1.304
0.388
1.112
0.268
0.604
1.436
0.5
3.96
2.152
2.572
0.508
2.292
6.756
0.42
1.172
1.648
6.288
1.184
0.244
0.44
1.18
1.668
0.808
0.92
0.072
1.188
2.112
0.172
5.196
2.292
2.424
4.188
3.396
2.456
1.624
1.52
9.08
1.388
0.74
0.124
1.904
0.488
4.184
0.424
3.02
1.22
2.096
1.88
8.524
5.256
0.396
0.148
3.272
0.22
1.472
1.628
0.912
1.512
0.764
0.236
5.992
1.628
2.54
1.408
2.568
4.78
1.972
3.18
0.056
0.676
2.308
0.196
1.748
3.292
0.152
0.516
4.444
0.484
1.668
2.264
5.032
1.288
1.632
1.856
4.0
1.916
0.948
4.024
3.156
1.624
6.868
0.916
1.932
2.332
0.496
0.292
0.496
0.844
6.46
2.752
1.168
4.452
5.676
3.744
0.32
2.848
0.988
0.668
3.576
0.264
0.936
3.196
0.62
0.332
5.764
0.592
0.524
0.268
0.12
0.452
0.512
4.892
1.332
3.772
3.668
1.068
0.98
0.708
1.012
0.24
0.224
6.184
2.568
2.948
0.392
0.056
1.016
2.74
0.876
0.492
2.048
0.288
3.772
6.4
5.292
1.604
1.16
3.92
1.16
2.328
3.7
0.592
4.936
2.932
4.564
6.272
9.46
2.548
0.268
0.792
1.076
4.288
0.368
0.244
1.652
2.408
2.536
2.02
0.244
1.748
2.46
2.068
2.312
5.424
0.144
0.464
0.844
3.876
1.328
2.46
2.376
2.124
1.764
3.74
0.576
0.372
1.96
1.768
7.092
2.012
0.096
1.8
1.26
0.936
2.8
0.252
3.284
1.48
1.932
3.776
1.02
2.696
0.412
0.156
0.688
0.136
3.328
0.448
9.732
0.508
1.204
1.22
3.12
0.388
4.172
0.132
3.036
0.868
3.52
5.448
4.184
0.636
0.788
1.712
3.428
1.728
0.732
2.128
0.832
0.648
0.936
1.828
1.068
2.412
0.476
0.88
2.248
0.124
1.064
0.648
6.72
3.132
0.948
0.812
0.132
0.14
0.228
0.708
0.412
2.6
2.528
0.088
0.92
1.104
4.732
2.148
6.928
3.36
3.408
4.684
0.224
0.736
3.856
5.292
1.656
0.06
1.356
10.868
0.988
4.18
0.056
7.788
1.092
4.208
0.14
6.196
1.16
2.352
1.296
0.588
0.832
5.268
0.488
2.14
1.976
0.232
4.528
2.552
1.104
1.852
3.076
2.512
6.852
7.868
4.952
0.332
1.364
2.352
7.136
0.08
5.912
1.576
2.312
2.144
0.464
0.848
4.68
2.448
2.744
3.7
0.36
3.6
2.068
0.744
2.92
1.868
1.292
6.488
5.028
1.168
0.316
5.464
0.236
2.212
0.612
0.58
0.28
2.632
1.152
1.14
0.048
2.708
0.62
0.568
0.596
4.028
0.256
3.952
0.232
0.148
0.62
9.02
0.076
6.376
3.104
2.196
4.076
0.624
0.128
10.392
3.196
1.552
1.348
0.72
6.864
0.152
2.072
0.284
4.336
0.792
0.732
1.028
0.644
0.164
2.328
0.716
2.376
1.996
2.036
0.12
1.212
1.492
5.164
0.412
7.872
0.272
2.156
2.784
2.296
0.636
2.784
3.36
1.96
0.836
1.776
0.652
2.8
2.888
0.224
0.24
0.676
0.7
0.496
3.144
2.324
3.848
6.448
0.8
1.368
1.524
0.96
5.372
1.312
0.832
0.608
1.744
1.22
3.588
9.016
1.708
2.984
1.436
1.988
0.988
2.076
1.236
2.684
2.4
2.816
2.14
4.16
2.84
2.94
1.848
0.744
1.496
3.208
4.716
0.292
0.164
2.02
1.232
4.588
1.728
4.504
0.98
1.156
4.048
3.176
1.972
4.432
0.896
2.62
3.668
8.456
9.152
2.56
7.068
3.44
1.92
1.876
2.78
1.44
1.164
7.948
1.084
0.672
3.88
0.348
0.268
2.008
0.38
2.532
4.892
0.74
0.944
0.768
0.776
1.66
0.252
0.308
2.264
1.26
2.024
0.476
0.62
0.152
3.552
0.104
3.676
4.716
1.068
1.544
1.792
0.572
0.824
2.1
3.688
2.992
1.16
0.936
1.0
2.124
1.2
2.876
2.112
0.228
0.476
1.304
1.12
2.828
1.424
9.656
4.256
2.436
3.04
2.276
1.452
0.632
1.496
0.392
2.8
0.448
0.32
1.384
1.948
1.736
4.432
4.456
7.972
1.864
0.152
4.248
0.636
0.692
1.32
1.876
0.448
9.308
0.112
2.064
2.384
4.736
1.052
1.104
0.284
1.012
1.736
0.868
0.496
2.184
0.364
2.788
0.456
1.164
2.856
5.06
8.256
0.3
3.132
0.892
1.412
2.164
2.068
0.688
0.16
2.524
2.332
4.976
4.376
4.196
1.32
0.412
5.992
2.956
5.012
1.196
1.756
1.644
0.592
0.656
7.452
1.292
1.168
1.908
3.412
3.264
1.528
1.692
4.048
2.276
1.492
0.42
4.156
2.468
1.076
0.148
0.252
1.116
8.04
2.388
7.104
1.416
0.136
4.204
2.76
2.544
2.556
1.596
0.984
0.26
1.16
0.86
4.16
2.368
1.896
3.952
0.292
1.356
0.58
0.1
1.244
1.336
6.892
0.584
5.852
0.904
9.456
2.968
0.28
7.424
0.092
0.264
2.788
0.66
5.024
1.72
0.592
4.44
0.268
2.496
6.42
4.868
1.28
4.516
0.072
5.776
0.288
4.152
2.2
1.704
1.208
0.388
3.048
1.104
2.956
1.028
3.916
0.212
0.468
9.5
3.148
0.836
0.284
10.58
1.144
1.716
0.908
4.584
1.124
0.836
0.544
0.952
10.048
3.672
0.744
4.06
5.032
0.288
6.06
8.888
2.26
1.688
0.916
1.788
2.944
0.412
1.592
5.46
0.872
0.108
4.508
3.008
0.896
1.72
0.224
7.384
0.092
0.172
3.976
0.384
1.508
1.76
1.632
5.76
0.208
0.596
3.58
8.356
4.22
0.66
0.852
4.1
2.916
1.288
1.4
1.772
3.692
0.216
1.752
0.36
2.52
2.144
3.536
4.988
0.344
5.08
1.008
0.256
1.476
0.128
4.112
1.828
0.436
0.74
2.52
1.58
7.068
5.248
0.696
1.316
1.028
6.176
0.304
8.644
2.892
3.88
5.472
0.36
1.044
2.948
1.072
9.048
1.14
1.232
2.308
2.36
0.128
1.308
3.048
6.38
0.1
0.288
1.152
2.76
1.788
0.64
0.464
9.42
1.928
3.54
1.348
1.92
3.4
0.976
7.276
0.696
4.596
2.0
0.648
1.076
3.764
0.5
2.648
0.312
0.24
3.108
0.472
0.996
1.54
0.092
2.836
1.408
0.192
0.648
2.556
2.192
2.548
2.312
2.992
0.748
0.376
0.864
0.304
2.66
1.332
2.22
0.868
0.32
6.64
1.276
0.1
0.376
3.064
1.108
1.852
3.196
1.652
10.144
0.12
0.44
3.012
0.1
1.6
0.592
0.764
0.324
1.984
0.3
1.32
1.464
3.316
5.292
0.444
3.304
1.292
7.172
0.496
0.86
1.732
1.568
3.628
0.912
1.68
0.428
5.804
2.508
0.34
2.24
3.48
0.428
1.504
1.44
1.232
0.256
0.988
0.512
1.224
4.056
0.6
3.232
1.92
4.684
0.252
0.3
3.048
0.432
1.04
3.348
8.828
2.068
2.716
0.572
1.448
0.244
2.204
6.12
10.68
2.564
4.9
5.776
1.232
6.168
1.252
9.52
4.748
0.136
2.06
5.024
1.18
2.132
0.32
0.408
5.956
0.792
1.688
1.612
0.196
1.176
5.148
2.596
5.16
2.06
1.1
0.272
7.984
2.656
0.396
2.684
0.144
1.6
3.848
0.284
2.388
1.024
8.16
0.8
3.372
0.148
2.1
4.652
0.256
0.428
2.532
0.78
2.196
0.724
7.348
1.212
0.116
2.908
6.924
1.66
1.248
1.892
3.456
0.36
3.492
6.58
2.488
0.192
0.264
1.836
1.332
0.928
3.572
1.08
0.428
4.272
0.7
2.816
2.32
2.176
1.348
0.312
2.836
3.356
0.664
1.168
3.356
6.352
1.008
0.144
0.216
2.34
0.784
3.448
1.028
1.704
0.676
0.268
0.656
0.816
3.336
0.252
0.728
3.62
0.92
0.432
2.376
7.452
1.684
0.128
6.324
4.48
1.136
7.832
0.172
6.588
2.568
2.528
2.352
4.664
0.224
0.3
0.452
0.688
2.16
4.604
1.52
1.188
6.028
0.448
2.812
6.172
2.348
3.22
5.38
0.5
8.904
0.816
3.892
3.916
1.736
2.84
0.964
3.344
0.884
4.292
0.052
1.444
0.688
0.276
0.252
2.54
1.152
0.592
2.656
2.232
0.356
1.68
0.996
4.36
2.112
4.184
1.236
4.964
0.684
2.46
5.32
3.312
1.396
6.52
0.7
2.528
0.744
0.112
0.388
4.14
0.324
2.18
1.204
4.656
0.356
0.244
0.336
1.832
4.96
0.78
1.816
4.3
2.496
1.16
5.72
1.22
0.792
2.176
0.932
0.24
0.12
0.912
1.792
2.3
1.128
0.4
2.06
2.752
1.376
1.508
1.756
2.188
1.04
0.34
0.768
7.172
0.496
2.224
6.728
5.448
1.812
1.104
7.948
3.1
8.824
1.792
8.988
6.56
1.984
0.212
0.528
3.468
0.712
2.472
1.452
6.044
0.684
8.74
1.768
0.204
2.068
0.844
2.336
3.184
5.076
0.064
0.704
1.684
1.396
3.032
1.248
5.888
1.028
1.94
0.284
1.328
0.32
0.42
0.36
7.016
0.952
0.18
2.348
0.176
0.256
2.472
5.116
1.576
4.908
8.668
0.876
1.612
0.756
1.68
1.16
4.956
0.096
0.368
1.344
3.5
3.044
0.484
1.26
2.004
0.884
4.048
1.068
0.496
6.296
0.692
3.608
2.848
1.196
1.796
3.072
4.28
1.944
7.296
0.496
0.888
2.608
6.716
0.768
0.836
0.64
10.072
1.536
0.528
1.068
1.164
0.912
0.044
5.196
3.356
0.744
0.944
2.188
1.46
1.596
1.448
3.08
0.54
1.284
0.296
4.22
0.444
0.348
0.284
2.772
4.128
0.316
1.756
0.208
2.444
1.076
5.108
10.864
2.288
1.488
0.956
4.912
3.564
1.924
8.948
0.788
1.536
0.576
1.468
5.292
0.328
0.316
1.356
0.632
0.232
1.48
4.572
8.84
4.24
1.656
2.66
0.72
2.26
2.956
1.484
0.06
4.58
3.128
3.8
0.188
0.736
1.54
3.876
1.592
2.732
0.412
1.084
2.156
2.9
2.292
0.84
1.096
2.168
1.044
0.924
0.44
1.176
0.388
1.9
0.076
4.004
1.084
6.14
4.436
1.92
0.208
2.44
2.356
7.188
0.336
0.168
0.424
0.224
1.98
5.568
0.484
2.888
1.296
3.22
4.18
0.124
0.4
5.652
2.14
0.728
1.032
2.628
2.228
0.788
1.848
2.032
0.384
2.188
0.168
4.304
2.568
1.424
0.496
2.112
2.36
0.92
0.128
0.52
0.296
0.048
3.296
5.476
1.752
2.388
1.616
7.584
1.236
4.268
0.436
3.408
1.224
0.408
1.92
11.032
1.456
2.64
0.812
7.548
0.116
3.344
1.1
0.32
3.492
3.228
0.816
0.816
1.128
3.812
0.472
1.184
4.824
1.488
3.692
4.544
2.984
0.276
2.376
0.12
1.1
0.148
1.064
1.14
1.42
4.552
1.596
1.452
1.504
5.864
1.508
1.448
4.524
2.564
5.144
0.9
10.828
0.084
4.748
1.896
2.676
1.064
3.768
1.484
8.996
0.5
0.408
1.5
2.18
1.844
4.828
1.0
0.516
1.736
4.428
4.032
3.852
1.16
3.492
2.296
0.696
1.272
1.668
0.292
0.108
1.696
1.176
2.384
1.852
1.196
2.18
1.34
8.968
3.196
1.056
7.08
1.196
1.156
1.276
0.56
3.284
1.172
1.152
4.568
3.14
1.14
0.48
2.948
2.236
2.528
0.596
2.68
3.848
0.156
0.552
0.856
5.26
0.1
0.432
2.94
2.896
4.644
1.564
2.412
5.692
0.148
0.928
0.096
0.736
1.696
1.62
1.536
3.164
4.224
2.068
0.424
0.416
2.644
0.696
1.42
0.408
1.224
2.32
5.44
0.368
2.712
2.532
0.436
1.748
4.432
1.56
1.352
2.2
1.48
2.796
0.816
0.78
0.236
1.164
0.312
1.216
1.432
1.096
1.004
0.976
8.176
0.812
0.832
2.824
0.36
5.024
0.048
3.16
2.276
2.636
0.78
0.536
5.76
2.696
0.94
8.108
8.524
3.756
0.512
3.084
0.436
0.508
4.188
1.092
1.208
4.164
7.188
9.836
6.888
4.756
0.86
1.336
2.9
6.504
1.372
1.876
3.884
2.104
0.992
0.188
1.788
3.904
9.888
0.828
2.756
4.636
0.088
0.484
0.068
9.884
1.308
1.616
1.016
4.212
1.912
5.06
2.068
1.716
2.46
1.772
1.396
2.224
1.036
1.756
0.264
3.028
0.92
4.38
4.544
2.512
1.092
0.352
0.876
3.432
0.988
4.492
0.728
0.104
0.968
3.396
4.968
1.096
6.484
4.66
1.516
0.408
4.296
2.244
0.756
1.456
4.84
7.088
0.132
2.38
3.152
0.132
2.892
1.84
4.636
3.192
1.404
0.54
2.264
1.56
2.94
2.296
2.72
2.284
0.736
0.852
0.272
4.332
0.304
2.228
5.096
0.868
4.352
0.468
8.308
0.76
0.224
2.368
1.492
3.212
2.556
3.584
0.96
0.912
1.304
0.884
2.636
5.616
2.276
1.716
0.296
2.336
3.696
0.992
2.844
0.876
6.28
0.556
1.452
7.844
0.368
1.648
1.04
1.78
1.732
2.808
0.104
0.844
7.86
2.736
3.12
3.62
4.612
0.272
0.596
3.104
0.652
2.664
0.28
0.904
1.6
1.404
1.28
1.472
1.312
2.816
9.26
5.02
3.516
0.416
2.192
0.28
3.748
0.36
1.5
6.232
5.02
3.392
9.0
4.744
4.672
1.6
2.596
2.16
6.076
3.736
3.172
6.632
3.956
0.68
1.184
4.076
0.692
0.336
1.98
1.328
0.964
0.196
0.16
0.292
0.76
1.332
1.16
0.08
3.552
0.548
2.392
7.044
2.612
0.064
1.74
0.272
0.424
0.804
1.7
2.124
1.644
0.828
1.436
7.568
0.14
0.968
1.252
1.26
4.248
0.944
0.292
4.688
1.024
0.34
3.7
5.824
1.188
0.368
2.02
1.06
1.388
0.2
1.464
0.516
0.192
0.504
0.884
2.596
0.244
2.036
3.456
0.624
0.776
1.244
1.04
0.756
2.272
0.588
1.56
1.98
2.664
1.972
5.356
0.26
1.564
1.184
1.792
3.232
2.5
2.06
5.092
1.824
3.072
1.628
1.484
1.78
4.488
2.608
0.828
1.24
0.16
1.056
4.096
0.768
3.288
3.644
0.336
0.504
2.58
2.572
6.82
0.804
2.736
0.564
0.112
6.584
0.288
1.484
1.316
1.252
1.928
6.896
5.252
1.24
1.664
5.048
3.528
2.688
7.752
2.264
0.512
1.876
0.792
7.368
2.032
3.484
0.788
2.2
0.264
2.992
0.368
0.248
1.02
0.388
0.824
1.996
1.736
10.512
0.236
10.76
0.548
2.24
6.556
0.924
1.164
3.292
1.792
0.696
6.752
0.292
0.424
2.14
1.076
4.636
3.732
5.42
0.464
2.212
1.436
6.54
0.468
7.708
7.0
1.528
4.124
1.32
3.344
4.968
1.256
0.956
1.848
0.112
5.116
0.076
1.816
2.736
0.052
1.272
0.936
1.056
4.412
2.352
2.66
10.396
4.172
0.496
8.044
0.948
1.524
0.476
1.368
3.596
9.312
1.328
0.528
0.792
0.568
5.384
0.684
0.072
0.256
3.616
5.608
0.932
1.324
1.532
2.2
1.396
1.7
7.424
2.756
1.22
0.68
1.02
0.932
4.072
1.832
1.016
3.04
3.36
5.276
8.512
3.728
2.924
2.464
3.644
0.84
3.268
2.84
4.848
2.944
2.06
3.308
8.004
1.116
2.576
0.344
0.988
1.548
4.156
3.276
2.848
2.772
1.184
1.188
0.604
1.96
0.436
5.884
1.5
2.948
0.44
0.956
0.636
1.412
2.284
0.416
4.98
1.02
1.8
2.94
0.26
1.18
1.512
0.7
1.788
2.116
1.984
0.572
0.232
0.188
0.812
1.54
0.968
4.944
2.716
3.832
0.684
4.236
0.728
1.004
0.424
4.768
1.564
0.136
4.468
2.956
3.38
0.484
0.196
1.152
3.42
4.392
6.12
1.488
0.528
1.944
4.272
2.94
0.876
1.912
4.576
1.4
4.356
0.592
0.828
4.504
3.14
6.46
0.372
0.668
0.96
0.384
2.8
4.32
0.3
0.288
0.412
3.316
0.94
1.772
1.348
2.984
0.172
0.856
0.984
0.704
3.16
0.888
0.324
2.704
1.776
0.548
1.072
5.396
1.872
0.58
6.8
2.512
0.708
0.16
1.528
2.496
1.612
8.708
1.72
4.84
4.032
0.956
1.972
2.68
0.74
0.332
2.368
1.992
1.272
5.308
2.516
8.908
2.3
4.184
0.928
0.552
0.324
3.02
0.228
0.66
1.252
7.78
10.904
0.424
0.976
1.668
1.552
4.844
9.376
0.204
2.78
9.636
3.944
3.912
0.34
1.276
1.204
0.168
1.94
0.8
5.216
1.636
8.104
1.624
0.856
0.94
1.888
1.88
5.008
4.876
2.964
2.08
0.9
1.82
1.092
1.668
0.264
1.392
0.396
3.712
10.376
6.52
1.34
1.92
1.372
2.888
2.08
1.056
3.884
4.664
1.232
3.036
0.468
3.572
7.68
2.164
0.1
3.192
0.096
8.436
0.14
0.9
1.196
0.692
0.36
0.048
0.352
1.8
0.476
0.332
4.332
0.352
1.456
3.616
6.056
1.216
7.472
0.404
3.76
0.072
1.404
0.136
6.256
1.396
1.168
1.788
1.572
3.324
2.304
1.576
0.212
2.644
2.436
1.004
3.14
2.52
5.92
1.412
1.58
1.852
2.408
2.54
2.8
4.02
2.804
0.44
1.184
0.456
1.48
3.66
0.412
3.708
6.54
1.84
1.692
0.18
3.736
1.056
0.208
10.612
1.712
0.28
6.872
2.884
6.92
0.648
3.988
0.784
0.2
2.616
0.272
1.444
1.616
5.588
0.804
2.024
6.428
4.252
10.42
1.172
1.476
1.78
0.448
3.104
1.144
6.904
1.244
0.848
0.384
5.196
0.34
0.612
0.212
0.78
0.592
0.248
4.316
9.692
1.132
1.02
0.132
2.244
2.836
2.192
3.3
6.124
8.88
0.38
0.556
1.94
0.744
0.364
0.172
7.088
1.38
1.508
0.172
0.92
0.252
2.1
1.004
0.072
7.216
0.152
1.632
6.548
0.588
0.432
1.644
3.972
1.016
3.932
4.848
1.028
5.636
2.636
0.504
0.8
0.076
2.212
1.068
3.204
7.304
0.104
1.992
0.592
0.78
1.3
1.796
2.444
2.956
0.388
3.016
2.12
0.584
1.816
0.1
7.312
0.956
0.86
0.704
0.408
1.288
4.464
0.468
0.156
0.336
1.188
6.392
0.632
3.368
3.068
0.556
0.432
2.316
1.988
1.028
3.064
2.352
1.844
0.376
1.644
3.352
2.644
0.4
2.548
0.332
1.02
3.364
1.492
6.94
3.396
0.812
1.216
1.812
0.484
4.976
5.1
2.856
0.304
0.224
0.664
1.772
4.244
3.42
1.156
0.596
6.016
0.788
2.392
7.908
0.856
1.052
3.96
0.62
2.328
0.148
2.876
0.916
3.612
0.528
0.468
3.88
1.28
0.364
0.212
1.38
0.736
3.576
0.768
1.576
1.656
2.252
0.192
0.104
0.548
0.8
1.22
0.464
0.328
3.0
0.632
0.372
1.776
2.24
2.692
1.036
1.516
0.096
2.1
0.712
3.1
2.42
2.792
1.036
0.156
0.368
0.708
0.648
0.524
0.1
1.588
5.86
1.24
1.804
0.468
3.352
2.328
2.992
0.52
7.708
0.548
2.08
1.256
3.992
7.236
4.288
6.532
1.072
3.712
0.94
0.104
0.324
6.204
0.804
4.228
0.88
2.5
1.404
1.676
0.32
0.104
0.216
4.908
3.852
2.48
0.744
0.976
3.6
2.768
2.992
2.676
0.136
0.78
3.752
0.212
0.68
0.436
0.76
0.972
1.288
0.348
1.852
2.424
0.604
3.528
3.612
2.332
1.572
0.256
3.148
2.284
2.336
2.956
1.508
1.684
1.892
2.788
1.388
0.452
4.796
0.828
5.224
6.156
2.916
2.412
6.228
7.576
1.396
0.812
0.484
2.424
0.924
1.456
3.672
0.052
0.88
3.716
2.456
6.668
0.856
5.712
6.128
2.636
5.256
1.264
0.988
2.876
1.248
2.916
3.088
1.584
2.384
0.636
0.088
1.328
4.056
2.04
1.92
2.376
0.476
3.096
0.848
5.568
2.232
5.064
3.264
4.292
4.08
5.712
0.244
1.976
3.232
6.024
6.028
0.648
1.188
1.032
3.752
4.288
0.272
4.176
5.0
0.216
0.8
1.24
0.416
5.384
6.056
0.156
1.292
2.476
4.304
1.212
0.716
3.964
0.484
0.24
1.1
0.664
3.264
8.932
2.484
4.62
2.872
4.192
0.708
0.076
0.648
0.284
7.208
1.436
1.304
1.012
0.148
1.532
1.396
0.468
1.048
0.536
6.528
4.724
7.888
1.048
0.692
1.236
0.592
0.868
0.964
2.576
0.356
4.312
0.644
4.768
8.728
3.892
1.224
1.228
5.904
0.104
0.888
1.588
6.644
4.408
3.312
0.348
6.376
0.132
2.368
2.1
2.516
0.628
0.544
0.928
0.408
0.304
3.192
0.372
0.728
1.296
3.348
1.94
0.54
7.496
1.824
1.22
0.64
4.444
1.248
1.044
1.832
2.492
1.52
0.896
0.572
1.264
2.188
5.256
0.628
5.612
4.208
8.316
0.988
0.1
1.972
4.496
1.308
0.264
1.968
1.58
0.792
0.92
0.112
2.52
4.264
0.508
1.668
4.052
0.208
0.484
10.804
0.644
0.24
1.904
0.128
1.604
4.484
0.8
2.86
1.656
0.04
0.732
2.468
1.872
0.184
3.104
0.9
0.728
1.828
3.62
1.652
0.1
2.6
0.412
7.232
3.748
0.432
0.464
0.1
2.4
0.884
0.264
0.828
0.896
1.876
5.46
6.304
0.516
7.12
1.696
4.784
1.64
2.108
6.008
0.144
0.78
1.052
1.268
5.032
4.556
2.832
1.984
0.664
7.816
2.584
0.236
7.22
1.364
0.652
0.964
2.64
0.384
3.224
0.172
5.12
6.792
3.188
1.58
1.16
0.344
4.856
0.432
0.764
3.82
0.2
1.008
3.376
0.348
2.464
0.712
0.72
1.132
1.792
4.056
2.72
0.528
0.192
0.144
10.884
0.14
0.808
0.76
0.64
1.868
0.2
3.612
1.772
1.636
2.092
6.164
0.792
7.624
1.816
1.516
1.048
2.224
1.436
0.476
4.944
1.152
1.504
2.06
2.004
1.088
0.408
3.608
3.012
1.34
0.916
0.1
4.268
7.808
3.356
0.652
2.524
0.188
0.084
4.948
0.152
0.832
0.54
1.356
11.024
0.864
0.484
0.46
0.416
3.488
0.2
1.152
3.14
1.964
2.024
0.096
0.72
5.084
0.072
0.896
2.408
1.508
0.06
4.304
0.752
1.788
2.968
2.08
1.236
1.432
0.756
3.068
5.556
1.512
0.556
0.084
1.216
1.964
3.156
4.376
3.0
7.084
4.036
0.388
4.648
1.484
0.26
0.62
5.376
0.452
2.752
0.728
2.472
2.832
0.12
3.904
1.496
3.648
7.196
0.924
0.532
2.248
2.02
6.956
5.34
2.312
2.964
3.272
4.652
6.74
1.244
1.028
2.692
3.952
8.996
0.264
0.564
0.316
2.908
9.604
4.18
1.2
2.22
8.192
0.676
3.756
0.54
0.104
3.692
3.78
0.608
2.032
1.456
4.828
2.1
2.048
2.592
0.084
0.616
3.884
2.32
1.228
0.964
0.632
0.196
6.572
10.6
1.82
0.848
2.348
0.632
0.072
6.492
1.132
2.4
1.54
2.716
2.944
0.792
4.412
3.548
1.216
1.44
4.616
2.208
0.848
0.512
3.08
2.676
4.416
2.568
2.676
3.0
0.212
0.364
0.136
1.66
3.412
0.86
0.304
2.788
2.296
0.864
0.452
3.892
3.024
0.968
7.512
2.304
3.132
0.488
6.116
2.22
2.904
3.256
1.428
0.116
7.408
0.188
0.576
5.928
1.584
5.096
1.308
0.172
5.66
1.344
0.14
3.888
0.156
2.684
0.736
4.428
4.472
0.408
3.34
0.792
0.412
5.256
1.688
4.832
9.252
2.052
3.184
1.824
1.332
3.26
0.116
2.712
3.804
0.768
0.124
0.376
1.56
0.716
1.244
1.408
2.416
0.048
4.06
0.716
1.172
2.848
0.312
0.716
1.756
1.52
2.776
4.2
7.196
2.28
1.048
4.4
1.108
3.308
1.092
0.812
3.952
4.588
10.328
0.712
4.016
0.924
1.228
0.428
8.06
0.812
1.272
2.1
1.712
1.696
1.184
1.684
2.996
0.188
5.564
1.644
10.452
0.556
6.852
1.664
1.7
0.548
1.34
5.32
7.76
1.792
2.904
4.336
0.216
1.48
0.212
1.296
6.084
2.18
4.768
0.268
1.424
3.212
1.208
1.956
1.02
8.992
1.256
3.6
7.356
2.964
4.808
3.344
0.608
3.948
0.096
4.972
2.528
0.292
1.032
3.3
1.58
1.288
1.352
0.708
9.8
2.156
3.364
0.452
3.328
3.932
6.652
0.764
0.508
2.964
0.908
2.988
0.516
1.556
0.764
1.568
1.544
1.012
0.24
1.996
6.548
2.588
1.548
2.188
1.836
4.46
3.948
1.752
1.312
0.952
1.448
5.912
2.6
0.92
5.676
2.144
0.712
3.28
0.168
0.348
0.376
1.884
8.776
3.212
1.004
3.104
1.312
1.204
1.784
2.264
1.204
6.836
6.412
0.184
3.384
3.016
0.716
0.864
5.36
2.22
2.612
2.824
0.284
6.412
7.724
4.724
0.12
8.54
0.072
1.228
2.232
0.292
1.644
0.144
0.852
4.468
0.152
1.932
2.048
8.192
0.4
1.112
1.344
1.508
0.428
3.46
2.236
0.376
4.936
1.936
3.988
1.832
3.392
2.632
0.596
4.188
0.86
3.344
3.988
0.104
4.652
0.204
0.412
0.188
2.612
0.376
2.88
0.232
0.856
0.144
4.288
3.208
1.32
3.784
5.296
3.296
7.392
3.888
2.124
5.072
1.536
1.836
1.008
0.6
2.924
0.304
1.36
4.056
1.592
10.692
4.1
1.208
0.44
0.576
9.036
0.796
1.28
0.372
1.592
4.676
1.7
0.796
1.68
1.828
1.344
0.296
4.444
1.272
0.264
1.012
1.636
0.364
1.26
5.108
0.328
5.332
5.192
0.436
1.164
0.604
0.896
0.828
0.892
5.58
3.792
1.672
0.292
0.328
2.12
0.216
2.484
4.932
0.584
1.448
0.168
6.372
0.872
0.244
2.404
0.584
0.9
9.204
3.156
3.368
7.992
1.484
1.224
2.0
1.912
3.644
0.816
0.78
1.472
6.892
0.188
2.688
0.836
1.24
1.02
2.544
0.176
4.78
0.208
2.288
2.624
1.852
0.832
0.14
2.852
0.304
0.152
0.824
0.332
3.92
1.648
0.756
0.808
1.696
6.84
2.888
0.476
0.948
0.404
3.212
4.06
0.356
6.072
2.828
1.76
0.92
0.412
1.028
3.976
0.304
1.616
0.36
4.512
0.472
3.616
0.852
0.492
0.108
6.344
0.348
1.74
8.792
1.156
1.524
2.976
9.164
0.82
3.532
0.992
0.296
1.776
5.536
1.164
1.424
4.856
5.992
1.416
0.116
3.788
0.44
10.072
1.896
5.008
2.104
2.032
1.128
1.464
3.164
0.424
5.244
1.06
0.676
0.14
5.636
0.26
0.68
1.412
0.504
0.192
6.68
2.392
2.824
6.344
2.348
2.296
0.436
1.052
2.828
0.248
0.516
2.192
1.28
0.272
3.54
1.992
2.38
3.824
2.436
0.54
7.512
2.24
0.364
1.144
0.728
5.552
2.812
1.092
0.16
0.36
1.472
2.448
0.712
1.152
0.664
0.32
1.736
1.824
3.644
0.724
0.808
3.396
6.616
0.956
1.56
0.544
0.292
2.18
0.496
3.088
6.68
2.048
1.928
1.488
1.088
3.412
1.308
5.608
2.032
0.476
0.652
3.204
0.556
0.072
2.296
0.408
5.0
0.732
3.156
9.788
0.912
0.288
2.988
2.3
0.34
3.068
2.376
0.176
3.92
0.832
2.036
1.484
1.368
0.268
0.544
0.9
0.648
0.76
5.736
0.108
3.56
1.844
4.752
5.412
3.208
3.06
1.952
0.596
3.484
1.072
2.784
2.72
0.32
0.18
6.496
1.768
0.892
2.236
1.684
4.616
1.988
2.964
3.612
2.652
2.908
1.388
8.648
3.1
5.388
3.536
0.492
0.804
1.008
1.276
1.732
1.64
0.164
0.044
7.3
3.864
1.416
8.976
1.548
0.388
3.648
1.52
4.696
0.756
0.664
0.092
4.236
6.356
1.028
5.988
3.176
0.488
1.028
1.884
0.624
1.408
0.524
2.696
1.192
0.44
1.776
0.86
1.68
3.46
1.168
1.312
0.684
0.608
1.068
0.188
2.576
3.228
2.704
3.192
1.352
2.136
0.984
0.996
0.94
2.124
0.604
0.872
0.164
0.288
2.112
4.684
1.012
0.432
1.552
1.496
2.548
0.344
0.504
3.496
0.844
0.364
4.496
1.32
1.672
0.912
3.636
7.148
0.592
1.736
0.324
0.456
2.524
0.132
5.688
1.78
0.716
3.132
0.796
4.34
4.808
3.372
0.72
0.488
0.18
0.3
1.768
0.26
4.48
3.172
6.024
2.068
1.252
1.456
2.156
0.656
2.052
2.292
0.26
4.0
1.448
0.24
0.432
1.24
1.096
5.232
0.856
0.2
0.2
5.004
0.532
5.096
0.204
1.852
0.932
2.264
3.136
1.192
6.72
5.028
1.584
0.104
0.132
2.264
0.084
1.944
0.892
2.896
0.112
2.012
3.272
1.72
0.132
0.668
2.908
0.96
0.068
2.212
4.028
2.392
1.008
0.452
7.78
3.752
1.124
0.468
5.912
2.316
7.976
0.164
3.012
1.52
1.232
2.116
0.18
3.308
0.256
3.676
3.908
0.364
5.58
1.432
1.44
3.448
0.316
5.252
1.276
2.824
1.38
2.992
0.16
0.972
4.86
4.264
3.18
8.892
0.048
7.388
2.464
0.864
1.26
2.228
0.264
1.604
0.192
10.648
1.352
1.712
3.032
2.072
0.864
5.208
0.192
0.884
0.38
0.348
1.48
1.26
1.304
1.516
0.364
0.4
0.444
0.632
3.44
5.252
1.228
0.296
1.12
1.016
5.348
1.284
4.676
1.64
0.736
2.004
2.052
1.076
0.976
0.584
0.124
5.828
1.02
0.116
3.02
1.272
0.628
1.476
0.412
0.752
4.064
3.528
0.828
3.06
3.384
1.516
8.54
1.68
1.852
0.708
1.392
2.62
2.908
0.668
0.892
1.816
0.932
1.888
2.184
7.892
0.584
0.98
1.696
1.556
7.616
2.496
1.22
1.036
0.62
9.424
6.42
2.08
0.116
2.236
3.708
1.484
1.128
0.56
2.028
1.272
3.068
2.064
2.312
3.588
3.696
0.508
7.52
0.988
0.532
1.356
0.32
0.204
4.34
6.348
0.432
0.58
2.088
0.816
3.06
2.78
4.712
3.792
2.152
3.94
4.76
1.98
2.044
5.26
2.24
0.612
1.056
0.092
7.16
3.176
2.812
0.632
0.476
0.532
0.884
2.34
0.204
0.556
3.764
2.584
4.712
3.184
1.784
1.044
1.204
1.792
5.776
0.496
0.52
2.688
1.052
2.04
0.444
2.32
0.096
0.804
6.232
1.324
2.048
2.028
0.312
0.856
0.348
5.62
1.66
3.936
10.94
4.928
1.572
0.208
0.58
3.276
1.184
1.576
5.08
1.664
8.332
4.488
3.636
1.808
5.12
1.152
2.656
3.5
3.684
2.176
0.572
0.324
3.388
0.728
4.616
10.164
6.188
1.132
0.16
0.568
0.128
0.284
1.58
7.396
1.688
3.58
4.664
2.116
7.04
0.208
4.756
1.728
2.352
0.84
1.532
0.656
1.724
2.36
1.044
0.868
1.756
0.364
0.088
1.7
0.612
0.184
6.344
0.32
1.444
5.012
1.804
0.28
1.652
1.22
0.62
3.228
0.892
0.64
2.812
0.716
0.068
0.284
0.452
2.472
4.052
2.448
3.868
5.172
0.676
1.984
0.176
1.068
4.268
3.052
0.432
9.624
0.624
4.12
2.304
8.252
0.188
6.208
5.176
2.128
3.196
0.088
4.012
2.372
0.452
0.996
9.596
0.612
2.924
0.28
3.188
1.4
0.936
2.508
1.516
0.468
0.412
1.528
0.708
0.568
1.5
5.12
2.816
0.276
1.42
1.252
0.368
1.216
4.436
1.664
2.692
2.412
2.688
1.236
4.208
0.708
1.484
5.18
1.484
0.572
1.996
2.92
0.4
9.276
2.34
4.9
1.64
3.196
0.432
0.976
0.288
3.356
0.52
2.584
0.36
0.94
1.444
1.66
1.472
1.752
3.528
2.42
2.976
2.752
1.88
5.3
0.38
0.94
0.108
1.088
0.888
1.12
0.96
1.904
0.18
0.848
0.948
2.148
8.872
6.656
1.748
4.48
1.092
7.444
2.364
1.164
2.492
1.476
2.388
0.588
0.108
1.656
0.248
1.936
3.984
0.468
0.576
0.44
5.464
1.812
1.772
1.684
0.816
2.54
5.98
4.052
2.456
0.084
4.104
0.692
0.968
5.024
4.096
5.272
5.9
2.948
3.508
1.588
2.164
2.248
1.152
1.524
4.544
0.148
0.268
1.912
1.288
4.732
1.016
4.684
1.096
1.092
0.676
1.156
4.092
1.404
2.288
0.752
4.96
0.804
0.224
0.388
7.032
0.528
0.384
4.944
0.076
0.172
1.776
3.84
2.556
1.708
2.924
1.4
1.652
2.092
0.1
0.892
1.532
1.4
0.696
2.196
4.268
6.524
0.4
0.76
3.092
0.928
1.092
0.52
0.532
8.792
5.652
5.276
1.332
1.348
0.58
1.68
2.608
4.272
3.912
3.532
0.844
0.372
1.976
0.852
6.18
1.388
3.904
1.128
2.404
2.1
0.78
1.72
0.468
4.044
5.252
0.832
1.38
3.34
1.4
0.856
0.888
7.484
2.844
0.3
0.28
1.004
2.268
3.164
2.628
1.712
9.088
0.804
1.536
2.964
5.516
0.26
2.416
0.952
0.1
1.276
1.852
2.032
1.308
1.28
3.724
4.552
0.248
2.016
2.492
3.132
3.468
1.736
1.084
10.42
2.084
0.536
1.276
5.576
0.46
1.364
7.612
1.592
5.232
2.812
2.02
1.988
6.704
5.876
0.652
0.116
1.648
1.408
4.344
4.16
3.928
1.568
0.2
0.864
3.932
3.528
1.984
1.28
3.928
1.536
0.088
2.772
5.448
0.836
9.536
0.408
9.348
0.272
0.78
0.424
5.008
0.532
0.112
3.112
1.0
0.488
2.308
0.896
10.1
1.364
3.744
1.152
0.076
0.46
1.312
2.46
0.984
10.276
3.72
0.984
1.748
1.572
0.32
1.804
1.612
0.756
0.816
0.848
1.644
2.372
2.348
7.516
0.956
1.728
0.58
0.788
10.756
5.188
7.512
2.236
0.1
4.38
0.092
5.24
6.76
1.976
0.228
3.556
0.704
0.472
3.644
0.052
0.54
0.512
0.416
0.804
0.848
4.492
1.756
1.232
7.468
1.372
1.64
0.512
0.56
0.252
2.9
6.808
0.924
1.568
0.188
0.412
2.048
0.22
3.456
0.844
0.208
0.8
1.488
0.076
4.74
0.268
3.044
8.068
0.124
3.52
1.232
1.164
1.056
0.464
6.448
0.98
2.748
0.052
1.86
0.992
4.18
0.052
10.044
2.212
1.684
3.26
1.9
7.784
1.38
2.428
3.16
0.048
1.984
0.336
0.616
0.52
0.928
1.032
2.972
1.292
0.112
3.16
0.372
0.236
2.664
5.812
3.464
2.496
0.516
1.06
0.1
1.5
0.848
4.232
0.74
1.156
2.412
2.124
8.324
0.376
0.34
2.62
3.788
3.104
0.656
2.672
1.096
0.776
0.408
0.656
3.776
7.6
5.032
5.764
5.012
0.284
3.172
4.004
2.808
2.752
0.592
1.84
1.404
0.92
0.412
1.72
0.052
0.112
0.432
2.304
5.344
0.992
0.692
0.436
1.168
4.06
0.616
6.512
3.96
2.788
6.272
4.564
1.34
3.22
1.284
0.088
8.596
2.128
0.668
2.156
0.208
0.188
0.78
0.544
1.728
6.268
1.868
3.384
0.052
0.98
3.848
2.924
2.872
2.632
2.752
0.272
0.304
3.792
5.104
0.644
1.688
9.184
2.116
1.548
1.516
4.908
0.188
1.884
1.064
1.552
0.816
1.792
0.596
3.412
1.06
0.512
3.716
0.956
1.12
2.036
0.96
0.836
4.212
1.684
3.06
0.672
0.972
3.124
4.964
0.988
1.024
0.44
1.512
7.28
8.064
0.38
1.644
0.16
0.428
0.164
1.624
0.996
2.592
0.616
0.256
1.324
3.148
1.464
0.328
1.108
1.676
0.208
8.532
0.48
0.784
5.18
2.676
1.672
0.12
5.616
2.144
8.848
2.628
0.196
0.3
1.096
0.412
0.324
1.64
0.568
4.332
9.936
6.76
2.732
0.304
10.92
10.872
0.52
2.036
10.108
10.68
6.576
0.876
2.756
1.116
0.296
0.688
0.92
2.284
2.86
3.336
1.284
5.2
1.832
5.304
3.948
0.132
1.676
1.936
2.06
0.58
0.18
4.636
0.424
1.308
1.18
0.172
2.12
3.636
2.152
4.46
0.36
0.076
6.848
2.524
5.408
4.668
2.1
3.156
10.368
0.92
9.14
9.32
2.112
0.128
0.568
0.348
1.716
0.924
0.536
0.26
0.672
2.944
1.108
1.66
1.1
4.36
8.1
5.304
0.32
0.832
0.94
1.028
4.332
5.696
0.568
1.32
0.212
2.564
2.168
0.844
0.376
0.644
0.688
6.344
2.456
0.244
0.296
0.468
1.38
1.648
1.128
5.884
2.776
2.336
2.812
2.948
0.208
7.18
9.544
0.62
1.032
9.04
8.028
1.464
2.156
1.508
0.756
2.388
4.124
1.676
5.968
5.016
2.448
2.668
0.98
0.168
0.444
5.96
4.588
0.888
2.488
1.444
2.344
4.096
0.088
1.552
4.164
2.324
0.724
10.708
5.176
2.752
1.896
4.044
3.328
0.268
4.768
0.172
5.828
0.196
2.86
8.556
2.044
0.56
0.204
1.66
2.484
4.576
1.824
1.62
6.956
1.7
1.556
0.224
3.004
0.576
11.048
0.784
2.184
0.136
1.14
0.652
1.984
1.556
3.164
0.804
0.112
2.832
5.26
0.524
6.32
7.428
3.488
5.596
2.784
1.684
4.08
0.72
2.408
2.116
0.364
6.436
0.088
0.26
8.78
2.32
1.196
0.908
0.868
0.14
2.576
2.56
0.784
0.852
3.968
4.832
0.248
2.668
1.964
8.276
10.712
2.14
1.412
1.7
2.1
1.508
0.152
0.928
4.076
2.052
4.056
0.672
0.44
0.548
1.712
0.552
0.904
0.232
1.276
0.304
3.924
3.324
0.648
1.436
1.98
0.136
1.632
6.204
1.2
1.184
1.308
1.148
0.98
1.5
8.024
2.3
1.928
2.804
0.252
0.252
2.208
1.92
1.092
2.972
0.176
0.228
2.268
0.332
1.272
2.944
0.788
2.624
2.048
0.924
0.56
0.152
0.428
0.532
0.808
4.108
3.14
0.5
0.48
2.92
2.396
3.188
2.292
0.444
0.104
2.656
0.62
6.208
2.952
3.784
0.536
0.052
0.672
0.868
1.624
4.376
3.724
0.716
0.092
2.112
1.204
0.152
1.016
7.948
1.556
0.228
0.376
5.996
4.904
2.276
0.42
0.148
5.472
1.54
2.6
0.556
0.104
0.252
4.468
2.932
6.056
1.02
0.096
2.42
0.112
1.656
1.296
3.364
0.172
4.516
5.904
3.908
5.624
0.632
2.208
3.172
0.308
0.308
2.864
3.964
2.452
1.86
3.124
2.544
0.844
6.368
1.444
0.948
0.512
1.0
3.436
3.196
2.096
0.128
3.892
0.304
0.92
5.496
2.236
5.156
3.024
2.548
2.256
0.688
0.268
1.304
0.448
0.848
4.94
0.26
1.644
0.772
1.472
4.324
0.1
3.752
1.452
0.248
0.668
3.872
1.576
2.072
5.152
3.516
0.312
3.264
1.056
3.092
0.452
5.224
6.876
0.564
3.04
5.468
10.172
0.9
1.528
4.768
0.444
0.452
7.568
0.64
0.712
5.184
3.332
0.632
0.144
2.564
2.788
0.096
10.44
1.124
0.144
1.116
2.424
0.344
0.048
0.256
3.672
3.172
0.128
0.456
0.352
0.44
1.456
6.744
3.988
4.06
0.884
2.676
0.556
0.744
0.664
2.888
1.38
1.024
0.732
1.552
4.66
3.476
1.744
0.864
0.212
1.244
2.212
0.06
0.044
0.256
1.192
0.744
0.456
5.94
0.54
2.112
7.052
4.256
4.384
3.24
2.376
0.996
2.04
5.228
4.46
2.564
7.28
3.0
1.128
3.172
0.784
0.632
4.172
2.512
4.376
1.476
1.612
3.196
0.716
4.244
0.664
2.924
2.956
0.828
1.104
2.32
5.9
1.068
2.608
3.056
3.084
1.24
0.728
2.32
1.664
0.124
0.192
0.052
0.396
3.356
1.868
0.6
0.348
4.34
2.304
2.72
9.428
2.264
1.564
0.984
0.94
0.112
6.068
3.2
2.016
2.228
0.904
0.468
2.304
3.804
0.5
2.304
4.716
0.228
1.956
0.148
0.42
4.608
0.852
5.904
7.24
0.78
0.432
5.02
0.088
0.108
1.536
0.232
0.048
3.492
2.668
0.24
3.732
6.632
0.492
0.312
0.252
0.484
0.848
0.424
2.12
1.6
1.412
4.76
2.968
1.436
1.508
0.104
1.004
7.724
0.972
0.7
3.304
4.236
2.988
0.4
1.356
2.344
0.036
4.46
1.616
1.096
4.368
1.596
9.676
0.736
4.576
0.548
0.844
2.408
2.436
3.64
1.848
1.98
5.264
1.364
0.292
0.336
4.028
1.816
1.768
3.344
0.216
0.356
0.14
3.544
3.684
2.12
2.216
2.872
2.292
1.116
0.684
0.144
2.508
0.592
4.448
1.808
1.96
0.072
6.36
2.628
2.26
1.728
1.752
1.248
0.78
1.076
0.312
1.836
0.068
4.016
1.524
5.156
2.948
3.692
1.584
2.26
0.688
0.62
2.212
1.436
0.448
0.724
0.316
3.0
1.252
0.704
0.8
1.408
0.828
1.236
4.46
0.952
2.296
5.756
2.536
2.332
4.92
3.58
0.268
0.092
0.072
1.372
1.136
0.48
1.348
0.212
0.532
1.616
2.256
1.136
0.12
0.964
1.2
2.496
0.896
1.0
1.26
1.188
5.572
0.732
1.128
6.936
6.232
4.576
3.168
6.496
2.148
0.948
1.532
4.544
1.116
2.248
2.216
1.152
1.948
0.676
0.76
2.768
1.036
1.568
0.996
0.104
0.54
2.264
2.06
0.436
2.06
2.104
1.144
0.512
3.028
0.6
0.352
0.172
6.308
1.412
7.768
0.44
0.764
1.012
0.792
2.576
6.996
0.896
0.232
0.116
0.324
2.456
8.108
0.72
6.832
0.272
1.784
0.22
3.66
0.092
5.144
1.108
0.66
1.952
0.144
0.156
0.328
2.332
2.168
4.76
1.66
2.5
1.004
0.864
1.844
0.088
2.564
1.236
1.636
1.34
2.5
3.976
1.364
0.984
0.796
0.18
2.176
1.284
2.72
0.464
1.632
0.044
1.036
0.14
3.232
7.604
0.268
0.492
1.184
6.164
1.204
1.396
4.636
0.076
1.676
4.36
0.32
1.268
8.496
0.684
0.984
1.236
1.116
2.316
1.2
0.612
0.816
1.652
1.76
0.84
0.24
0.608
0.968
0.688
1.836
2.272
2.076
9.288
0.396
0.916
4.096
1.912
1.544
0.456
1.152
4.344
0.128
6.4
0.416
0.6
8.484
0.176
4.48
0.548
3.936
1.144
0.232
3.576
10.112
2.68
0.872
0.48
4.784
0.532
1.248
0.292
1.364
1.472
0.644
4.564
1.4
0.776
4.14
1.708
2.448
0.528
0.376
0.348
0.092
5.208
4.02
1.416
0.916
2.912
2.752
1.172
0.732
0.172
2.484
1.936
8.432
3.128
1.568
4.712
2.2
0.248
2.684
2.492
2.004
2.156
2.812
1.8
0.708
2.384
5.184
1.684
2.84
0.808
8.64
2.556
0.744
3.904
0.78
0.28
3.548
0.648
5.676
2.308
1.616
3.144
3.072
0.148
5.64
8.004
3.48
5.004
0.588
0.16
1.26
1.496
1.224
0.1
0.6
0.608
0.364
1.18
0.58
1.576
0.936
1.412
2.384
1.272
0.156
8.36
2.568
1.16
0.56
5.136
0.132
0.516
8.344
4.064
3.824
5.284
0.632
0.316
0.32
0.544
2.484
1.212
1.64
0.5
4.516
1.536
1.292
2.592
0.204
2.96
2.62
0.476
0.316
2.5
0.952
2.084
0.596
3.912
0.932
2.0
0.536
5.248
1.948
1.052
1.28
0.852
0.848
2.1
7.48
2.216
0.124
5.96
0.94
1.072
3.516
4.344
7.136
0.572
0.124
0.148
1.732
1.044
2.836
2.764
2.124
3.048
0.416
1.088
1.328
8.244
1.128
2.764
2.148
4.852
2.32
2.264
2.572
0.988
1.116
3.304
0.984
0.78
0.124
6.032
0.492
4.312
2.924
4.36
1.828
1.912
5.08
4.816
5.48
2.508
2.276
2.82
1.48
2.66
0.216
0.172
2.956
0.892
1.964
0.304
3.104
2.296
0.216
1.316
0.348
4.256
0.984
0.232
1.88
0.508
1.044
0.196
3.924
2.944
2.616
1.78
7.38
3.404
4.944
4.548
1.24
3.796
6.284
0.064
0.292
5.404
3.576
4.92
4.976
2.972
5.32
0.604
0.12
0.088
0.292
0.54
2.14
1.768
1.024
0.228
2.288
2.044
2.12
0.216
0.164
1.556
0.784
1.732
1.612
1.644
1.832
0.132
1.656
4.572
0.116
0.66
0.568
1.4
0.832
0.2
2.044
1.7
0.496
2.1
7.656
0.956
5.58
0.628
1.524
0.216
1.452
0.976
0.392
0.976
2.484
0.312
0.924
0.372
8.66
0.956
10.76
1.66
1.924
2.976
2.596
0.316
0.42
2.976
0.26
0.6
0.204
0.492
0.296
4.592
0.52
1.44
0.276
4.688
0.116
1.82
0.248
9.092
2.408
0.356
0.404
10.852
2.5
0.928
0.132
1.168
0.884
1.0
3.416
2.84
6.876
1.876
0.14
2.164
2.164
1.184
1.664
2.336
0.756
1.728
2.192
1.028
3.948
0.768
2.14
1.588
2.964
3.54
0.256
1.66
0.68
9.692
8.388
4.948
1.372
0.856
1.216
1.696
0.432
2.82
1.6
1.428
5.132
3.332
3.1
0.864
0.96
1.588
0.16
2.704
0.196
0.936
1.88
2.224
0.904
1.244
0.204
2.716
1.58
2.644
3.372
0.516
1.832
0.54
9.7
4.148
0.256
3.692
2.3
0.136
0.176
0.4
1.7
0.18
0.712
0.06
1.384
2.1
0.796
1.364
0.104
2.196
0.68
0.928
2.98
1.376
1.648
2.04
2.164
0.416
3.664
3.024
2.28
0.62
0.132
1.792
0.044
2.084
4.544
0.804
8.712
1.772
1.764
0.112
3.428
1.068
1.884
1.008
3.464
4.56
5.496
0.504
1.332
1.824
0.62
0.524
0.528
0.392
0.944
0.196
8.16
3.1
0.724
0.444
0.516
0.58
1.38
1.796
0.532
2.088
1.888
0.66
0.204
0.436
6.5
0.052
0.532
0.592
3.532
1.368
1.272
3.152
1.388
0.116
1.98
0.34
2.104
2.14
0.264
2.504
1.644
0.452
1.944
4.064
0.732
1.088
3.228
0.464
0.844
0.16
2.372
0.772
5.932
1.312
0.6
0.316
0.348
5.6
0.58
0.08
0.412
0.936
3.064
1.848
3.984
0.776
0.5
5.016
7.012
7.128
0.86
3.78
1.704
1.204
1.644
2.312
2.852
0.2
1.12
0.432
5.02
1.188
5.352
4.068
2.612
0.164
1.6
4.028
1.908
0.52
1.692
0.088
4.724
0.788
3.756
1.816
0.856
0.544
7.84
3.432
3.468
2.54
1.932
4.432
3.744
3.296
0.468
5.244
2.32
0.148
8.184
4.968
4.956
2.184
2.896
0.332
1.4
1.096
5.024
1.568
0.408
0.568
0.072
1.688
9.364
1.024
1.288
3.648
1.332
1.004
1.972
0.6
0.472
3.256
0.704
3.244
0.692
1.824
3.088
0.696
2.792
0.708
0.252
0.724
2.76
6.388
0.88
0.472
0.36
0.052
6.636
5.58
1.224
2.356
0.136
0.96
3.744
0.204
0.74
0.652
2.124
2.236
2.872
5.212
0.932
0.728
1.828
1.392
1.548
0.124
4.288
4.064
1.888
0.876
3.408
1.844
5.344
1.144
5.996
0.144
1.044
0.908
0.212
0.888
0.992
4.384
0.94
2.256
0.392
1.808
3.436
0.204
1.908
0.168
0.372
1.828
2.588
1.512
1.756
1.06
2.768
6.076
8.816
2.012
2.796
3.732
1.032
0.788
0.408
0.364
1.468
4.204
4.244
1.328
1.3
1.58
0.808
0.276
0.14
3.028
1.036
0.608
0.432
3.5
4.26
0.624
1.604
0.388
3.172
0.172
0.316
2.368
3.908
4.004
0.244
1.856
1.792
2.676
1.108
1.548
0.22
3.992
0.332
2.136
1.452
1.352
10.544
2.72
2.124
0.264
1.796
1.256
8.572
1.28
6.816
3.172
1.892
2.54
0.88
2.952
3.728
5.4
1.744
4.328
0.776
3.528
6.32
1.172
0.916
0.564
0.42
8.868
1.236
0.124
0.152
0.94
1.776
0.752
0.428
2.204
1.648
2.124
3.628
0.868
4.556
5.352
4.1
2.7
0.64
3.032
1.26
0.924
1.324
0.532
0.44
2.936
3.04
2.816
0.292
1.476
1.552
1.784
0.732
2.516
0.476
0.084
6.808
5.028
1.824
2.636
4.74
0.512
2.172
4.852
0.308
3.172
0.292
0.848
6.144
3.604
3.104
3.752
0.54
3.996
4.704
0.652
0.44
1.232
3.48
1.288
4.836
0.064
0.344
0.428
0.412
0.308
2.932
0.668
2.872
4.368
1.516
5.78
1.712
0.248
1.96
5.756
0.412
2.908
0.916
1.048
1.308
1.46
0.352
1.388
3.508
0.5
1.336
0.476
1.152
0.632
4.68
0.352
4.08
2.136
4.972
2.172
1.056
0.128
0.192
6.472
0.48
1.076
1.364
1.756
2.244
0.764
0.424
3.588
3.092
0.34
0.072
0.892
2.896
0.852
0.888
1.344
0.52
8.152
0.348
2.384
1.332
2.812
1.972
1.06
1.36
0.288
0.868
1.656
0.18
6.364
3.156
1.44
0.856
0.484
1.284
0.064
1.604
2.94
1.932
4.96
5.024
3.196
5.592
0.684
0.656
6.552
3.408
0.116
0.652
1.352
4.04
0.72
1.708
2.032
0.388
3.436
0.44
0.408
0.344
0.696
0.984
0.52
0.864
3.06
0.304
2.216
1.84
0.508
1.324
0.692
0.904
0.556
2.732
0.476
0.8
1.772
0.864
0.396
0.052
0.852
3.588
3.456
0.632
0.48
1.34
0.456
1.468
1.168
2.444
1.724
2.616
0.112
1.78
0.08
1.504
0.56
2.424
2.012
2.692
3.896
1.884
0.264
3.34
1.176
3.484
5.756
3.044
0.744
1.224
0.7
3.996
3.116
0.968
0.384
0.636
0.58
1.952
1.044
4.104
0.916
2.064
1.86
0.452
0.644
2.212
0.184
0.2
2.332
0.576
0.516
0.308
2.644
2.132
2.436
0.66
1.06
5.536
3.568
2.76
0.836
1.132
0.736
1.664
0.56
0.24
1.832
0.408
0.884
2.312
3.152
2.176
0.276
2.264
2.888
2.72
0.632
1.876
0.808
2.784
2.9
0.116
2.788
0.56
2.44
1.248
4.648
2.952
1.376
1.824
0.828
2.292
0.224
0.124
0.12
3.888
0.136
0.828
7.536
3.92
8.332
0.264
6.092
0.396
0.876
0.464
1.668
4.04
8.916
1.432
7.036
3.88
6.356
0.26
2.176
8.944
9.284
0.844
0.3
1.224
2.896
1.72
1.88
2.008
6.588
2.98
1.948
0.22
1.164
1.944
1.604
8.544
0.22
0.308
2.556
0.588
1.744
4.696
5.352
3.804
2.048
0.212
0.944
7.944
1.892
0.756
0.464
0.188
0.256
6.152
0.208
2.184
0.664
4.916
5.32
0.264
0.2
4.0
1.712
0.692
5.828
1.32
0.308
2.328
0.376
0.404
1.824
0.436
2.412
0.896
1.908
0.196
4.624
4.312
0.976
0.216
2.572
1.412
0.048
4.364
1.976
3.7
0.38
0.952
1.624
1.696
0.536
1.644
1.076
0.536
0.308
4.184
10.908
0.608
8.284
5.068
1.604
1.136
8.972
0.908
1.224
3.568
1.724
6.232
2.316
1.232
2.208
6.368
9.488
1.32
1.54
0.416
4.572
3.976
1.296
5.06
0.156
0.348
1.128
2.444
5.336
1.484
0.424
2.7
4.276
0.564
0.916
1.316
2.02
3.532
4.956
0.748
7.36
0.668
0.568
0.676
2.256
6.268
5.4
5.556
0.508
4.176
2.548
2.952
0.576
7.204
1.072
0.596
0.148
0.744
2.668
7.084
0.456
2.048
0.192
3.04
1.504
0.396
5.064
2.864
5.528
9.564
0.976
0.404
0.584
0.456
0.268
0.532
2.392
3.188
0.26
2.236
2.408
0.036
0.312
1.156
0.448
1.464
7.08
0.712
0.216
3.412
1.912
0.584
2.844
0.2
3.68
1.884
1.344
3.156
1.284
0.38
1.648
1.06
1.004
3.104
1.156
2.4
0.56
2.832
1.788
2.488
0.132
0.156
1.7
0.92
2.26
1.312
5.824
1.424
0.376
0.58
2.496
3.18
2.316
0.932
2.228
0.056
3.864
2.304
0.316
1.74
0.688
1.0
6.556
3.448
0.692
0.476
4.48
1.752
2.068
4.824
0.472
1.824
2.6
0.128
0.724
0.436
0.152
0.984
0.688
4.68
1.332
0.216
0.244
0.132
0.628
1.356
7.38
0.412
1.308
2.088
1.388
0.832
0.128
0.188
1.012
0.236
0.888
5.88
1.476
0.276
0.356
7.092
1.444
0.248
3.816
1.156
5.968
0.34
4.6
0.54
0.052
1.692
0.188
0.996
5.516
1.056
2.632
1.196
0.088
2.536
3.888
0.528
5.664
4.728
2.04
4.108
2.548
1.7
2.368
4.688
8.404
2.48
2.944
0.36
0.26
1.28
0.712
0.64
0.888
9.288
2.904
9.58
0.572
1.644
0.164
2.92
1.576
0.116
0.684
0.144
0.456
0.28
8.852
0.072
1.8
1.064
0.096
2.524
2.928
1.404
1.308
5.544
2.12
0.792
2.796
1.036
0.644
1.56
1.02
1.024
3.152
0.38
0.12
0.84
2.588
0.516
1.892
2.232
2.796
1.668
0.52
1.156
2.544
2.672
1.164
1.668
0.288
6.956
2.892
4.992
3.78
5.892
1.216
0.356
3.652
1.28
4.2
0.184
2.096
1.112
2.696
2.536
2.272
0.252
1.34
0.04
3.324
0.496
6.176
0.928
0.832
2.3
3.58
0.72
2.004
0.248
0.416
1.84
0.352
2.792
0.16
1.088
0.412
1.784
4.248
0.96
5.536
0.428
2.82
0.612
4.08
4.64
0.504
1.072
1.24
1.668
9.152
0.9
4.028
0.744
4.944
2.672
4.324
3.94
4.972
5.268
1.408
2.944
2.772
1.596
2.132
4.692
0.988
7.688
1.432
2.852
4.056
3.592
0.252
2.852
0.732
3.78
1.316
2.688
2.396
2.456
0.336
0.44
0.312
0.252
1.676
2.728
1.024
0.324
0.72
0.44
0.468
1.94
1.504
0.388
1.096
6.596
0.456
1.392
7.304
0.16
10.62
1.156
2.168
4.596
0.632
3.592
1.232
2.732
7.548
4.792
2.976
2.772
2.396
0.18
0.508
1.588
2.076
1.048
1.132
0.256
2.84
0.6
5.392
0.284
2.408
0.44
0.428
2.956
0.592
0.536
0.2
5.928
3.356
1.848
0.82
3.308
4.864
2.744
4.956
0.304
0.768
2.716
0.38
3.568
1.564
0.504
3.444
2.812
3.664
2.384
1.868
0.7
3.784
0.292
0.124
2.904
1.056
1.94
1.076
0.728
0.772
0.068
6.82
1.4
0.612
0.8
5.284
1.832
8.192
1.696
0.376
2.128
4.172
2.648
4.644
0.6
0.992
6.892
0.228
4.072
0.968
7.684
2.98
8.104
1.64
0.3
1.94
2.088
0.184
1.876
5.688
7.412
1.36
2.536
4.904
4.22
3.308
0.576
0.144
0.632
1.38
1.648
0.572
0.112
2.7
1.172
1.676
0.144
1.608
1.0
9.788
0.376
2.016
0.16
1.796
0.796
1.2
1.004
1.88
0.9
3.164
1.772
7.432
2.164
0.832
2.096
0.488
0.592
1.604
2.412
0.776
0.532
1.7
0.804
1.06
4.924
1.22
1.62
1.236
0.952
2.516
3.248
0.764
8.116
2.632
9.332
0.364
0.16
1.304
5.304
10.232
0.7
1.564
2.164
1.004
2.784
6.528
1.272
10.064
0.624
6.256
0.98
1.28
0.58
0.6
0.26
0.864
3.78
5.512
2.424
0.952
1.012
3.112
0.716
0.496
0.832
1.732
0.396
0.068
0.108
7.656
1.632
8.308
0.492
3.556
0.144
0.468
7.16
0.496
2.944
5.436
1.192
1.46
1.304
1.416
0.112
0.74
0.344
3.028
2.184
0.38
1.668
2.716
0.592
0.396
1.692
0.816
1.888
0.62
0.224
0.644
1.172
3.532
4.304
2.516
0.632
3.68
3.164
0.168
0.532
0.5
2.912
3.664
0.164
2.508
0.32
4.452
2.168
2.488
1.804
5.888
0.184
4.044
4.756
4.344
0.852
2.84
1.396
0.232
0.248
1.336
2.124
2.432
2.016
0.924
2.824
0.484
1.972
8.728
6.532
9.648
0.94
0.12
0.46
3.956
1.776
1.768
1.504
0.488
10.756
2.94
1.556
1.756
5.648
0.576
3.768
4.088
10.92
2.584
0.58
1.472
4.02
0.764
3.92
1.008
4.52
8.352
3.552
0.22
0.472
6.74
2.912
2.688
0.116
0.632
3.832
1.224
0.464
2.516
0.432
1.232
3.38
0.94
0.496
5.644
0.98
0.584
0.12
0.196
1.168
0.076
4.78
5.312
3.7
1.46
1.14
1.62
4.924
1.4
0.972
5.548
0.976
6.172
2.216
6.376
0.112
3.02
3.272
2.712
5.92
2.788
0.312
0.976
0.144
1.604
0.496
2.868
0.448
5.096
1.192
0.428
1.016
0.688
3.66
0.232
0.2
5.084
2.812
4.024
0.78
2.708
0.28
1.2
1.38
0.964
1.58
1.172
1.204
1.188
4.384
0.776
1.304
0.372
0.5
2.7
2.644
0.048
0.448
1.3
6.5
1.876
2.192
0.46
0.68
2.148
0.884
