313
711
76
243
140
245
266
166
129
113
40
637
192
925
924
65
134
1148
106
151
182
1521
26
399
55
119
639
511
584
1840
387
378
248
144
531
164
937
45
977
231
1598
949
334
143
98
504
44
701
115
1213
638
190
376
64
598
697
33
476
187
85
497
703
338
617
97
201
197
31
272
767
355
533
73
139
284
165
1964
1363
197
215
2139
408
69
421
768
2181
132
2629
37
65
364
702
692
98
357
1298
822
1926
256
193
195
934
97
42
791
425
298
1225
145
108
1737
244
1654
2525
1699
220
1033
230
2472
221
988
558
81
634
1872
82
1432
1031
185
111
1172
309
123
36
37
233
40
445
1884
163
85
626
361
556
293
1710
180
438
959
744
2591
167
317
87
94
27
393
330
281
235
1029
527
227
548
322
44
513
949
273
333
2165
362
349
735
467
505
279
56
652
654
190
47
289
129
1674
42
2463
55
43
619
100
48
1829
97
54
232
56
92
980
337
189
51
406
512
37
374
398
314
146
466
404
408
452
45
596
933
131
69
198
1502
176
931
487
359
449
457
638
916
460
728
717
76
120
165
309
1659
852
1065
545
49
375
120
178
1348
264
443
141
128
296
838
305
1489
1333
230
96
37
215
660
1311
340
1305
186
382
656
616
606
1722
508
631
1687
365
537
181
2222
651
101
877
1318
341
66
262
2175
1055
356
402
70
285
129
163
426
1542
178
40
1278
162
595
83
1057
71
374
101
454
325
463
195
216
863
263
355
600
452
452
389
102
91
213
1087
215
1208
648
310
285
505
224
346
212
1367
59
895
373
967
964
901
776
34
47
160
342
492
44
1940
456
200
114
317
673
271
504
231
892
168
530
172
53
160
722
1158
92
2430
235
1309
310
85
40
248
188
200
199
485
293
231
241
624
1840
879
948
676
142
127
42
85
36
514
481
142
205
84
916
695
808
1140
77
840
96
1083
2463
265
839
1089
243
171
171
1941
265
224
224
43
301
595
241
73
976
1789
330
327
59
339
343
896
538
71
680
788
30
205
183
515
277
115
379
903
99
108
495
651
191
1868
432
517
168
187
302
25
155
2491
117
587
187
60
675
457
1398
380
545
132
732
289
282
578
52
227
143
28
130
1655
218
703
432
847
239
139
125
90
30
30
802
565
656
516
413
703
189
138
38
467
788
1133
200
1275
293
1380
728
567
2729
354
460
87
100
953
380
385
1243
1407
759
67
1294
411
30
1321
204
79
64
113
66
1047
440
1080
124
153
604
259
368
413
592
494
139
243
242
333
95
264
119
491
354
136
95
2143
94
105
36
94
235
225
1449
133
347
139
225
124
1604
356
1678
74
1116
78
392
53
743
454
1633
884
84
49
314
431
243
743
135
87
199
34
487
92
854
172
571
335
244
257
42
1473
1321
165
47
116
265
2255
412
26
419
207
142
74
124
59
328
1637
1327
596
159
624
217
834
397
134
1054
91
379
370
1346
213
339
203
1505
64
205
150
428
657
398
1140
1116
42
679
274
314
158
685
111
427
2616
354
304
96
69
349
111
441
652
220
1543
2737
515
50
915
287
470
810
1826
78
215
282
498
292
505
108
151
869
833
251
1242
110
327
177
321
1994
775
317
122
102
1432
735
186
45
687
1000
464
334
589
241
562
1440
553
668
53
378
78
172
174
112
579
886
66
54
72
127
958
117
75
546
764
522
255
52
772
1387
91
391
88
235
1037
515
1949
84
718
503
43
844
582
204
1203
47
665
1015
62
1065
162
890
870
938
1745
181
29
27
177
83
291
81
816
45
870
52
1029
1957
372
41
258
871
41
915
1839
1818
1217
329
491
950
32
82
1946
1774
1143
247
86
501
60
452
2388
153
182
323
578
67
112
104
264
1666
797
1485
604
1740
551
94
67
331
147
415
743
399
625
661
618
513
177
123
221
119
539
118
100
623
514
224
482
1033
329
49
1078
141
92
70
1054
220
358
162
125
2012
120
512
124
478
1698
750
209
637
468
111
697
521
1774
236
323
394
190
106
610
210
1593
47
557
682
164
855
123
92
26
632
27
197
532
44
136
552
1038
196
731
127
660
247
103
286
208
2117
855
2055
1694
222
379
553
744
322
266
1512
587
338
236
1415
49
1007
86
814
726
333
742
2103
77
139
1240
167
597
124
840
237
404
42
172
169
511
356
638
259
144
83
340
1045
50
833
341
89
172
326
1785
198
978
275
891
117
150
385
177
133
498
1671
454
167
443
167
1211
383
539
206
301
665
429
215
63
182
107
533
1166
577
129
143
2022
295
406
433
153
885
2306
66
558
244
61
253
972
1567
242
1436
512
425
503
943
348
2628
97
766
732
853
1036
89
1029
793
482
211
759
626
879
142
314
49
673
198
287
353
311
1294
373
528
828
846
46
244
195
338
110
675
40
180
422
202
215
1415
1690
1330
378
1011
131
954
1571
390
143
322
460
1403
581
556
305
30
360
594
122
115
89
461
379
93
99
54
68
143
113
67
44
446
360
1189
1773
463
1070
240
35
333
247
857
160
449
958
741
224
471
230
162
76
1648
86
170
78
147
183
690
283
29
1081
127
706
117
45
79
537
697
233
1465
98
324
415
1151
583
328
212
86
538
271
91
937
890
1351
169
808
97
279
441
634
655
547
755
681
99
180
275
508
122
1467
203
685
127
1069
1025
1078
33
687
257
1693
106
81
86
1134
833
422
1000
2218
120
599
151
1539
94
1517
850
53
904
917
88
72
871
59
171
2531
413
602
92
563
187
343
1170
708
102
145
1793
168
887
1180
162
2154
214
193
42
277
308
201
1783
249
88
337
40
57
244
1432
419
198
233
912
325
102
212
353
84
26
1361
287
397
1006
841
618
175
93
247
265
1343
1563
242
707
469
263
871
47
854
2691
420
566
112
414
317
1226
330
330
227
179
533
164
88
796
855
806
351
289
1803
836
1366
555
204
765
295
137
51
311
1128
146
170
95
526
148
1038
518
465
2269
52
380
830
398
78
820
108
59
501
467
205
857
1533
27
410
311
1300
81
644
276
147
1106
487
712
159
1446
1120
2377
247
286
32
1250
75
745
750
188
161
896
625
396
525
254
136
671
75
1674
502
251
782
153
238
465
986
30
154
41
395
501
199
1546
402
114
110
492
363
1128
1239
572
138
100
358
324
193
855
1200
1480
109
937
149
60
50
1229
320
151
209
529
967
108
960
1013
457
488
416
600
134
364
224
133
311
1951
455
1739
57
96
250
271
856
39
472
28
2340
1022
950
609
375
38
300
1127
2555
90
355
254
120
136
200
186
82
1109
354
682
64
132
1374
1001
333
270
362
33
1238
437
145
89
753
609
465
2118
49
723
54
121
59
226
907
450
51
526
127
146
51
296
688
1167
325
235
89
73
428
809
961
382
110
420
248
1468
1049
393
922
100
205
341
1145
1060
794
89
798
558
1228
347
87
1002
349
290
347
793
463
136
217
300
384
283
116
796
607
605
260
2464
166
345
97
480
345
444
550
548
261
172
244
42
458
87
348
50
1895
491
219
374
25
67
874
2048
575
448
411
908
542
620
486
2178
261
91
30
770
46
373
730
176
324
38
91
39
1497
403
714
163
193
851
1392
123
709
99
316
272
1484
79
905
1327
351
609
54
312
1172
311
283
523
797
290
357
289
112
223
71
251
1469
173
31
34
1684
720
633
953
2407
443
761
2082
26
666
70
700
265
38
906
266
90
948
343
1054
370
131
61
150
323
923
91
426
264
190
366
122
264
99
154
356
370
101
170
606
39
188
604
627
1806
492
368
141
134
43
350
377
586
1162
48
2498
1572
286
60
285
522
598
485
907
55
1590
77
44
2087
1646
398
262
255
351
212
481
726
652
285
775
907
266
627
339
169
345
41
200
222
33
70
146
1160
120
275
1010
459
334
220
303
249
461
328
521
2165
1276
431
606
122
885
381
27
123
1599
822
311
138
147
195
302
533
182
722
350
1048
333
40
464
1266
1645
79
149
121
424
1887
323
326
248
80
1882
458
115
1400
76
73
47
139
1812
235
163
299
867
277
1344
1947
472
191
336
822
2083
316
386
788
444
415
576
940
545
436
187
263
111
126
1787
273
1947
92
1388
787
61
91
167
1728
1696
286
91
1753
497
855
282
2016
137
1975
804
253
391
209
192
184
90
1405
752
1218
239
206
54
1218
90
228
1171
624
1445
398
31
142
1759
210
672
84
25
1393
578
207
960
171
302
468
887
300
224
315
84
389
70
1550
141
259
1522
339
110
297
289
273
398
147
222
419
219
130
34
109
1026
195
290
1009
850
114
279
714
2381
960
166
35
856
239
1458
319
64
1348
143
131
295
27
123
80
286
380
2159
460
89
466
402
582
1217
1538
111
67
259
665
412
149
320
195
425
95
330
337
1742
894
143
72
86
80
1847
65
1302
667
642
54
134
269
2717
36
1175
234
196
1426
999
204
69
65
327
733
69
1099
1600
115
24
840
390
358
432
68
41
35
660
60
93
789
251
1171
63
89
2100
2216
582
268
198
467
737
143
32
204
382
1319
112
963
211
374
1096
1303
1426
589
2684
73
29
207
782
157
1100
556
184
562
346
462
129
415
395
232
2374
223
998
74
1140
74
200
221
557
723
2033
53
180
1080
734
152
227
131
407
434
181
1938
85
891
556
302
164
512
244
149
291
621
1341
1459
594
617
543
299
86
923
473
461
2612
67
147
726
344
173
693
109
926
676
2016
123
474
697
140
192
902
405
1096
182
1440
1961
466
528
420
465
480
1066
265
1906
571
52
339
380
540
123
122
181
35
216
657
256
1057
571
155
341
928
126
416
509
758
44
145
366
1151
281
63
365
249
503
157
411
494
161
51
556
566
148
46
200
1668
621
1234
438
503
991
117
180
609
532
251
95
456
270
889
56
399
880
648
1470
247
198
2086
523
952
1103
28
660
753
486
263
326
831
72
783
1189
537
1699
760
289
1691
120
318
75
223
997
69
195
443
145
230
176
98
449
52
237
300
491
455
1795
601
474
471
36
230
273
1170
743
747
668
298
220
32
182
58
381
255
131
441
224
284
159
1158
1035
1437
692
90
377
142
1113
310
1786
53
87
278
441
863
1227
2246
995
287
26
721
387
65
39
83
90
303
57
61
84
1903
123
599
1295
813
331
108
189
124
1774
132
932
276
1069
60
306
445
25
524
525
250
271
2569
103
953
169
915
149
113
387
254
80
714
482
268
343
1148
841
1316
1078
396
124
35
1192
1032
233
984
547
413
277
326
1220
523
31
60
104
56
651
420
222
144
155
1265
1122
175
72
1685
416
664
28
247
239
120
827
510
99
619
691
363
189
225
721
74
882
360
151
1519
48
99
357
951
222
372
680
800
687
109
685
179
316
353
138
490
766
1139
38
348
899
228
80
810
232
2008
86
193
448
629
631
974
276
876
123
234
286
623
711
1523
548
182
282
226
324
46
233
906
725
42
528
571
379
530
326
176
280
522
46
180
230
2326
397
36
175
255
1623
419
849
79
431
2572
116
911
393
137
432
246
1941
565
2105
1066
248
929
601
73
217
261
184
234
605
367
921
869
1092
586
56
2468
2015
1206
1089
101
332
719
840
195
433
178
93
196
277
758
356
415
324
352
234
760
80
160
276
53
1302
118
1049
1319
190
67
1388
113
353
286
593
609
58
281
133
615
79
116
1370
413
390
373
185
311
1268
140
745
1257
1236
1228
83
43
48
449
1082
357
74
42
596
2556
108
287
1519
390
278
366
250
318
1857
565
90
302
1854
553
284
180
51
415
1249
52
820
466
79
258
466
161
952
318
30
162
119
360
59
350
1825
2625
426
495
754
517
654
396
85
1757
838
439
437
598
515
143
125
559
1613
639
516
787
200
138
464
264
855
700
166
1331
1288
124
133
187
189
1754
2729
222
819
560
195
521
36
43
1114
299
53
1127
241
130
246
670
139
2218
409
758
606
1176
392
162
505
930
413
64
903
1729
61
387
526
359
774
339
258
211
697
298
777
460
1395
229
373
67
122
235
2508
275
191
184
103
104
109
193
433
565
598
339
96
61
312
368
2104
110
524
617
1647
1125
208
66
189
65
244
148
35
1009
973
637
295
70
852
68
165
106
311
440
497
886
1005
748
646
339
409
41
156
155
302
507
58
244
56
581
285
411
104
211
70
296
175
1288
175
649
112
307
459
1955
209
1365
150
334
2439
654
331
236
2138
388
365
2311
186
274
28
1697
883
1591
83
637
576
83
112
1929
1114
197
559
206
515
1150
187
159
216
217
75
2252
50
1236
64
111
2255
1225
357
63
770
510
724
315
75
176
164
53
220
570
430
90
130
874
2475
811
977
615
290
589
253
298
1510
798
39
92
238
54
394
81
96
797
1535
120
912
1263
580
280
373
238
2418
218
38
754
53
163
300
170
371
2403
600
1540
317
128
243
446
1092
1068
643
245
943
298
1794
214
219
742
1778
375
196
49
794
1177
45
1588
365
842
1370
479
142
138
231
90
159
729
26
1072
199
2401
1676
2675
352
215
124
352
521
32
26
1000
190
219
96
504
159
670
581
562
1351
198
1979
913
1082
284
301
514
312
122
961
126
554
89
2632
255
600
565
145
759
266
90
780
77
1071
481
191
298
694
466
1388
857
678
2090
271
148
752
144
314
359
399
1265
345
233
422
1518
720
261
451
225
192
62
121
447
455
197
1318
245
1065
2524
92
419
380
148
968
284
119
247
814
481
591
555
58
354
162
228
251
741
832
35
71
304
568
239
25
621
166
745
117
758
1132
79
396
204
512
520
1071
148
41
462
67
494
67
241
300
699
342
754
135
1947
545
2548
117
217
482
460
525
958
227
708
160
277
165
104
66
71
33
586
508
229
242
415
713
289
42
442
230
1662
116
1148
353
176
561
332
447
67
804
1259
339
95
1298
744
155
1263
819
25
86
641
256
35
622
158
465
905
544
2174
227
728
92
453
418
35
1156
46
185
2430
556
480
242
438
64
1761
153
315
220
1026
341
129
1709
997
134
232
50
80
75
198
1425
830
70
1617
80
231
826
436
287
510
202
295
1621
30
412
122
55
98
347
1744
155
2591
1220
228
828
393
88
34
681
496
54
2708
361
864
136
28
241
1019
111
259
1446
33
773
676
939
556
525
282
176
401
986
636
410
125
939
397
994
65
1943
225
38
197
1915
171
2385
443
39
1354
234
425
369
135
142
91
72
954
55
597
227
290
818
1868
311
191
1241
137
596
590
1238
547
646
68
1140
31
210
459
432
1808
509
139
291
245
352
1193
164
173
966
284
346
417
356
293
538
1682
298
2218
1267
184
45
180
88
213
501
1525
1650
490
241
775
254
222
1504
1602
273
2026
596
304
87
200
616
210
338
482
1199
601
866
214
70
312
66
1757
113
431
168
1997
326
765
188
79
132
194
155
92
85
516
443
413
112
155
144
271
434
1277
117
281
446
309
167
345
1135
1138
44
124
42
38
241
136
146
805
1594
168
677
86
1595
2513
600
459
1330
1335
379
301
206
157
1672
1013
1127
84
754
65
196
115
694
154
429
923
416
1726
433
354
328
711
48
262
195
638
773
1175
2121
723
518
867
379
314
175
559
811
359
55
51
765
372
453
142
85
78
763
343
505
516
602
145
73
29
252
377
732
204
308
369
376
337
262
532
396
100
197
29
1957
119
131
339
581
389
470
2109
1530
636
89
849
35
689
465
445
594
33
1494
1117
34
180
317
113
1694
246
94
336
85
866
265
2161
1851
605
482
37
380
434
220
86
66
623
71
1379
622
42
949
292
160
450
336
149
641
883
1459
425
1227
149
120
63
1955
250
91
1325
189
74
1129
1420
212
328
185
133
1328
443
439
880
127
217
1045
53
178
148
334
33
351
239
201
140
35
112
1856
394
476
526
1358
84
44
500
920
515
125
215
1685
224
249
36
74
564
29
289
109
664
2186
84
590
79
282
396
426
456
79
2092
537
1338
156
142
96
691
466
1985
391
176
86
178
1625
300
544
1325
210
145
1594
966
613
257
703
41
873
48
173
201
178
80
369
73
1959
539
268
28
653
804
372
530
354
828
116
89
2746
179
986
136
311
498
72
1998
416
378
294
2050
274
1601
228
65
308
610
150
401
237
281
135
1196
40
408
66
359
73
577
338
675
47
553
489
552
590
256
422
316
132
916
463
598
863
703
929
135
198
247
99
100
1855
1047
584
2773
55
691
51
207
172
428
568
463
371
1087
44
446
232
1244
693
1029
451
89
86
106
278
412
174
1984
1802
505
1822
782
81
665
524
1787
922
31
1129
854
88
676
91
402
2266
984
28
280
403
706
142
54
1227
989
153
260
279
650
441
221
1017
206
409
1316
113
26
347
774
173
791
131
2203
128
608
737
422
213
347
737
111
292
819
2059
133
58
637
477
28
618
521
184
754
199
770
655
162
247
319
1695
913
742
609
83
266
814
659
392
650
417
863
458
1151
374
339
1021
92
550
112
591
1143
245
327
268
210
1579
692
266
82
1377
101
1405
768
328
1004
91
274
1548
39
1422
894
237
40
1068
680
25
401
652
287
953
385
99
562
454
440
56
130
462
143
265
312
855
35
1248
640
185
553
412
278
422
61
1203
1173
350
907
244
1535
100
783
123
240
297
106
71
440
520
1450
2166
1003
331
2154
39
475
1051
848
410
1422
316
1362
120
59
206
621
531
275
2116
2608
690
453
297
60
410
326
50
927
192
840
1102
42
322
50
390
523
845
98
129
54
477
144
1204
177
191
1320
304
580
1340
1468
43
306
726
975
57
475
364
784
1623
82
125
706
182
284
442
404
1097
655
668
271
324
634
68
778
382
533
344
273
144
663
46
54
1959
433
56
214
288
24
1089
208
2458
769
318
458
1075
491
2031
1393
131
56
2538
507
44
990
259
106
198
555
877
1571
253
861
222
132
132
1112
815
597
440
1802
79
152
423
809
710
326
1214
1023
130
508
80
567
596
651
259
974
386
492
1130
153
806
449
1539
538
81
170
377
1518
2150
354
1117
43
86
466
826
543
388
35
39
680
264
337
1037
601
110
269
737
188
423
99
33
295
78
2584
103
479
526
302
784
1090
140
104
1022
141
916
489
772
290
96
52
1389
452
483
179
258
377
78
885
103
582
554
507
108
197
106
295
1576
411
765
104
357
418
762
53
458
478
90
759
446
1196
288
109
128
442
161
116
260
113
2102
611
260
902
1471
70
1030
267
127
465
959
1261
37
81
144
632
66
57
827
141
71
690
222
280
116
626
123
25
706
1467
68
249
559
40
77
58
257
318
652
45
337
667
223
155
32
411
642
330
180
202
29
74
265
171
617
35
654
481
517
45
44
123
921
1302
81
941
438
144
737
136
71
52
989
971
186
218
147
529
635
82
995
462
599
824
700
2504
310
25
1905
291
1338
203
675
272
79
63
95
403
68
899
300
202
613
232
42
298
97
98
494
1093
173
162
213
551
333
75
203
99
364
248
1156
786
630
344
243
2077
466
2081
25
430
338
1637
819
71
42
61
110
193
865
1193
87
293
80
747
147
1906
309
2028
671
94
1066
90
176
306
361
213
387
221
381
819
190
251
336
576
209
81
310
778
1548
199
37
256
2715
165
338
42
50
81
91
523
143
96
111
1367
109
676
1773
264
1347
153
122
96
248
604
63
158
355
231
114
103
216
68
1507
364
77
461
331
525
305
912
1207
1734
250
280
497
135
123
382
181
472
417
1937
176
346
583
466
228
28
195
433
38
215
441
250
128
622
435
359
354
888
174
492
1710
94
102
99
434
791
127
1126
89
397
162
114
55
2584
1342
32
723
573
947
943
401
267
43
161
145
258
478
249
1253
669
2321
554
878
638
39
1191
1324
563
114
220
316
813
399
484
121
535
514
207
1231
1776
2270
257
243
51
1032
32
257
270
712
359
2193
2644
374
1051
781
32
379
492
286
756
335
300
837
419
228
837
116
762
85
101
419
166
81
53
562
676
693
326
1000
294
103
85
334
240
69
1005
602
1868
175
38
1582
74
456
256
174
80
1181
69
764
84
226
37
556
1196
47
1792
334
1162
1275
905
66
56
344
606
493
328
2363
254
29
609
917
104
312
324
146
148
728
560
162
817
386
188
1331
187
83
466
662
160
484
36
25
228
423
301
112
433
423
466
1222
48
126
105
45
1455
421
558
1015
387
118
611
507
1676
2168
1263
58
1877
90
124
223
1277
153
225
462
80
76
865
236
177
574
381
308
643
262
599
285
82
595
1577
729
337
525
77
508
1533
1053
676
135
562
1020
156
1021
904
223
367
1303
611
1002
134
129
142
31
179
82
566
493
307
845
217
193
61
720
349
95
175
150
637
595
270
441
195
278
497
128
542
44
1749
1673
269
647
172
67
218
1838
880
352
406
146
99
1013
323
476
839
640
919
616
178
871
1140
101
376
393
42
2228
1286
110
36
908
1710
35
54
169
865
373
522
446
177
93
386
191
174
410
76
429
93
552
174
74
84
125
1268
189
208
131
57
505
500
148
2198
2010
286
2024
53
1366
1866
337
907
516
487
2085
729
593
120
155
32
2750
183
471
200
233
1438
256
75
151
65
325
1032
992
72
553
393
222
124
599
398
546
569
508
1340
2027
1653
1065
122
414
1117
383
25
704
482
1461
412
272
618
468
127
2295
1015
177
97
614
194
609
257
1129
212
631
568
206
1003
183
418
938
1292
47
132
50
645
1038
785
951
281
957
254
764
92
1011
319
196
371
805
691
41
268
239
284
352
241
98
199
2477
148
2278
109
534
364
226
65
46
87
1097
633
185
2188
1046
32
216
626
153
52
196
2278
63
1704
1038
1340
424
665
133
1158
1098
422
91
37
610
422
548
915
479
247
287
599
640
194
495
116
185
210
995
291
90
337
147
162
1115
160
1941
620
887
54
147
840
527
282
680
971
113
1494
105
398
730
230
352
1049
475
378
517
897
998
738
1318
108
358
836
225
56
423
60
163
153
132
29
89
308
817
138
241
230
100
128
151
50
510
27
563
359
1108
445
369
466
94
1596
93
1609
53
727
265
2520
1568
653
1778
242
67
240
710
274
1391
1124
167
282
472
158
2621
197
212
602
102
33
310
646
187
609
367
87
89
356
1064
1124
402
372
955
456
1034
633
399
353
336
720
823
1468
255
1158
278
359
291
72
1158
406
672
280
504
129
35
428
312
2311
875
306
700
906
35
122
227
325
75
902
275
69
85
258
1028
541
321
642
617
46
290
84
1728
137
606
2339
1227
126
2506
1155
177
293
1273
278
111
27
86
62
503
103
114
200
436
560
194
848
762
876
1663
397
169
112
30
258
244
146
687
1288
1139
672
2033
32
65
348
364
661
107
309
228
155
1324
359
126
183
338
287
114
615
542
69
201
100
309
747
52
91
1757
317
435
390
30
185
311
551
130
49
1530
1192
184
2468
229
351
987
32
154
764
405
185
2234
1474
1879
728
276
914
366
206
979
221
223
170
69
813
1420
134
767
706
30
82
135
391
40
33
181
47
666
417
985
1050
229
424
230
194
2573
244
769
30
140
136
320
378
1008
45
511
720
937
96
839
563
230
348
45
30
1180
1137
169
1887
269
228
612
815
336
1954
349
641
449
1240
624
79
514
168
196
700
65
780
771
315
97
153
1344
140
546
98
331
823
1991
781
156
209
1697
1470
324
191
1197
434
216
689
502
67
473
150
2591
468
746
551
920
321
284
44
2450
74
262
1044
1555
160
1067
1414
693
547
557
352
212
167
956
26
1714
570
73
451
42
87
162
304
90
295
514
1100
640
235
755
86
2393
954
898
225
168
222
113
2484
144
314
396
408
1871
1236
222
288
171
614
392
193
234
153
972
82
1188
148
58
955
965
476
681
355
1730
526
616
568
263
1117
71
1667
261
380
189
1088
438
74
173
1321
130
236
710
189
1296
83
665
121
60
352
853
906
1042
112
689
1829
366
329
1738
144
1505
533
125
32
301
250
747
93
232
48
1584
2098
80
42
137
88
140
1086
105
185
1314
635
136
120
1104
186
698
178
58
123
2287
103
47
1074
135
86
1093
131
659
321
39
928
144
2314
974
1760
49
129
601
943
554
561
948
1631
358
250
26
205
1684
1317
1307
238
2043
480
108
92
2527
40
62
676
572
191
115
66
478
210
209
174
694
35
1020
510
896
1102
389
1328
83
2769
926
141
389
386
273
693
495
417
334
480
140
775
1069
53
2289
755
279
1874
481
1376
30
947
1013
1811
170
1165
157
478
1709
951
38
175
327
506
188
447
137
113
304
159
692
1595
419
58
155
367
526
185
384
271
114
573
180
197
102
122
292
616
266
231
2098
66
587
179
59
327
1771
1767
650
253
2485
148
160
375
801
315
511
81
48
1518
344
1670
808
666
428
331
353
367
378
878
372
349
850
248
290
604
1159
130
1155
1019
687
742
125
38
175
402
876
289
773
24
114
2535
728
213
113
1014
497
151
109
494
109
2717
1452
543
197
262
87
155
35
390
102
309
854
1899
1666
496
499
29
2628
810
422
460
391
307
180
177
1896
251
210
1025
523
62
621
766
138
1030
292
2345
336
249
195
29
158
966
83
356
165
243
1163
538
128
420
498
278
149
317
513
145
384
521
246
627
78
1049
429
815
1151
1927
426
79
75
112
782
219
445
1351
169
1337
198
532
131
1219
735
267
673
860
316
157
27
31
74
725
163
152
173
239
582
647
419
770
922
63
342
2315
224
279
819
581
526
1216
49
152
87
718
767
53
368
328
34
445
1708
1155
999
70
107
778
279
206
662
701
498
808
41
313
2338
973
584
111
2361
256
171
1723
262
271
91
717
126
243
65
777
820
383
2680
594
89
144
438
56
477
91
1210
619
377
929
124
2281
276
927
1198
1452
1187
130
317
160
46
261
534
529
421
135
96
1546
131
2051
992
424
166
1269
782
335
490
151
503
2327
52
123
145
523
2164
365
202
829
512
97
683
226
2276
324
956
107
204
741
77
306
991
27
82
301
1717
274
60
123
45
446
755
2756
96
920
2353
423
677
387
605
662
138
251
69
95
796
247
50
393
45
190
204
48
194
402
322
347
493
411
233
63
24
130
1213
292
52
725
193
268
930
404
1262
226
198
1039
201
33
353
313
48
1175
345
214
965
770
272
53
234
441
275
324
182
874
315
149
62
884
681
1836
117
1919
718
185
154
151
1189
506
70
88
828
379
30
269
2200
1190
268
1111
1967
318
460
74
142
2448
26
229
148
1644
534
33
2336
345
307
1633
865
28
328
30
263
502
44
1010
307
598
400
489
94
62
77
308
200
590
292
1723
2076
163
487
317
2065
109
146
69
1380
706
120
222
905
793
342
194
2022
1260
1177
928
448
2150
55
717
709
105
155
723
283
73
270
483
249
543
178
676
95
409
1154
542
212
2258
198
31
692
87
110
1326
534
365
87
791
1627
987
869
47
39
127
803
127
123
503
254
183
34
1028
539
482
2058
311
276
69
144
930
254
181
616
156
165
340
878
239
1380
525
544
763
2276
442
346
858
97
1849
112
535
104
914
2509
1424
2076
230
56
192
566
226
91
236
105
506
204
145
143
458
730
172
702
295
791
301
115
129
225
633
68
72
272
409
38
41
50
456
38
970
273
534
2128
281
683
754
222
784
394
1651
403
361
250
52
49
396
385
42
459
418
449
279
468
1199
130
559
283
290
175
1953
1102
703
115
1186
1116
39
82
1345
104
544
708
35
395
327
122
73
1119
130
267
133
192
1485
432
493
224
125
2130
26
964
350
256
158
82
65
37
416
828
204
246
771
136
257
256
300
89
2479
43
695
110
430
210
298
122
2014
931
292
2295
341
215
972
171
1010
238
26
291
344
912
148
786
164
164
1908
422
39
235
431
1816
155
2409
818
44
253
68
159
1996
570
220
788
1026
2211
1204
345
1013
690
67
69
174
132
111
1036
185
65
261
844
437
94
616
663
382
801
2167
133
76
508
191
177
240
603
176
96
678
311
89
471
541
142
841
80
1149
420
1503
211
1136
1781
395
46
93
127
453
110
1683
813
840
904
197
89
241
413
441
177
223
377
513
103
1778
27
157
664
56
483
145
239
1622
70
1077
60
566
373
2075
44
439
686
666
82
41
80
130
1097
728
174
496
420
61
598
724
1439
210
465
61
2093
232
1570
1241
2213
558
582
49
116
59
84
821
71
781
1038
238
138
1339
2619
404
135
1132
274
248
49
655
39
96
476
694
2511
1180
32
382
913
624
549
96
80
174
358
236
63
163
1408
389
151
132
80
144
513
977
471
188
1475
608
1592
139
168
1367
463
466
100
1009
620
173
864
106
447
291
612
211
406
505
56
214
25
117
767
269
150
1586
442
868
86
285
419
304
58
904
2343
409
198
233
732
2496
447
163
54
26
66
350
26
42
1562
404
717
2057
491
802
93
575
668
230
102
1058
115
1378
196
1438
144
52
386
36
1899
28
1214
552
1838
252
918
512
331
1197
924
122
397
1898
514
34
352
1375
1740
115
1170
846
247
2373
91
944
329
221
751
226
376
99
768
262
41
1103
415
167
152
66
127
284
67
612
662
42
889
70
55
149
212
93
1682
493
274
271
223
680
161
1631
830
247
78
55
361
2462
27
571
1069
2259
500
444
294
323
95
1127
1314
40
418
535
74
505
406
1231
213
560
1129
278
350
671
271
279
266
271
26
862
540
176
242
78
603
216
403
138
99
290
534
245
157
415
654
127
1149
1449
561
55
829
767
1416
2152
291
1816
1577
159
198
169
1716
1143
370
585
221
582
504
109
295
869
78
287
259
602
61
1170
240
637
451
93
85
36
1063
86
135
381
1473
147
656
607
667
149
323
304
127
246
49
109
605
673
1598
549
377
128
335
845
48
412
190
931
351
262
921
750
80
173
46
168
1076
335
1225
250
38
613
96
1383
453
1207
64
27
2293
81
367
498
683
145
98
336
668
73
612
182
262
405
284
162
506
483
103
308
402
795
617
203
213
200
501
892
891
306
491
571
90
417
1163
346
569
386
167
2032
1332
252
634
88
1991
152
55
273
1947
217
1388
823
119
1140
353
40
293
390
207
129
307
49
352
152
37
26
446
348
1194
50
340
33
1518
478
1377
270
612
132
248
52
539
226
370
31
281
671
240
30
172
342
2755
90
105
129
84
667
565
624
118
84
95
830
540
408
2088
158
849
61
701
57
154
599
382
547
1883
1973
603
340
49
2431
709
58
412
1253
961
1018
113
635
94
1209
375
868
2559
94
41
185
226
73
324
327
932
678
556
2240
467
2679
886
820
177
50
269
133
128
1007
942
550
161
841
513
86
425
54
56
139
196
2204
795
915
145
981
576
806
119
602
1763
661
2232
130
54
423
165
1563
143
112
107
73
180
393
557
196
149
77
37
1178
415
259
323
60
741
104
1488
369
914
901
893
1448
241
259
99
93
26
114
316
519
558
194
285
342
208
263
884
329
260
691
256
473
865
1470
1041
199
284
69
320
1914
268
31
39
411
473
162
286
476
295
381
684
348
1094
491
160
918
310
68
1114
557
1140
122
47
167
1582
105
1702
1563
376
459
621
385
40
751
994
1407
626
1258
282
1212
2673
50
474
336
37
939
345
199
490
1985
124
2390
46
371
354
182
783
30
914
32
203
780
109
644
988
251
137
120
268
94
841
136
62
25
228
313
59
1699
437
326
59
565
691
265
751
1490
274
1553
919
1321
221
1003
430
159
289
553
274
144
297
1015
1198
902
2067
75
140
1053
1149
317
70
94
490
624
1173
2450
1036
447
188
876
113
124
90
48
1038
729
114
408
309
55
520
259
1212
240
943
199
502
553
1183
36
438
1623
249
1082
196
360
1548
907
994
472
127
1168
67
231
89
34
704
97
403
610
659
473
527
922
147
193
101
304
162
56
88
244
1344
1021
124
218
95
501
131
73
118
250
99
266
380
590
466
564
242
836
645
1466
63
292
1782
193
727
465
748
708
255
2437
203
345
1208
2507
43
397
511
862
1113
143
57
416
1979
168
310
272
162
946
78
99
686
281
1240
54
481
2481
435
181
37
1308
162
230
404
56
590
1942
335
466
80
69
227
123
483
170
586
659
1048
225
164
83
119
1227
170
419
469
86
94
936
773
175
452
56
196
311
250
49
880
508
895
1206
165
916
186
903
185
243
225
599
198
548
92
443
221
57
99
307
152
854
2721
328
446
1014
417
92
680
79
322
520
455
1598
259
180
86
260
559
216
283
61
165
1559
536
981
417
203
80
41
137
303
391
386
128
344
118
415
555
347
874
801
30
556
145
150
280
843
1030
447
1064
1128
2609
919
927
392
2023
195
148
937
50
557
373
799
84
375
720
778
920
1020
426
43
77
210
422
165
155
2364
1335
843
2698
158
1498
212
958
687
59
2267
1194
496
100
1869
2328
242
683
605
28
233
345
309
1699
408
539
196
848
76
722
559
621
103
37
460
300
2066
414
200
118
30
258
777
574
286
286
73
528
622
875
776
802
907
177
692
748
1425
138
556
38
1119
353
169
352
418
250
826
95
441
172
89
459
375
98
872
106
155
79
130
1874
257
729
807
222
131
218
779
190
1116
143
345
200
111
273
542
804
434
1196
301
375
654
91
1524
445
553
87
51
747
651
975
474
833
308
2530
313
240
203
559
1679
58
175
2408
104
48
303
88
784
101
269
274
241
875
53
462
230
64
601
307
352
824
896
641
627
796
438
474
60
28
1809
156
66
1898
1268
869
282
240
175
233
635
1086
426
780
40
213
414
1390
38
374
2693
823
783
762
963
770
1985
379
295
246
2218
533
1013
892
356
1111
123
856
304
353
60
977
548
56
679
314
169
934
119
52
962
1379
530
1489
405
253
245
149
842
398
200
140
371
376
24
1747
94
1475
895
1658
1265
479
82
978
211
742
240
370
223
233
126
392
645
55
545
156
41
117
47
41
196
1246
46
125
239
1760
57
177
507
662
501
206
203
337
514
308
823
227
42
1246
221
372
223
319
480
78
135
633
398
2431
109
44
418
1951
29
43
1739
2505
55
573
30
34
143
40
528
781
63
1854
724
250
371
469
145
96
516
517
61
310
574
1119
828
1969
72
412
29
315
480
855
657
162
1037
722
549
135
179
68
80
891
67
292
216
2397
217
183
176
126
206
375
1042
1855
158
454
73
137
1381
315
436
367
397
317
115
170
92
218
100
50
1294
699
904
1091
1103
421
794
434
73
158
1582
573
456
836
159
1141
847
79
282
177
300
153
427
52
207
436
1097
214
306
76
511
214
187
2610
1488
232
549
137
68
1680
57
227
250
536
875
102
357
1177
1173
1775
1234
711
463
523
539
853
89
299
2394
681
2298
362
488
170
290
1491
26
47
2661
33
2155
69
259
209
230
162
1376
422
610
195
506
31
147
1386
163
1885
540
782
374
244
1466
513
1610
380
195
590
2278
1535
76
519
740
388
1936
202
2304
309
145
465
464
606
134
740
107
544
791
34
139
98
1427
313
28
145
359
98
281
222
681
201
165
1913
471
446
1253
531
817
134
1661
148
191
31
403
323
207
1107
254
1904
396
53
422
239
845
521
123
132
384
1695
247
318
141
807
28
662
251
400
253
78
1046
455
575
901
431
283
938
2449
63
53
539
59
2082
42
470
88
103
89
472
133
458
1313
2701
190
286
573
296
1664
262
286
324
2153
862
371
383
1339
572
145
77
2665
748
29
1177
2287
741
337
988
150
395
137
100
272
91
702
206
432
364
792
101
147
66
1396
112
42
327
214
435
1062
367
269
926
528
237
749
119
598
481
498
479
101
190
639
1768
38
43
236
169
285
1166
708
285
626
584
120
291
2167
343
62
2154
2184
926
543
380
2440
473
1046
118
1361
1206
1198
162
933
1668
524
2152
1075
315
151
27
190
1036
284
63
2727
49
141
790
519
211
47
1356
30
767
292
88
566
193
28
1406
688
341
54
196
158
169
132
722
1638
1166
1300
722
131
286
388
257
327
145
1073
768
1256
162
754
104
104
696
196
97
659
233
435
48
338
446
130
2630
28
258
533
188
447
841
395
630
423
120
124
324
883
1915
37
469
53
899
587
1194
296
122
106
181
1130
209
148
203
194
489
456
45
1142
203
360
166
456
1346
1742
134
327
625
385
2521
442
179
1919
485
40
183
1154
136
1301
708
418
84
2174
51
908
439
383
920
260
477
1764
1506
145
96
105
217
109
57
411
662
1052
221
535
210
204
553
250
1253
408
778
899
433
1025
432
226
38
43
244
1441
272
716
536
1111
872
384
419
612
381
1585
1375
372
320
419
61
285
1075
409
65
2098
34
102
180
1072
1423
612
574
765
183
2143
381
159
475
930
281
264
388
985
244
342
85
1837
130
1404
219
107
39
149
37
134
1158
1139
150
147
67
315
285
387
753
282
290
42
129
130
560
1237
442
105
298
1492
2030
661
1129
957
332
344
637
461
2183
1270
398
118
275
363
608
1229
356
678
221
547
1091
963
884
930
67
1531
870
104
376
158
188
342
250
169
122
1582
437
738
1210
598
311
387
38
45
429
42
103
730
295
338
687
128
308
910
1234
201
1360
540
80
423
125
1246
60
745
467
408
235
611
708
529
270
694
1387
2367
461
193
1692
1623
161
966
535
137
822
49
144
684
198
79
73
162
25
360
77
217
29
142
30
190
536
419
57
838
695
298
1053
296
248
95
2157
1101
2495
980
484
100
1520
762
357
330
1435
45
300
2584
300
136
253
248
55
452
949
167
333
146
109
103
270
376
116
578
596
287
354
402
95
105
411
43
1306
52
554
413
508
114
167
211
242
311
1064
311
140
29
288
523
1704
56
1771
322
529
2408
367
748
696
274
563
117
444
409
313
196
422
127
250
104
1804
1940
363
340
64
1278
413
496
583
845
141
513
268
117
458
610
2026
71
590
479
31
405
190
741
814
118
304
638
853
218
1157
125
160
795
788
667
403
26
258
162
2544
1113
566
734
802
27
2650
513
599
331
237
653
306
167
114
645
536
298
130
1641
51
979
702
75
718
335
977
909
70
947
202
1297
1181
276
104
108
371
724
947
883
73
141
37
50
409
225
2432
1733
77
776
416
569
95
2728
1641
207
182
242
212
50
202
518
899
411
2180
61
103
1286
464
484
410
775
79
42
2662
548
681
285
2129
622
1092
74
753
170
220
114
282
276
949
2410
663
2388
90
398
868
440
283
53
226
107
436
611
302
746
172
1818
407
308
31
619
766
1333
149
791
151
2635
2196
651
469
83
282
197
957
241
180
158
387
265
146
845
26
285
27
74
1542
257
1665
76
91
118
2140
493
366
268
34
1741
475
356
655
751
946
153
1977
49
1775
2503
379
1809
95
267
136
1529
161
452
115
26
1452
159
769
30
436
408
128
725
66
764
110
146
57
51
1024
279
126
305
175
296
176
58
241
30
195
834
292
1726
676
2436
1136
506
558
400
111
50
31
123
1036
482
245
927
79
292
1060
425
307
458
50
1690
408
660
747
535
53
496
88
217
468
884
408
1501
782
41
376
576
403
2361
167
599
81
1657
2362
442
56
73
299
219
765
1096
642
635
347
76
1199
75
83
2192
55
56
112
238
340
145
268
144
246
974
53
1403
182
373
414
214
210
282
1088
298
387
304
99
991
501
121
138
911
115
1116
604
1332
115
549
218
1940
94
311
846
1580
160
530
227
147
77
205
1586
786
91
977
136
61
876
623
96
104
127
53
195
2380
609
380
1636
55
168
644
179
2371
219
527
1100
1283
1905
1485
384
56
44
167
1099
222
1167
2127
73
1057
1190
318
1462
108
167
113
464
193
98
592
326
445
2119
1120
153
371
96
222
594
2243
73
100
106
274
73
1437
2581
101
139
477
1932
54
1300
165
99
369
624
35
171
151
184
1221
543
425
152
536
875
1569
226
1307
939
162
71
364
666
869
310
292
2281
27
754
821
70
123
132
233
422
864
228
47
663
511
111
182
559
187
51
971
84
160
48
248
336
27
1749
424
119
215
1407
306
1071
649
726
157
30
427
510
405
2035
1426
572
39
654
199
141
311
1176
275
2505
81
305
45
79
136
680
155
867
2623
30
904
268
805
455
565
1303
221
340
123
700
698
95
1072
97
250
394
1188
293
62
285
172
50
929
552
139
373
394
55
1037
639
118
191
237
168
437
532
249
576
357
127
1957
381
430
137
64
691
486
207
538
51
394
205
324
457
2082
1093
349
466
778
278
1466
106
272
507
1071
244
994
402
35
31
340
439
126
29
26
316
619
269
293
911
448
48
384
721
71
1754
345
640
1281
30
1068
320
84
174
48
456
424
1018
1278
398
438
209
95
88
1953
987
69
1026
116
549
46
301
319
860
113
266
48
31
1150
327
810
511
351
650
1491
223
1685
648
2240
173
604
149
52
942
566
383
280
68
65
245
165
690
115
1295
800
1626
523
581
50
1311
167
119
422
126
521
62
456
789
572
123
2163
2372
1390
1313
689
44
490
147
373
54
258
500
154
362
619
274
1271
100
165
133
839
1448
539
454
1564
340
581
938
48
73
889
371
406
61
899
413
107
645
201
33
154
747
294
83
525
429
215
40
1119
873
37
320
256
82
2307
48
1554
122
1477
458
636
177
291
379
123
160
563
1537
280
574
1373
247
594
998
342
221
345
2055
2167
77
2449
53
1035
404
2190
216
103
1809
265
151
1394
29
52
48
182
298
496
489
1864
205
294
2204
242
147
123
181
733
493
402
2584
181
1906
352
60
34
402
104
401
1821
815
1310
468
302
1349
74
981
267
222
61
274
207
29
2436
226
615
135
731
165
174
47
1107
1338
250
1122
97
1880
731
1400
81
69
359
283
85
167
1219
407
145
500
755
696
262
1083
220
217
1465
2316
266
679
548
1021
52
89
179
42
428
265
672
706
529
598
714
1233
134
2219
317
29
943
1173
319
2106
477
40
521
949
148
1195
1182
810
370
1284
270
2363
824
102
37
227
2725
53
300
537
99
760
48
179
53
594
584
2422
122
354
633
1348
167
338
307
1356
1204
648
1186
372
101
96
25
479
744
1098
442
1341
199
1567
69
143
237
137
563
806
50
112
473
802
557
69
257
233
156
120
124
888
435
525
106
36
164
284
1972
799
514
1654
719
99
530
2322
415
400
155
326
366
24
313
865
330
87
86
222
77
340
1304
171
376
437
272
177
186
65
201
1060
94
327
250
1033
1228
1051
1921
997
104
121
1664
583
95
1034
1450
2219
630
132
43
635
142
373
831
93
233
367
40
383
352
456
37
755
1608
1110
882
793
87
844
280
86
48
301
127
1032
33
132
141
295
642
214
1783
701
550
121
126
1501
553
809
848
446
1321
675
698
136
417
892
298
141
29
644
64
360
41
315
1381
2645
131
70
549
858
151
93
169
729
501
2072
1032
123
74
724
99
1018
495
778
208
83
1907
152
453
677
451
486
606
142
218
376
928
305
301
140
734
757
467
123
938
107
58
1058
27
507
489
449
273
101
428
340
1315
593
188
2535
84
1989
170
482
269
1455
193
2430
40
635
663
865
277
693
162
225
213
285
453
103
142
89
272
186
59
582
152
1155
723
93
610
238
2591
1534
49
90
99
41
155
1064
375
236
416
122
216
540
362
157
200
1202
531
240
221
317
394
217
37
94
26
1501
122
176
154
270
430
993
633
1007
99
697
711
496
884
874
208
233
73
121
72
356
835
1195
1745
595
71
268
749
988
86
68
2253
500
364
252
662
447
98
175
62
914
178
205
1010
791
662
1092
98
608
169
1113
44
572
455
683
386
667
730
858
322
37
1246
503
206
135
501
903
735
2505
111
100
199
677
113
752
677
76
146
448
543
132
867
104
376
312
125
182
90
66
379
862
474
303
880
132
1457
144
97
136
221
289
50
51
179
549
93
104
1069
121
246
57
126
722
180
193
808
1711
24
230
891
1369
1351
1273
1546
55
40
960
313
373
254
131
115
2665
248
756
885
1476
531
1150
68
1831
700
397
67
152
76
190
595
149
188
963
225
737
1156
184
326
437
497
426
681
893
323
275
1462
456
128
689
1144
52
424
317
452
495
53
808
334
443
149
165
119
740
81
878
364
284
273
282
809
41
658
605
185
44
454
80
945
326
606
49
62
77
593
2395
38
1315
1171
143
1868
615
747
421
57
789
1172
72
672
1893
825
540
487
273
934
76
467
401
323
848
35
1031
154
564
644
1508
394
121
725
409
32
35
842
2059
259
264
2193
283
2505
144
354
2211
135
2146
350
795
568
30
148
602
100
63
163
169
78
468
354
248
827
341
105
1151
313
522
1705
944
49
310
180
621
212
63
675
754
607
1728
210
811
306
854
1136
218
83
219
638
30
399
302
892
776
352
2271
976
427
774
403
1588
214
680
1007
2069
748
667
954
309
326
203
63
1402
1092
283
147
2277
1965
468
853
512
782
1811
687
27
112
1094
1728
839
1247
1786
450
37
553
24
310
1247
363
1872
256
126
283
438
146
274
547
50
169
766
1329
472
91
30
33
1091
366
1785
64
92
38
768
481
302
1213
638
209
142
65
259
201
128
587
63
637
298
760
728
496
941
546
579
848
39
909
192
119
242
1327
197
241
39
613
508
144
124
188
56
182
244
166
1403
37
635
605
2269
421
64
1351
482
295
92
231
732
273
657
203
288
313
303
562
582
1896
357
866
447
510
657
735
479
555
106
1279
177
75
268
177
170
28
243
427
567
174
66
98
901
101
52
779
1794
52
161
1451
87
340
1879
90
41
417
741
929
40
610
89
326
239
35
75
1176
183
83
296
271
442
971
533
123
522
523
572
912
173
705
234
64
1492
234
133
446
167
201
268
361
188
1188
50
152
1043
794
655
109
254
673
200
161
217
842
131
1205
716
409
495
468
754
255
90
30
37
152
118
1134
28
169
306
94
2526
348
182
358
254
702
375
146
125
1496
867
26
701
543
111
190
46
480
279
32
265
259
1236
359
327
1351
1616
158
33
625
913
736
607
170
43
1279
104
348
302
1532
709
745
695
239
114
868
452
677
45
35
272
1121
67
131
1371
549
731
1638
635
333
41
242
741
841
266
41
915
720
468
778
474
417
226
2044
188
109
46
44
516
480
38
77
147
429
51
686
369
109
366
504
381
1440
182
721
536
830
307
58
146
27
584
277
258
70
650
829
1127
47
790
92
92
392
27
880
161
495
2132
243
1463
2575
245
369
65
93
225
274
80
53
228
708
230
722
653
1919
551
75
518
423
152
580
610
330
564
603
38
1618
247
2157
227
1598
50
151
33
489
351
603
325
151
70
84
625
168
145
249
55
491
854
931
62
676
305
67
55
71
303
57
139
430
37
487
1002
106
769
332
109
136
91
1728
317
696
925
86
325
613
295
884
347
381
406
533
352
1001
184
503
36
590
527
983
885
94
1293
351
186
399
119
119
461
236
327
1930
94
27
374
145
130
249
314
931
415
399
42
80
333
151
226
232
2161
1138
206
326
175
54
1115
1077
554
71
47
1109
375
694
58
39
154
720
2245
88
723
613
1180
607
308
52
687
617
448
424
425
197
1043
77
736
472
563
77
956
726
77
1036
412
729
1802
30
1680
355
367
460
132
990
715
336
156
256
258
401
721
965
86
443
93
443
475
138
108
253
1274
79
153
541
169
768
142
93
1156
193
33
980
167
2083
382
258
38
1291
93
295
1166
358
972
926
2110
874
379
84
780
400
193
254
512
82
59
35
975
488
59
1867
264
725
467
210
492
876
200
145
218
450
51
1112
30
1006
69
172
166
918
202
169
1049
369
260
1051
1809
716
320
269
1094
590
77
53
416
92
79
53
717
368
217
1749
519
839
335
43
108
1556
499
2191
288
255
637
190
1038
684
2509
1129
40
694
220
138
133
170
80
730
59
115
490
393
1589
1028
134
527
35
146
1867
606
165
1243
872
62
693
137
60
68
1210
319
2303
2277
551
121
646
1074
135
926
25
644
624
130
459
241
394
315
129
787
376
782
337
841
101
452
748
772
1149
35
71
62
251
1017
373
525
251
730
605
2013
367
956
176
734
170
864
207
110
611
1882
1538
347
78
42
224
665
242
767
184
50
123
1158
1561
139
601
390
226
292
1026
39
771
384
1721
457
658
378
597
201
1587
257
544
800
587
393
350
385
50
1169
139
1055
580
140
277
358
581
132
145
1921
1284
39
876
179
831
2199
208
710
332
870
1298
1445
967
283
209
2097
147
798
818
231
148
144
879
1604
647
202
58
140
1583
101
81
437
203
1924
429
847
125
432
238
689
102
171
379
595
379
386
122
628
696
1109
342
129
1652
25
523
300
1937
847
829
922
313
888
534
573
1336
40
255
2518
277
290
1144
114
143
59
702
427
58
258
132
187
417
216
133
556
720
381
81
1077
2099
29
226
45
592
86
316
790
320
58
52
164
193
559
277
832
1283
528
327
1404
366
1743
1006
79
422
139
172
680
324
443
372
383
165
1125
329
33
358
239
356
664
176
599
37
115
285
115
227
65
490
47
639
294
568
160
91
169
105
56
360
1981
1677
1223
259
393
256
368
853
172
1762
1338
1904
1453
417
1052
328
485
104
484
248
513
255
562
211
404
77
402
1830
179
677
183
277
235
326
62
102
108
475
377
72
1295
1111
877
396
432
2166
155
40
1129
328
367
667
2691
2543
660
719
82
77
561
1758
124
58
429
695
163
1625
101
129
1328
2184
2000
820
353
208
194
512
232
1551
372
52
1700
819
93
1227
871
207
1895
60
79
1146
177
116
539
67
400
2451
1542
643
69
1046
72
731
2197
950
1638
89
584
764
740
777
101
718
1542
457
352
132
61
1417
167
114
370
703
350
1124
1405
1803
814
259
1485
180
469
435
224
300
237
394
110
125
1095
296
132
232
250
470
26
427
186
79
98
108
370
524
34
41
942
94
1216
2617
488
402
237
244
235
373
340
361
626
78
1568
296
1130
52
472
388
48
1407
44
167
637
532
303
413
759
106
153
210
53
329
866
512
139
158
228
935
405
82
522
220
1194
55
691
628
1739
1031
657
185
1021
184
465
301
245
557
340
876
235
692
173
910
1684
236
362
143
332
193
279
409
716
540
571
404
855
1255
413
450
575
2334
2296
50
926
2356
100
1181
230
312
828
236
1628
536
1007
159
96
72
851
282
68
220
106
85
1070
697
351
100
275
314
1910
123
70
322
61
1199
938
187
796
353
944
284
641
727
348
596
461
281
225
689
2308
1346
339
82
116
2268
375
1490
227
94
294
161
224
876
548
1798
175
606
54
85
37
219
151
1438
1304
416
359
73
544
511
747
475
660
257
38
744
228
359
606
843
169
595
137
97
127
311
140
601
1137
93
2167
54
135
1249
163
217
821
80
111
705
253
244
532
855
466
408
268
126
816
1464
783
155
2537
1211
280
580
656
621
1969
715
636
109
1854
633
987
171
184
504
2285
111
636
493
72
62
1083
2206
377
165
1891
1821
1393
663
873
528
334
630
1173
97
727
396
242
1350
1029
262
269
45
513
618
351
461
151
547
492
178
33
98
81
39
860
526
655
650
111
286
206
439
133
162
455
316
794
2240
179
483
47
2213
90
832
313
60
394
760
888
1131
302
180
281
1595
1297
1665
2161
572
177
1153
198
62
50
416
226
476
274
368
115
272
1440
1969
253
235
364
81
1967
122
614
681
618
783
1353
491
158
948
204
144
822
316
268
546
272
614
1730
1834
43
870
342
1499
30
355
192
1257
1377
265
743
69
79
86
1294
318
813
160
699
699
889
422
58
1843
209
481
1048
361
599
334
626
1138
457
205
40
113
420
941
767
406
1127
146
369
54
213
1076
61
2351
1885
76
1543
833
98
1201
812
406
1635
346
75
793
200
223
696
482
60
269
665
45
47
1241
29
1874
267
342
33
592
97
174
646
166
694
179
129
1919
158
594
1579
32
50
844
793
72
370
110
460
435
840
1335
192
361
355
284
1874
102
121
63
1040
422
280
61
155
242
45
686
584
84
340
350
381
995
58
440
950
172
1290
818
211
1460
424
112
727
282
161
247
90
689
584
445
213
311
1183
1431
176
948
103
481
175
432
77
509
732
165
148
108
447
62
292
1036
652
30
286
86
301
710
566
238
948
333
35
77
231
642
695
83
1127
200
26
417
765
1008
1986
453
60
968
177
236
1883
252
47
762
483
238
1457
488
1234
142
140
1103
134
445
1924
1231
76
58
618
124
151
982
323
34
1466
97
501
310
588
115
139
88
1496
705
394
875
57
1385
1006
1123
81
1348
272
2661
182
116
381
138
491
384
300
68
278
411
91
431
786
639
616
2064
1254
733
504
762
126
608
470
88
96
251
552
300
158
1565
553
38
215
180
1974
1092
533
938
994
224
118
152
219
2143
750
1910
1711
100
193
354
413
342
466
656
184
257
465
61
507
1969
1150
121
277
143
97
802
521
100
523
190
881
225
363
350
25
368
160
138
208
978
715
206
759
291
1355
355
101
761
25
787
46
197
482
214
54
52
53
189
419
58
143
101
848
502
367
270
46
190
573
2603
149
153
2236
356
355
166
455
1194
195
136
204
412
620
916
595
134
270
1095
579
1499
27
897
167
49
360
141
98
473
268
160
27
482
206
188
329
752
442
468
126
609
484
115
160
152
1390
1187
66
1595
536
300
757
57
58
97
117
58
240
125
328
857
222
2148
2654
133
300
637
388
708
2753
70
29
365
1526
944
322
1005
599
1830
801
613
33
560
1371
622
198
227
438
516
1443
742
85
24
168
90
332
49
833
174
1751
373
868
66
406
47
326
288
2684
434
178
257
304
177
377
599
802
487
1056
467
592
834
413
205
215
2248
442
154
86
127
1425
1150
166
415
1305
228
927
303
59
252
210
418
683
1114
67
334
129
311
62
247
305
333
42
33
553
1470
33
2209
245
609
951
821
639
159
302
132
2643
77
693
565
284
671
213
400
108
1079
118
274
498
444
325
63
529
880
64
324
145
453
109
684
125
193
2482
148
681
2249
116
140
35
318
422
2180
323
102
1998
252
124
101
58
236
633
143
98
527
926
146
740
256
870
186
141
48
422
1395
186
1308
861
1918
31
158
45
205
31
324
250
45
59
1046
300
1197
128
55
230
61
476
1358
676
473
535
342
479
600
141
605
1145
2521
91
550
243
227
274
318
1424
55
1235
426
1264
1359
88
533
244
412
369
89
422
97
110
228
431
2614
87
48
45
218
457
587
122
259
332
412
80
521
319
70
203
122
235
52
704
429
128
953
474
2755
611
1383
84
158
162
188
111
473
105
609
171
1324
515
1499
261
105
81
882
135
84
1379
1248
212
67
27
60
252
622
376
199
1898
1270
99
191
547
37
951
1475
238
1038
242
1418
162
85
147
500
149
1866
380
942
396
666
356
238
193
45
673
160
1978
1325
143
741
629
348
1171
403
150
81
120
190
63
292
190
1035
236
57
52
180
1020
477
674
1292
728
2689
77
123
165
336
1347
483
177
60
106
586
124
368
136
440
63
154
573
806
36
150
42
1413
804
291
251
1400
795
590
234
347
873
427
85
548
103
1218
298
986
442
420
163
297
1527
63
1721
1643
84
303
62
1208
157
416
451
1376
297
642
1069
225
554
146
86
93
216
1187
1322
88
400
219
451
914
508
215
129
738
203
370
1842
386
98
351
229
91
615
145
555
230
1095
1017
1031
79
461
437
175
43
1342
1214
537
72
394
1309
221
208
269
258
1086
171
751
959
163
308
162
221
201
43
71
406
563
1009
74
230
1178
517
151
34
313
261
41
198
101
850
796
862
28
1057
62
805
273
33
1188
361
739
291
911
524
312
223
568
334
271
381
132
32
644
275
523
115
1129
1160
102
1198
217
186
256
402
258
364
26
614
272
135
627
877
892
300
354
41
210
287
207
359
1095
107
347
1070
533
325
55
163
218
43
2231
420
629
534
748
58
1212
110
1985
581
223
760
1906
1055
1073
280
989
2468
129
792
235
1994
657
175
396
1208
807
277
339
383
336
449
517
2038
52
184
92
41
99
357
1306
944
438
164
399
73
202
287
149
486
99
241
519
228
962
290
101
401
287
274
553
447
820
167
286
229
1865
33
120
1634
325
434
567
196
235
130
66
1193
255
62
119
1388
182
385
50
582
150
808
651
485
254
360
145
153
34
727
539
260
213
141
707
203
207
148
602
390
426
182
118
979
36
256
265
1204
1139
522
312
86
314
1404
282
544
164
255
691
1646
151
99
2064
330
917
1005
375
417
430
382
214
412
104
228
490
273
354
1744
29
1629
335
360
1314
480
699
196
667
229
85
652
2088
416
146
321
164
78
1142
277
1123
28
532
330
1071
60
181
28
113
666
63
186
507
2131
107
453
1158
308
465
108
322
37
635
356
176
1109
816
2092
108
332
994
1397
768
974
414
36
892
317
514
223
1165
734
287
119
71
1898
657
36
214
115
109
424
1256
983
617
164
956
216
642
268
388
889
921
901
128
484
139
643
84
825
2279
25
401
1050
942
181
44
64
273
270
94
1638
96
290
800
84
124
654
140
914
190
70
1126
616
286
349
1202
606
69
266
255
541
269
559
651
1628
139
887
147
54
851
352
561
232
132
1030
122
601
82
1212
587
121
829
139
422
1879
647
196
1554
36
1220
83
134
286
275
191
223
147
90
26
2536
2270
1167
763
38
2653
94
161
380
118
532
2267
1425
404
1264
126
1393
557
1410
495
694
66
282
175
331
551
842
150
239
369
373
996
151
790
55
499
317
109
34
671
370
295
519
109
221
66
62
1318
1049
243
224
341
63
511
496
60
591
1698
1502
1143
100
31
585
376
650
47
123
555
634
295
53
42
601
321
246
556
218
604
197
2149
658
150
44
2007
2728
114
554
194
347
1729
307
683
820
977
1402
439
61
318
781
58
157
388
1187
1797
327
106
149
539
537
1215
203
150
2688
176
697
384
229
382
49
167
792
997
1234
194
1292
1761
380
365
913
161
409
155
136
282
251
2553
545
287
513
60
986
90
577
582
725
248
347
1107
1039
2247
858
1020
341
2100
236
272
2442
818
596
124
196
1175
34
480
240
148
138
151
130
205
310
196
380
753
845
509
445
118
254
64
1193
473
809
322
789
26
1611
150
49
175
1080
179
956
125
68
1031
712
780
1351
524
746
43
465
662
407
40
103
1043
438
1634
788
619
265
64
39
40
2046
222
332
83
156
257
96
485
816
120
1226
216
175
83
1325
425
52
473
83
473
1264
167
1157
102
311
81
213
352
505
377
170
1034
1061
894
1277
325
187
430
360
828
770
203
364
281
130
84
79
230
810
290
118
283
725
2407
1747
119
340
283
2330
111
144
1651
149
1234
373
158
198
41
521
778
168
579
55
675
2650
558
999
264
538
98
769
915
464
998
404
49
93
628
411
119
1277
985
278
916
443
160
499
670
177
93
1256
262
811
295
64
228
1733
295
55
100
179
413
1715
1474
721
275
122
62
647
681
264
285
201
163
997
60
48
289
1167
208
564
51
172
324
187
943
1316
249
38
640
79
219
37
2420
362
1181
49
195
121
715
169
2449
119
1585
388
150
1377
264
1179
144
750
1292
24
116
124
271
1319
729
197
134
522
756
664
153
2656
2486
183
249
108
427
41
34
2027
706
939
63
435
506
582
358
728
412
370
208
543
459
185
469
1419
696
1401
521
308
274
143
309
109
1355
470
95
400
610
411
189
422
498
35
59
171
365
558
1156
2019
1601
91
135
519
338
60
93
55
648
128
895
365
127
1876
264
803
880
104
72
2618
836
249
206
793
1090
35
1831
481
1971
125
929
362
240
86
1099
928
68
692
327
381
1152
611
346
243
128
736
27
60
287
163
28
165
1696
138
621
556
391
136
1797
184
344
193
2288
42
556
558
241
225
264
55
388
188
225
261
104
914
83
1187
585
2478
1255
2660
902
514
457
198
451
108
75
142
1913
1391
270
303
257
375
177
232
428
55
1701
293
79
166
71
126
190
693
158
485
1934
432
925
1127
1168
73
339
896
1242
62
88
24
96
657
284
101
627
542
160
121
1061
1584
589
1729
1653
1302
903
387
369
170
28
97
355
243
1028
2730
283
262
211
157
1261
121
343
238
869
156
370
217
104
735
86
565
2733
340
25
571
117
84
150
563
61
1556
1539
158
936
460
205
232
130
413
1316
222
409
169
1274
262
220
556
446
198
879
697
277
1360
446
60
161
84
120
65
1448
322
103
267
719
115
151
97
2190
126
703
318
641
522
1289
299
821
154
1537
92
483
165
45
1612
2595
470
337
569
560
36
42
33
454
42
910
403
59
135
610
26
1998
359
801
86
468
966
345
866
116
662
822
779
329
256
31
762
348
79
158
1894
272
202
28
1354
153
245
80
800
37
169
509
221
961
1291
144
406
209
26
580
804
1439
228
1292
612
303
550
237
297
421
1397
534
111
481
887
72
164
275
38
650
366
1771
1762
347
87
767
2281
377
1313
718
546
211
1079
425
2385
81
38
121
754
289
416
1002
2086
1155
87
1091
220
46
497
250
217
390
143
491
1268
541
1809
490
109
1961
1142
634
400
1074
1048
445
490
445
865
301
190
2314
74
605
484
487
393
537
1515
562
72
119
231
127
1012
1487
156
148
265
284
122
405
853
162
240
1131
583
368
144
603
116
50
419
314
681
166
2734
66
81
61
737
235
230
294
978
458
42
149
366
95
1517
172
1159
88
718
530
118
689
427
152
1127
68
151
1221
549
930
158
31
596
1859
158
171
2757
1003
1392
160
66
26
362
131
440
215
1118
232
921
1682
208
81
561
792
300
392
140
634
313
386
679
159
2070
716
312
33
169
873
474
532
151
443
134
443
633
183
335
655
45
638
356
81
176
450
422
236
2487
829
483
317
47
494
85
490
588
405
252
223
332
308
1229
513
589
1049
279
818
152
53
969
580
65
265
606
595
642
256
117
351
113
170
578
1366
93
561
469
778
267
114
323
179
49
1263
356
231
42
35
113
2172
560
388
1089
110
342
1011
521
1466
296
242
2404
565
64
1716
545
93
1271
171
43
1693
452
475
763
686
176
1532
348
68
1451
791
513
2481
248
104
184
135
2543
711
615
226
338
236
408
48
93
701
469
160
1357
805
346
52
169
247
154
332
84
100
140
131
343
2392
392
487
431
1603
608
818
67
227
351
995
629
42
43
683
71
858
1996
1161
291
249
510
146
104
379
701
545
330
338
598
404
1062
66
1698
84
321
45
815
56
2741
168
91
1156
48
369
811
884
1586
242
68
139
192
67
447
287
45
31
34
209
387
216
281
403
499
297
168
894
250
1174
1135
702
127
232
501
386
1474
752
63
153
1040
1074
25
232
539
1994
63
516
134
1716
1615
31
985
329
371
639
310
141
535
1212
305
1843
1353
261
335
48
520
584
48
1991
935
102
239
1509
1105
1644
100
2078
304
754
72
706
1023
602
339
156
1299
78
738
1030
653
73
152
1913
405
288
503
89
1091
179
917
64
443
646
108
316
122
502
332
291
525
967
307
660
127
1219
66
1094
761
54
49
180
354
315
345
328
38
211
272
82
208
124
182
42
118
1032
595
85
274
128
933
96
225
518
1921
132
479
336
106
482
674
937
707
608
236
724
821
291
50
784
68
253
1018
817
67
2145
345
366
914
201
484
2031
358
619
535
910
258
610
316
552
95
389
1368
380
85
336
1224
418
51
279
674
2446
114
38
898
1747
39
991
882
514
1104
38
204
781
232
84
508
152
93
512
374
130
218
1261
2049
1270
950
101
329
785
65
106
225
37
896
1139
436
124
485
479
226
67
27
550
500
305
228
837
1894
706
972
861
153
35
378
171
864
68
208
1057
141
207
342
235
401
1676
431
61
66
48
489
561
74
151
1535
98
58
30
79
811
894
118
2520
940
219
130
300
173
154
1383
93
465
137
388
418
174
498
88
177
154
92
89
102
496
182
126
112
174
106
347
137
79
2201
763
2335
157
100
445
47
465
1638
49
822
39
439
314
655
554
196
248
584
182
139
665
192
973
120
256
950
729
1760
2585
279
625
172
38
778
57
72
58
164
79
254
362
681
369
621
682
84
158
178
41
659
514
35
1847
126
157
1631
646
239
562
733
255
104
590
1850
865
489
615
686
55
341
755
474
2519
243
537
394
94
123
341
85
93
1196
334
1069
200
157
870
262
313
317
236
521
1557
480
204
43
105
786
90
66
1872
1736
2675
568
589
458
836
802
130
432
429
890
251
171
560
214
119
88
493
515
198
176
586
70
289
155
99
497
213
175
265
303
101
658
845
485
42
345
1684
795
581
39
162
269
126
2148
37
195
40
79
34
449
2487
202
200
717
111
1534
1239
280
315
106
237
827
128
355
623
188
295
704
544
180
587
152
279
622
303
528
1662
46
548
103
712
577
133
41
114
492
1368
595
46
538
70
251
874
163
277
44
884
1607
1206
281
1200
1175
717
292
27
1350
132
2542
182
297
132
372
320
269
380
147
217
1619
477
366
128
1481
719
359
1814
357
343
1161
114
63
433
979
89
464
2625
542
299
423
1615
1090
59
245
429
122
2297
363
32
71
698
95
42
564
139
370
299
261
83
1919
727
1006
56
2254
228
1395
63
940
909
176
26
691
750
241
1238
266
396
409
1057
443
76
149
608
1504
473
349
381
413
589
132
320
309
993
493
1265
146
55
304
835
497
1442
301
700
452
134
2576
2427
335
533
478
144
143
150
304
1247
382
393
271
46
322
126
338
568
215
699
1028
59
36
359
314
30
251
981
332
244
853
243
390
234
146
814
134
338
295
578
787
107
95
597
182
171
1325
104
386
581
2295
123
716
1265
2356
441
619
743
986
87
162
102
118
1030
29
122
1152
325
65
286
606
309
559
728
1556
78
129
234
518
172
121
1939
75
426
349
159
40
372
264
390
472
199
1035
1048
1196
235
2009
158
138
409
144
328
382
299
701
264
354
108
335
58
129
63
103
274
304
252
45
266
241
42
1106
291
178
197
227
435
668
1259
230
301
1977
1098
1243
369
73
351
33
230
165
905
500
1020
432
664
57
318
44
684
192
41
297
196
1721
282
519
459
296
243
53
271
472
1332
32
197
168
648
1182
34
48
949
65
42
112
39
1199
1197
345
96
1070
977
251
452
77
188
922
355
909
187
66
372
582
1186
2158
322
54
712
2077
1309
892
1658
136
347
247
2121
423
112
768
1926
818
901
541
52
1241
1701
302
1847
875
633
257
2000
834
172
913
209
747
159
136
709
2114
177
760
510
650
2198
36
44
330
472
901
442
1091
486
440
2508
466
328
1602
1493
384
1569
938
1989
528
1290
1278
120
199
127
855
112
42
557
223
464
569
333
428
585
291
875
54
667
1623
474
428
1361
44
633
364
148
628
573
375
50
126
107
626
91
149
590
243
250
151
248
651
152
31
470
1252
391
221
137
386
660
376
437
433
344
454
652
824
1625
2699
1126
411
366
591
413
113
219
369
406
621
318
1404
950
563
619
423
240
50
390
144
1505
242
284
486
191
855
135
650
25
384
35
392
873
195
1087
38
107
112
571
36
511
101
257
36
1494
610
539
668
61
63
405
1869
46
429
124
491
199
143
609
56
407
149
74
752
1078
138
364
720
372
511
42
143
920
395
311
594
187
136
93
500
127
466
1627
546
177
1950
1372
166
220
1367
169
398
27
372
405
1097
70
494
184
342
643
378
26
65
931
30
778
597
1472
510
83
232
37
306
1274
107
242
593
991
182
130
937
505
417
764
276
379
1126
650
1816
385
45
931
92
2332
398
337
171
34
711
53
112
874
696
185
381
761
229
269
2474
492
656
1396
845
2125
76
596
193
77
36
27
371
395
499
1377
259
217
171
83
275
485
671
544
620
326
499
870
747
432
1314
127
884
285
264
716
327
1067
206
1971
50
1603
110
222
116
255
507
155
34
554
342
209
83
203
593
51
307
586
339
589
2313
253
65
2108
1233
70
445
2643
944
645
360
409
112
335
107
80
153
145
2507
60
907
446
281
115
211
2646
235
259
498
527
450
538
280
161
768
243
461
52
58
451
998
1452
2273
473
65
308
1137
297
286
1483
219
90
522
351
430
866
1916
51
554
290
1249
39
1258
44
929
81
1057
59
41
721
224
722
801
372
98
493
315
36
210
1336
384
2065
594
153
198
397
290
60
101
509
60
664
1698
62
1007
681
532
166
1888
818
833
173
505
821
62
525
1669
246
1707
31
2652
52
118
348
651
126
1311
742
211
42
778
238
689
1772
317
525
278
642
499
307
46
297
734
262
307
177
121
385
388
137
125
176
1552
231
2458
165
86
437
502
26
134
2229
247
353
205
782
241
1025
610
90
369
97
81
315
1074
552
134
201
25
252
73
1212
1377
51
1353
650
808
2573
221
795
1342
552
40
92
41
1660
692
313
717
172
529
572
213
407
336
823
508
102
486
169
317
744
306
419
315
64
31
902
80
483
786
434
365
305
291
763
96
1216
174
50
575
312
486
283
767
466
76
403
112
330
754
233
846
123
234
536
1941
558
80
30
413
186
39
819
1012
55
528
70
115
59
126
484
187
388
27
48
175
167
365
106
2377
1405
319
83
595
483
767
542
142
83
169
128
1483
244
325
550
353
660
1657
151
785
182
178
183
728
1005
148
159
887
695
253
142
56
128
279
177
276
124
555
266
2338
105
250
100
235
535
232
77
439
404
755
2202
384
185
691
298
239
601
756
336
123
37
578
130
184
625
1598
127
722
404
444
1278
1298
278
283
1788
273
321
118
288
1261
665
96
910
172
183
456
173
737
107
696
1135
247
238
265
272
164
154
574
74
2231
52
305
703
323
777
254
1790
36
36
210
398
474
1253
1816
146
1262
826
252
749
1039
645
65
344
32
49
677
2580
468
718
351
65
689
443
2575
315
443
102
99
52
975
409
591
155
380
335
61
82
291
2121
201
1001
516
578
243
300
146
114
174
190
35
72
57
229
150
583
292
184
367
302
2472
108
260
871
80
169
35
611
192
249
1814
52
136
71
438
100
532
156
621
30
2678
1504
303
186
170
938
54
57
582
87
618
694
652
484
141
1302
356
375
488
2248
837
586
220
113
1632
510
820
77
103
570
1064
431
196
254
335
212
344
69
669
46
542
198
218
147
188
529
1190
491
187
2564
83
399
211
2099
148
235
90
87
867
480
575
822
653
446
31
773
305
104
70
192
589
1002
408
981
1366
286
168
683
205
2599
827
1638
525
1378
1108
179
376
172
401
801
201
1103
212
134
449
143
165
355
656
263
1233
393
177
591
384
515
367
1323
157
307
38
1028
1265
580
942
176
83
2192
405
289
91
117
1428
159
732
425
460
106
364
364
200
71
148
758
846
1345
180
601
361
97
1434
617
95
153
198
504
179
444
158
31
433
452
245
263
1157
70
459
2633
137
101
156
343
1667
62
129
323
526
33
25
421
314
1538
998
498
84
570
613
702
323
32
471
457
111
106
358
288
284
112
43
159
216
746
425
408
558
1063
59
130
599
340
126
898
362
339
222
426
556
86
278
169
438
225
413
1557
154
1235
211
356
1332
949
934
179
1185
366
704
306
497
57
1369
101
130
137
50
1301
115
994
121
329
143
73
213
490
277
118
94
202
552
42
436
364
2431
519
2152
431
959
203
774
414
766
35
64
152
135
232
86
1999
129
169
102
388
166
935
602
1489
950
343
306
149
158
178
418
30
430
790
1028
40
229
89
118
97
191
1121
1033
50
70
892
826
129
247
292
852
196
1656
749
106
356
268
1190
1105
713
27
299
27
324
628
244
83
2639
2247
590
462
593
192
723
265
555
75
116
320
1517
771
102
251
129
354
456
254
624
684
1303
600
2459
1042
1422
182
634
415
317
1218
245
204
226
2296
471
952
2003
283
83
1894
126
299
49
268
119
658
206
668
309
117
82
164
596
265
67
71
175
204
487
460
252
96
53
1262
199
54
850
164
553
75
573
2600
636
144
220
29
735
664
475
676
59
474
166
74
1253
2074
222
377
34
658
713
117
298
1378
174
544
484
872
297
217
194
104
87
318
997
143
82
203
606
367
415
487
233
28
328
184
1150
280
1374
237
105
311
187
86
270
253
111
178
1035
26
767
814
1344
265
1081
178
2613
225
356
1214
677
136
1233
955
840
555
366
1601
287
121
869
1228
322
33
627
637
493
50
2385
185
79
107
540
497
275
107
754
691
75
892
73
113
2144
238
2581
126
367
81
609
498
439
1201
219
212
138
53
107
278
197
85
84
237
268
1877
1254
1413
968
420
170
1928
45
848
595
781
203
744
1017
1069
370
229
942
173
256
806
499
161
204
937
72
89
430
1126
908
46
928
1532
195
246
2441
792
90
336
158
1444
112
584
1270
556
2625
118
230
995
1780
927
202
406
119
430
78
302
333
184
292
63
767
68
183
97
70
74
479
137
718
1800
410
44
335
161
147
32
902
383
262
143
239
675
49
132
32
121
699
38
31
663
706
2149
367
153
73
1160
177
1530
2427
265
311
169
208
502
2567
553
158
204
518
158
115
269
1487
748
1136
63
616
956
664
508
354
55
114
247
914
393
31
822
163
177
1366
310
48
512
75
128
160
379
224
590
159
539
703
546
164
1105
637
31
252
70
158
281
778
456
37
53
2584
230
223
129
118
730
241
284
218
115
1903
458
507
1155
457
571
1649
296
138
341
263
1299
538
38
117
116
2628
75
1005
812
56
237
97
259
53
370
476
650
644
829
296
382
947
71
144
107
2056
432
991
296
365
211
924
1202
60
1166
560
207
55
1753
509
1257
465
2676
638
2469
157
40
868
176
793
961
255
512
54
174
92
35
201
902
1621
461
671
103
54
969
310
578
387
86
365
1292
499
2016
1786
853
89
1468
94
39
28
232
216
530
587
41
152
326
165
58
453
925
1015
462
1472
878
325
1450
115
703
391
935
58
1319
103
471
226
495
445
584
119
180
77
873
591
149
139
565
262
255
108
476
1792
151
683
360
120
422
2141
51
525
317
117
742
916
113
293
358
402
640
230
1708
821
1397
828
130
111
248
276
132
237
86
503
871
271
313
122
95
1418
189
524
38
89
66
175
249
464
609
1360
1592
314
302
2052
59
45
123
238
1356
103
149
78
1103
132
232
92
695
2443
1484
659
244
1068
122
204
1293
99
279
782
98
579
166
76
114
172
297
1421
642
201
841
578
742
233
1296
1988
109
1031
430
1837
826
395
87
41
521
806
37
98
499
996
1360
427
1010
393
377
58
158
147
637
581
1026
1586
223
817
1614
62
166
25
738
662
158
117
458
334
407
81
53
416
472
95
55
284
571
555
312
1578
71
536
1228
1145
173
125
576
395
1174
501
1499
949
117
307
149
113
192
1227
1830
109
594
45
55
1444
157
236
416
183
737
221
1154
150
345
231
295
74
37
38
813
2046
43
370
29
240
46
650
254
736
1029
1456
625
1814
633
147
229
1570
297
41
362
704
1599
114
1400
39
220
154
521
1759
2371
1268
804
596
577
232
76
814
840
1248
699
86
167
571
444
57
1065
261
114
202
88
824
419
154
102
281
1581
48
38
463
927
709
798
218
677
117
104
417
1417
2104
118
405
1723
1119
42
383
763
492
349
1381
393
86
52
595
1943
1608
168
624
155
1233
453
186
48
205
510
55
116
163
287
168
227
412
1816
2587
170
694
224
126
1053
1284
363
860
1225
70
441
280
882
159
471
53
1176
400
39
25
91
54
173
80
328
1145
97
273
339
63
456
712
234
904
46
341
1761
943
133
307
674
267
512
109
2704
308
469
161
42
315
1085
2604
1113
386
364
833
342
208
723
1055
56
68
342
474
57
1113
61
49
1962
429
78
332
127
126
628
1304
249
992
593
33
156
315
62
465
26
94
43
244
94
211
786
129
229
37
473
2660
1099
283
112
575
519
155
1103
1250
457
687
57
174
385
809
966
1056
274
413
468
34
284
810
416
319
214
2001
166
213
216
49
79
907
99
45
191
553
258
75
606
703
692
973
558
296
684
2265
714
193
105
465
413
113
414
641
332
353
178
885
633
321
77
121
358
2470
574
534
578
278
1835
208
440
396
1323
149
31
331
566
197
1479
27
321
725
2559
499
2078
225
589
199
424
328
920
465
88
643
299
520
2012
190
576
53
348
2453
87
375
57
127
156
365
1934
318
55
201
307
51
135
37
1598
105
147
154
497
36
384
594
564
1558
1256
315
371
172
75
344
93
246
254
1823
184
621
1577
1087
112
363
140
620
31
708
392
101
95
1174
188
94
150
762
2615
205
68
110
798
251
1297
2671
296
98
1540
1396
74
94
203
568
68
393
816
1706
817
217
338
376
70
99
159
125
1137
1533
906
585
270
233
389
378
181
1105
123
1257
477
594
496
691
291
74
618
1248
554
2055
188
830
579
983
46
927
57
561
113
255
260
74
256
1455
682
75
83
438
200
725
1011
80
175
450
39
901
87
504
178
339
235
640
202
578
302
212
191
1526
250
96
957
270
58
501
445
44
1518
1970
234
81
169
71
2621
48
1235
500
116
328
154
104
105
826
182
46
1034
243
1507
62
183
217
1025
106
697
1000
26
1416
2767
510
361
75
2358
666
210
530
1186
586
193
133
827
87
60
1762
237
223
478
101
91
225
485
49
500
1707
351
94
26
129
203
185
147
53
166
884
257
348
78
474
2673
383
131
253
165
1117
696
160
841
650
910
509
235
321
562
517
222
549
985
58
330
911
131
742
172
183
70
214
568
663
63
365
407
2637
496
45
112
239
414
67
241
1388
1197
201
95
366
290
476
97
290
451
205
514
1680
182
163
627
237
1227
2601
260
52
570
2319
41
859
870
1230
181
309
292
1049
395
35
355
246
169
485
273
492
554
721
91
446
275
327
1047
92
328
404
574
132
1832
170
389
494
418
462
320
472
103
752
2397
516
504
1012
468
1071
306
460
109
1190
174
55
84
873
342
503
316
455
255
450
464
1172
465
440
276
97
119
891
239
38
491
715
165
630
983
737
115
310
273
279
584
1230
251
41
1574
80
73
317
513
28
1163
844
208
1149
814
758
323
703
188
945
75
1091
535
264
186
727
2125
287
107
100
414
399
30
145
194
802
181
235
405
1212
215
509
1177
433
59
343
78
113
698
382
55
192
164
1447
123
556
519
88
2180
627
1570
146
1559
49
409
471
238
147
997
377
163
1601
540
1239
373
206
244
564
875
622
583
485
32
450
2039
82
436
242
554
276
546
223
215
523
184
2688
345
368
162
772
109
362
1238
360
222
234
1628
185
645
512
325
69
1676
162
843
27
113
994
2536
947
486
574
366
869
130
1437
330
91
1256
499
53
281
35
49
594
669
1806
217
255
477
389
829
1447
690
505
384
178
180
205
373
334
920
47
588
330
45
203
26
553
864
504
1009
25
1156
28
166
265
618
61
920
294
525
966
2492
550
383
266
626
212
1208
172
116
462
1916
1082
176
2234
186
94
822
617
78
1249
551
156
1617
137
1482
702
729
73
432
83
2702
110
314
550
569
653
155
939
802
40
513
432
40
1497
715
611
243
139
108
1793
208
349
295
288
568
681
820
1231
99
1529
162
637
1356
1256
2529
921
405
435
61
71
216
381
446
1230
213
1049
519
25
168
1705
208
63
305
100
112
1177
392
610
489
962
340
526
874
280
744
692
155
320
199
2747
96
496
947
1408
28
580
346
322
87
289
873
189
579
798
547
46
89
354
111
314
907
103
970
44
145
814
872
442
171
312
1228
149
648
210
1792
735
215
660
230
753
113
422
564
1335
508
637
114
362
100
759
2330
896
1738
915
232
601
2601
1351
819
181
1268
50
246
453
272
748
215
260
274
26
399
84
250
463
1664
55
568
1261
650
257
35
888
91
284
1163
1796
224
454
314
304
169
192
228
221
58
1129
406
414
1583
426
412
972
893
40
61
1033
785
213
652
859
85
176
192
156
238
396
383
177
291
117
985
1027
184
127
167
976
340
51
325
402
436
923
166
637
287
283
418
537
1230
190
511
687
1850
51
1538
86
1713
270
2476
106
179
334
73
120
903
2665
356
453
1460
187
1035
2109
1209
171
164
1432
924
2257
547
1988
180
90
1112
531
53
150
270
692
1260
444
1822
227
54
1045
295
323
856
542
298
1318
287
391
817
408
35
1388
620
565
27
452
317
1460
196
152
38
328
1336
2349
568
88
101
686
132
439
1317
705
465
110
142
146
175
724
552
1340
89
23
55
1084
276
602
1360
886
53
29
2434
314
237
124
650
625
2102
234
419
51
73
87
100
188
890
721
890
472
444
1819
202
520
322
2237
465
53
745
541
47
252
628
1535
687
993
241
2319
672
331
397
37
495
647
1168
283
49
65
585
1290
155
343
1272
382
786
405
582
1434
898
331
166
258
50
33
131
655
499
545
398
1526
357
1988
70
1760
1163
388
692
1498
1307
412
1113
196
92
235
1287
177
736
745
236
602
704
315
517
1609
279
797
687
827
163
236
84
26
76
631
49
334
1446
363
81
401
1084
187
1985
66
1129
70
1126
476
373
440
62
1792
37
280
112
186
259
786
26
431
1315
35
681
129
48
540
71
328
120
148
670
479
2679
1214
2264
737
698
887
1516
182
640
106
998
153
266
1760
1028
130
485
222
732
1824
38
185
285
785
431
70
100
185
51
30
82
1086
570
49
313
302
64
373
283
606
160
343
1851
84
193
263
773
663
2077
91
164
1708
33
322
931
351
26
1180
264
935
175
212
1731
981
363
726
642
212
659
1381
843
241
67
1506
69
554
857
1617
743
909
198
164
128
277
432
1051
1768
56
344
265
809
618
2381
490
502
200
1093
90
2177
215
317
558
787
2070
858
121
117
266
179
1364
832
191
116
414
991
639
221
490
348
527
1517
208
158
226
591
1287
417
1180
282
305
724
263
49
760
238
921
52
954
448
165
1790
357
870
520
62
601
42
207
2211
1379
423
350
904
80
406
34
609
303
72
711
877
95
1083
117
489
363
42
611
638
154
343
393
186
1453
139
135
1481
251
550
2550
98
79
1347
515
255
101
166
642
1073
269
564
366
971
761
2130
278
128
788
937
260
223
2165
216
183
1821
1010
161
169
110
53
364
212
821
212
189
705
582
1240
82
91
279
102
996
263
146
129
730
670
228
705
615
48
825
208
418
1290
83
305
89
1586
69
29
419
204
150
446
315
725
219
1120
646
91
221
800
516
162
40
230
177
230
1250
717
1022
105
476
1130
132
92
391
1421
458
112
777
1158
133
36
383
110
229
1836
241
117
83
57
287
2217
389
549
204
785
743
744
313
174
276
258
88
567
992
1312
264
281
292
208
315
525
132
204
176
1116
179
432
580
68
222
1523
679
81
731
388
121
650
132
2521
108
980
1277
110
704
316
213
548
552
220
2177
219
530
525
372
689
98
866
327
156
2429
2178
2613
207
627
398
970
107
26
478
56
78
49
1427
511
1644
1531
917
995
1225
215
94
359
1004
1176
268
895
381
183
146
205
1349
59
755
807
216
371
185
233
406
116
1088
260
547
143
54
995
2373
325
550
233
441
45
234
387
1179
374
362
621
66
484
407
214
265
1981
2259
365
621
928
1365
87
520
487
1410
127
1329
308
590
223
1520
2248
157
44
259
149
328
443
996
268
262
237
2284
2330
46
207
1425
473
284
969
1100
316
590
667
1285
1308
136
1774
220
60
1096
637
435
201
1892
1865
1093
269
617
589
549
122
790
392
1267
866
527
635
344
1497
30
522
665
327
1010
741
2302
573
850
560
191
1371
336
124
291
35
533
193
1887
984
2407
45
192
995
510
342
403
252
75
2293
888
26
71
136
46
164
363
483
55
1410
148
663
591
62
476
639
142
415
934
186
1141
41
327
52
156
875
691
726
75
1127
50
479
2147
37
756
322
334
186
404
365
369
352
122
1280
703
573
2212
134
387
454
54
1010
1202
297
42
42
32
1667
58
962
992
95
159
286
531
654
441
237
260
652
887
641
620
40
2244
1108
348
206
1008
957
910
115
484
673
738
574
76
857
1790
1462
376
298
284
1806
320
177
73
1911
1382
96
167
57
377
1136
506
212
103
894
148
241
388
948
256
502
1212
210
169
1717
483
155
130
353
173
278
2234
662
177
224
102
278
246
131
199
433
79
202
52
841
2733
199
489
84
209
1415
72
134
759
74
219
338
781
550
432
33
145
158
2350
55
542
576
320
231
377
530
279
1589
1268
56
883
104
267
44
362
754
214
136
360
455
661
67
407
313
206
716
831
2517
1116
204
385
276
32
39
427
223
1197
292
104
546
364
342
1098
539
451
233
99
721
1458
444
260
249
1466
165
644
1194
62
246
945
2491
59
771
358
452
439
237
1410
1196
123
299
169
860
36
1853
847
230
823
48
1285
34
314
746
249
1064
141
1040
395
431
818
224
123
563
207
150
536
81
326
2132
211
166
1501
25
1934
211
991
253
132
698
2095
1002
1723
491
207
1325
1281
57
296
647
1065
194
2427
399
157
946
826
148
371
555
166
239
2187
780
168
436
482
219
147
69
54
177
168
26
331
174
1602
949
140
618
439
242
110
1128
314
39
517
621
517
404
2269
796
799
821
473
546
48
694
55
197
336
226
197
529
1322
94
1008
725
156
70
42
59
87
1477
54
193
263
147
365
854
378
104
901
729
258
357
768
384
1042
95
599
44
379
114
2216
1231
254
132
535
620
187
662
1221
2002
121
156
1996
65
214
352
200
57
112
1083
257
799
240
144
134
157
51
283
207
55
384
378
485
654
855
316
697
38
355
497
311
77
315
238
46
1182
81
1990
415
77
223
40
660
1467
1163
157
270
98
196
361
465
538
60
113
1920
63
698
558
374
694
489
245
1323
68
247
131
1667
237
312
1110
137
106
1106
1210
987
1865
330
170
78
33
195
928
134
268
537
134
137
1831
303
354
393
82
1274
587
512
287
867
301
122
333
65
667
78
640
187
450
216
46
968
255
78
557
116
76
543
290
34
391
1613
93
406
76
161
947
209
425
950
744
50
965
186
262
195
351
54
198
2279
115
469
532
375
133
631
37
327
196
255
2012
1076
99
939
707
258
658
332
173
270
638
117
651
823
878
913
54
900
237
61
534
178
876
38
146
1766
33
1997
481
508
163
361
418
338
326
260
751
787
546
420
222
48
259
181
1692
1789
2564
233
790
514
786
618
270
58
456
217
533
109
107
169
1539
536
1337
611
768
955
293
330
2194
30
142
163
563
785
1125
1266
1633
56
1521
543
521
53
1335
1012
409
298
475
55
322
762
90
2672
120
987
272
961
68
63
1029
226
451
32
848
377
1039
101
1446
464
1110
318
48
39
84
145
102
460
75
565
1395
511
1962
1314
1035
28
209
538
333
300
68
141
1148
589
110
690
1252
267
158
41
142
154
758
50
1658
535
67
180
31
319
192
506
75
100
49
515
85
184
206
1372
282
531
432
600
387
2206
60
1447
57
702
27
1149
1546
627
505
103
699
718
1388
302
106
140
31
158
234
68
1336
375
316
432
315
996
840
2402
519
83
1460
1090
46
2049
337
144
958
409
227
711
86
956
488
473
707
813
41
164
54
340
1273
443
70
161
57
150
28
740
89
242
140
239
275
306
163
848
343
94
2307
246
379
408
101
258
446
244
678
2163
381
911
657
490
48
733
313
117
61
422
905
58
231
1079
207
478
303
282
239
201
295
44
93
1299
216
82
2029
2233
1508
740
210
569
978
58
865
370
508
262
118
63
138
912
93
590
86
1201
158
606
593
330
655
187
92
665
512
154
355
2045
1150
1885
306
150
785
69
339
497
1108
157
661
69
187
858
194
2135
558
275
757
706
199
367
192
1612
55
153
1175
814
361
58
237
381
27
303
120
139
1066
268
935
83
496
386
58
752
282
238
261
261
160
460
283
451
212
85
213
294
895
720
646
356
125
470
380
299
907
645
38
243
236
50
450
551
584
1088
360
385
990
112
1341
349
1121
30
128
376
53
223
432
187
1978
150
428
68
158
312
451
1982
353
39
476
87
110
240
257
1066
214
536
499
688
1088
101
439
66
457
341
1718
56
902
896
211
937
2536
184
498
399
1095
79
64
743
33
156
329
41
1397
293
2026
638
317
574
97
589
1342
588
1168
284
303
94
90
337
1522
75
395
523
223
857
78
138
215
1548
379
1440
54
99
1453
603
122
719
122
242
1258
235
608
159
108
459
74
1433
277
314
498
347
59
433
53
1792
465
94
79
2507
287
207
183
272
49
829
580
170
1527
193
2612
703
167
122
460
1076
270
512
365
60
2742
244
742
122
854
246
282
629
160
216
263
51
368
338
1079
621
2075
181
900
270
134
540
521
236
122
305
98
949
490
48
506
328
659
1780
1258
1756
57
555
1869
1901
129
512
214
552
1156
443
446
1158
81
621
312
142
64
293
49
681
812
2578
375
299
276
751
476
122
1869
161
377
83
456
192
669
155
794
28
137
549
1187
93
257
58
293
210
199
587
869
1079
141
202
249
142
661
211
229
1390
63
149
28
77
262
782
499
193
38
273
366
650
390
41
113
735
518
1318
1140
492
53
34
510
926
572
263
37
27
357
923
238
36
311
886
101
309
306
135
190
259
579
115
343
273
317
453
529
206
1019
89
1478
291
715
255
606
1632
144
1340
372
640
72
321
432
279
37
959
157
130
475
596
243
133
250
1664
196
454
1537
1331
53
73
192
132
90
1350
97
145
342
241
644
588
1009
243
1110
752
650
366
226
905
70
911
24
604
262
32
267
1931
56
1531
1416
215
772
104
319
365
1017
44
376
312
167
168
1148
436
590
662
2656
57
285
623
283
187
346
286
128
155
1064
452
633
204
119
52
137
325
622
106
542
678
1568
748
1165
657
465
78
494
106
830
370
508
282
516
144
2260
1558
293
30
159
861
826
809
93
2534
526
277
1271
216
258
80
480
1558
270
54
1058
363
41
471
47
1576
2029
287
491
251
269
1938
131
851
2649
713
116
129
579
91
530
69
470
193
753
541
221
366
294
35
242
1248
1608
740
237
727
53
251
64
58
425
2061
406
81
447
441
770
644
247
406
838
433
1726
730
31
2232
504
874
650
209
239
36
259
228
236
544
802
1651
2170
1344
332
441
135
508
586
849
1468
139
97
2683
510
511
95
750
72
209
75
331
325
2019
884
116
780
313
104
216
117
258
70
427
98
1433
125
181
137
1185
335
194
973
565
229
81
442
827
1309
506
1115
579
57
213
309
664
130
1475
373
267
442
233
278
485
140
284
139
389
675
431
1014
31
34
2725
1253
189
194
1998
137
785
278
214
1127
537
1067
43
1536
1005
24
313
1582
1123
394
52
192
48
272
447
809
36
784
305
839
544
1152
218
152
549
1228
1034
721
974
1042
787
919
149
1211
493
785
231
81
1002
211
467
2448
152
352
121
316
270
553
293
53
170
1057
441
296
993
178
278
759
276
214
74
275
151
222
500
122
801
80
1323
277
553
395
871
333
344
93
1015
161
523
1595
2631
62
1085
74
369
798
232
69
60
396
73
37
495
1031
134
635
272
184
1238
90
712
892
115
119
1456
67
29
219
190
111
1712
457
75
440
123
89
658
64
1334
115
1098
226
346
210
1710
105
628
133
597
496
581
117
167
64
2124
105
149
920
55
344
1686
154
39
2122
357
155
324
1580
351
2202
344
744
666
230
461
381
978
50
762
62
186
46
31
469
901
473
91
148
2660
1296
53
116
78
255
107
140
2712
79
1016
54
243
1925
42
317
214
135
113
1087
574
362
142
1034
168
1185
34
136
205
128
733
428
1498
355
239
138
387
1593
92
2284
350
97
465
354
918
503
343
234
692
1192
193
1314
74
418
28
1212
1550
107
182
60
251
209
619
62
202
207
650
222
213
1275
228
798
608
72
49
108
797
138
71
99
36
102
1336
239
184
223
1133
811
2492
387
792
202
622
67
87
1076
1011
77
98
811
565
810
184
1978
442
348
50
407
308
221
601
80
728
56
612
227
145
1828
418
212
1317
291
1020
99
525
122
219
1305
839
121
2586
492
509
184
768
62
243
746
222
587
112
2465
2128
171
163
425
72
96
712
322
821
1672
237
169
180
486
42
1605
1568
557
598
162
144
667
2577
462
2299
32
228
62
479
522
405
485
444
56
335
26
347
125
87
464
392
51
737
1652
1081
283
204
962
544
64
372
482
1998
742
669
344
378
849
175
1995
123
1482
251
875
662
833
42
271
36
338
34
553
184
886
868
388
2337
275
154
261
133
473
736
469
27
1447
595
1200
421
1402
303
1164
653
473
681
90
426
374
2116
1334
382
727
403
139
560
381
111
718
1235
469
728
67
619
1154
1017
433
306
470
1380
410
391
297
116
1387
157
394
138
57
154
142
295
799
1219
452
199
400
340
227
606
368
25
367
252
301
251
456
653
1011
268
1024
344
970
389
422
757
533
355
176
339
653
129
1648
441
171
653
129
477
453
611
381
1603
233
284
239
319
1774
35
241
1528
128
429
1742
582
857
2307
58
855
2210
56
266
1609
1179
164
1032
228
388
570
526
161
173
615
394
723
40
578
128
1227
882
538
1249
1411
298
532
859
115
1529
652
65
273
100
699
2548
1438
166
25
141
82
224
1246
219
1045
120
201
1621
77
1194
1509
144
990
27
304
272
83
693
293
1072
95
84
111
284
1130
56
119
828
92
52
459
422
132
998
1333
963
956
369
279
646
79
786
121
234
235
451
69
439
341
64
324
216
180
148
486
649
428
173
501
1403
543
842
25
197
677
471
82
84
151
429
304
564
606
27
416
176
225
383
1198
345
599
1030
512
67
184
26
1186
265
507
592
29
58
1817
1171
677
564
87
599
296
414
334
334
34
1460
717
231
159
258
753
728
1124
346
260
262
767
32
116
102
380
185
211
77
160
91
333
332
75
108
76
919
29
367
1081
1548
743
258
246
26
122
228
397
272
1913
160
603
101
377
182
224
1517
832
1004
1410
469
437
357
861
538
337
273
840
1101
1461
147
153
1567
77
244
214
56
417
102
100
714
151
764
223
134
1519
576
375
846
655
1954
78
291
854
51
2273
42
1759
933
399
1176
211
882
139
934
310
161
630
433
487
82
321
610
43
679
188
189
204
673
561
576
321
2318
554
1279
76
677
348
307
98
424
338
83
1543
408
195
648
352
85
142
514
2746
40
280
244
440
93
217
244
348
285
439
210
184
340
35
602
276
1095
128
2278
1374
181
2194
1149
290
444
774
250
217
642
192
462
178
57
380
133
782
228
235
740
166
128
814
663
113
1304
168
912
1638
884
1716
459
75
1071
1485
724
898
257
717
710
1118
551
127
81
119
799
289
228
224
63
192
217
916
471
208
52
208
523
137
345
26
199
213
220
403
136
165
197
552
388
1106
921
329
710
164
212
149
1146
30
84
228
1264
528
1994
749
1234
205
46
315
121
828
114
1290
281
555
162
34
533
48
580
156
451
32
505
714
674
327
686
415
221
1488
443
704
58
226
770
1457
135
220
1055
915
1057
317
1076
921
217
49
226
218
194
723
471
356
52
176
190
363
1204
149
1293
1043
450
880
174
171
109
273
87
609
428
1077
1075
941
94
1150
172
945
239
35
520
37
382
1229
1477
133
1126
332
114
344
55
529
339
75
1566
209
324
170
911
937
119
889
335
328
196
348
1289
596
197
392
1735
263
208
547
199
69
144
211
296
854
260
99
271
1212
32
105
272
359
1196
134
218
369
145
151
655
865
1403
30
227
727
452
390
44
611
653
622
331
82
536
54
848
1219
84
137
449
126
54
148
271
149
1776
187
114
495
29
196
49
72
450
26
299
622
1511
1774
66
471
250
95
2639
354
161
246
1484
180
374
458
750
378
637
664
189
463
679
244
739
636
2285
296
137
930
398
259
71
548
30
584
311
206
985
281
567
2210
280
162
258
237
841
225
116
328
2531
50
225
1272
708
269
523
566
209
1527
2215
25
379
323
2320
2308
364
587
2252
1139
598
2645
643
430
1142
1120
150
102
108
83
1144
36
872
592
121
883
34
1203
108
75
197
111
602
667
1372
150
820
255
51
1295
264
491
1332
64
933
1327
2394
1001
72
97
34
473
64
173
139
715
547
252
38
274
1093
1952
255
1048
1187
28
1262
1172
1085
50
847
401
43
412
1172
404
353
324
1541
370
194
54
264
1377
825
453
615
1315
132
50
919
145
55
310
30
641
341
2578
2487
1079
156
591
398
307
161
2606
177
172
194
295
153
311
396
55
41
294
604
1173
550
1359
78
242
215
246
126
895
689
472
197
2545
145
525
128
632
434
213
324
764
402
1335
1291
173
1288
783
569
252
269
249
272
2712
196
113
134
132
59
859
427
598
772
557
129
304
951
97
107
298
96
535
99
370
106
729
608
62
571
57
416
2132
72
476
591
490
337
869
297
641
2226
97
28
117
747
126
507
155
715
228
2005
386
1055
89
1626
158
2352
647
715
975
664
1495
188
365
1193
1061
2556
508
282
240
1230
623
123
588
67
1322
1057
97
286
309
160
798
79
820
1457
214
219
1788
787
730
243
275
398
796
67
2261
744
978
322
402
308
2263
147
299
406
262
513
713
688
561
548
564
684
84
494
193
44
1352
1960
942
1829
559
1144
343
75
745
476
177
827
1348
43
2510
117
292
103
1521
208
913
176
246
796
108
379
409
412
1855
2362
171
295
507
1204
1091
299
156
1115
131
1283
1047
201
1302
316
618
921
316
470
2007
364
383
532
1115
66
76
302
186
1891
346
424
460
779
704
300
592
61
121
70
33
758
252
408
732
322
1357
576
760
106
195
47
50
910
63
1556
329
544
301
1094
1578
270
2389
1840
475
338
1674
93
201
168
2011
277
258
71
91
725
123
518
1106
765
47
1421
2487
74
552
111
258
76
236
445
496
273
303
138
1000
526
601
1072
167
650
481
361
900
267
536
265
983
87
837
87
781
106
80
425
843
190
572
775
969
418
62
155
174
172
315
426
1496
150
944
295
57
296
127
2483
107
797
67
1483
406
530
2511
974
513
48
1104
516
304
1257
112
787
728
181
1065
1111
189
72
163
125
1092
279
126
1557
559
460
27
161
155
699
278
189
1603
205
208
593
32
737
168
415
164
700
53
1731
629
2247
844
312
151
584
227
250
33
897
614
174
171
69
1218
253
313
654
139
360
1473
55
314
215
83
581
242
792
1462
198
51
1924
304
436
75
164
501
104
215
215
76
1201
98
602
2083
802
322
1145
254
34
78
289
465
433
606
59
373
454
169
157
54
1273
306
77
166
230
1099
270
270
693
657
222
1228
215
285
872
131
720
441
84
356
168
379
310
36
108
135
156
41
1934
64
413
276
161
1561
1004
1014
420
356
687
500
2374
144
106
137
58
2410
1266
450
144
468
512
503
2534
133
727
1514
655
411
1043
541
309
488
41
99
211
467
31
384
1806
264
349
320
1125
317
259
925
1530
134
905
40
577
74
311
877
256
251
113
121
353
493
864
533
106
149
84
274
246
28
574
1088
506
40
1456
142
85
507
2560
73
2735
45
103
640
629
107
1407
330
730
307
1372
381
1058
200
81
734
1161
998
52
191
303
1869
670
1958
736
195
176
166
63
159
270
1058
47
1080
46
117
480
224
2082
453
425
512
925
1098
386
243
45
160
914
2416
310
139
661
367
105
38
29
190
356
545
359
561
146
925
1317
241
1349
633
315
794
713
275
555
381
1188
149
162
198
516
46
81
1540
278
309
51
134
228
393
1860
708
219
168
254
112
242
43
597
107
423
514
1991
51
57
255
267
211
835
1106
329
29
899
227
679
565
2453
488
473
1546
704
69
96
58
333
1180
531
31
433
571
246
430
125
1057
38
1294
109
2180
931
150
543
707
591
1547
627
451
94
278
25
1472
2315
425
330
387
782
136
553
587
129
2011
185
331
62
74
1263
298
275
619
697
286
133
261
845
70
1740
753
62
428
198
947
731
1092
44
917
156
37
257
695
45
305
117
1453
326
551
892
216
1013
928
248
403
176
210
1321
1036
1166
83
187
174
158
276
54
461
610
155
255
46
37
851
195
534
735
26
833
152
95
1248
921
589
1137
308
66
292
63
2279
197
222
124
1763
48
398
406
273
255
406
26
505
165
846
139
130
111
25
26
449
319
1967
486
35
275
499
2249
1139
481
699
393
2770
1704
1137
147
1015
455
1088
514
264
600
779
38
259
618
551
207
1439
50
69
46
169
1060
320
1014
461
226
649
32
367
699
714
253
630
148
153
490
312
1191
659
167
2426
1151
229
658
774
440
1522
159
871
248
998
31
677
472
1134
505
72
43
274
1207
1438
120
41
49
167
121
274
91
33
42
279
910
133
69
50
43
388
40
893
161
1176
238
27
530
154
697
32
47
1159
204
259
318
1266
97
1809
254
563
909
191
348
483
693
72
515
445
1848
531
223
68
1342
309
1301
1202
31
266
159
48
1985
921
231
1186
55
121
459
129
105
309
118
364
1564
491
733
1922
388
73
1746
784
28
138
170
735
230
1272
77
761
366
2617
938
288
499
2209
1378
258
857
107
552
1056
486
309
63
30
1497
360
316
241
349
641
180
384
516
147
548
214
611
879
634
184
1180
856
247
377
48
1047
35
391
77
39
364
159
197
975
972
334
684
234
1076
871
1120
400
207
854
454
780
144
95
252
919
560
319
1195
1133
146
288
814
202
180
375
238
858
2346
746
663
322
666
249
248
187
90
66
309
175
466
243
2359
350
225
342
866
194
406
424
1391
154
2652
381
2272
195
460
875
314
55
1252
314
287
58
104
120
205
2397
90
120
195
394
70
523
1096
190
1802
152
173
1633
309
400
431
924
676
420
119
86
86
25
132
874
551
60
833
64
118
683
1534
617
470
171
73
42
38
41
718
904
1700
523
1335
780
276
446
190
164
306
643
55
418
509
280
682
713
102
247
479
167
786
731
39
676
318
325
482
990
547
93
69
83
207
1071
630
465
1721
273
212
245
150
903
87
147
817
187
259
411
45
223
58
142
83
151
379
635
1797
1158
398
368
176
205
232
419
294
490
381
46
170
107
56
69
268
1039
287
949
528
321
34
294
217
1442
797
236
71
117
26
105
1652
172
1439
525
110
722
1014
1739
231
388
669
127
797
923
32
32
832
2165
376
165
499
358
645
391
712
159
80
226
2726
164
50
323
1533
285
134
36
398
180
255
363
27
1896
252
276
495
643
418
30
188
52
828
79
925
188
37
264
90
491
134
610
582
179
1134
255
1009
774
208
321
30
954
73
39
335
1200
424
175
75
64
123
186
208
275
672
826
726
452
420
2005
67
977
254
29
279
26
1280
183
287
121
1392
499
865
171
282
269
44
1265
54
210
883
520
1124
622
718
26
269
1019
857
29
556
321
185
414
557
153
437
170
651
91
240
726
51
358
312
61
1034
86
189
30
173
479
24
380
165
102
1934
262
774
107
409
223
83
1621
24
61
100
336
553
39
91
604
484
53
31
497
259
1291
544
1860
467
843
479
135
994
393
138
669
263
178
350
147
1054
301
73
957
1293
364
103
227
432
406
129
1000
326
844
55
834
250
274
147
343
243
185
2175
349
297
84
605
355
106
1088
300
436
388
1221
275
633
676
467
545
45
688
52
658
314
805
1200
45
859
767
201
229
1166
146
661
567
96
69
1258
33
1104
398
128
585
316
999
1523
2703
386
79
594
621
161
619
206
498
1208
186
535
250
227
367
636
746
106
157
39
129
93
397
553
1189
184
718
971
205
2498
760
242
361
144
43
97
596
230
488
666
1006
43
323
287
124
1995
228
95
580
113
1631
273
648
62
300
173
528
294
1049
550
1156
930
80
171
2165
382
42
1604
100
612
311
29
461
358
529
475
276
736
158
148
196
80
691
704
1411
1068
1847
53
44
546
66
2506
300
645
2671
1097
321
449
154
2345
470
210
2308
111
643
421
299
1230
126
1623
417
169
1450
287
1394
1183
278
120
292
179
762
1850
34
507
691
1293
466
30
408
892
256
45
958
63
314
288
800
832
935
94
33
1366
2013
1084
1627
428
42
237
68
109
82
1463
536
582
361
436
114
489
64
518
575
626
265
710
2066
488
32
35
554
770
311
253
525
750
655
722
37
27
165
49
296
230
238
2015
351
194
138
165
1414
591
356
495
1259
1702
122
124
230
335
381
214
49
2327
110
42
336
147
833
664
866
333
340
1712
355
87
346
376
1075
47
141
1546
39
178
432
147
213
2717
386
1033
113
1063
193
458
789
403
504
163
1810
202
317
574
234
402
424
865
373
983
503
44
74
92
202
783
1417
130
677
776
86
851
136
1879
316
406
480
406
1356
40
112
72
1432
1876
1030
834
277
957
78
757
66
554
1577
2467
123
470
2027
468
170
377
80
277
100
1152
599
163
615
213
670
394
777
735
562
670
126
271
49
919
406
666
329
107
563
711
169
1818
43
281
152
554
266
724
1168
1720
363
34
45
447
504
448
500
338
234
109
133
530
169
312
250
694
773
123
387
92
2301
856
917
1878
276
54
41
1340
649
286
206
453
915
202
407
211
846
87
308
962
382
682
47
961
777
551
1049
251
497
615
125
1315
1136
58
580
97
984
737
404
826
903
1626
34
893
1585
1608
599
219
1115
93
106
816
137
693
168
245
1270
247
1029
375
712
27
2493
1901
1596
434
534
346
210
852
569
96
33
626
365
84
535
86
543
420
344
344
234
251
122
292
113
444
698
914
160
79
317
85
618
2001
168
162
321
1053
1161
482
1688
1911
504
1931
531
618
156
853
87
225
112
40
886
343
378
32
182
1438
43
536
936
571
574
90
2149
267
225
558
376
132
535
420
71
359
1168
138
753
546
805
171
1191
469
605
41
534
299
278
858
338
844
2005
775
613
1384
242
550
631
134
33
123
29
175
361
269
422
252
37
509
2567
1060
1081
132
67
1254
56
298
692
660
1815
270
767
183
336
1208
803
1019
2028
43
1447
247
446
1963
538
164
490
253
1467
1110
929
119
68
1630
1447
196
1030
191
579
499
208
95
652
832
2461
1880
187
148
768
33
56
96
1013
377
2639
277
1236
278
54
457
51
422
195
735
34
657
291
131
2123
541
186
1233
604
532
772
66
1022
777
43
852
2495
64
319
34
68
30
1052
211
282
733
92
142
106
1383
2062
109
2163
118
736
1310
260
128
1216
122
61
560
219
175
653
1313
80
532
150
314
655
727
1071
54
309
90
876
1090
107
339
85
59
967
574
912
118
514
189
1123
1022
273
1253
756
94
291
40
576
262
658
95
112
155
67
76
303
530
2152
2037
170
194
283
191
153
566
78
75
701
936
35
80
617
569
103
931
1965
187
157
206
29
189
521
196
995
548
471
1408
96
1741
904
373
1974
71
235
568
641
71
140
311
164
806
189
103
525
24
625
518
1107
197
1163
87
170
337
325
70
720
315
1366
906
443
672
575
887
548
75
726
2167
112
754
781
1322
830
190
375
153
139
106
231
87
221
475
439
131
335
168
345
157
298
824
226
264
185
190
660
131
425
770
176
45
435
986
1133
94
92
1989
701
290
631
687
513
197
264
34
209
674
329
1029
889
262
446
727
26
136
354
520
580
236
1280
143
114
294
631
76
501
830
897
362
108
158
277
979
535
292
116
367
114
316
297
204
112
120
316
1969
46
1521
38
954
741
72
119
123
1666
163
61
257
226
53
430
867
48
1467
325
551
232
2571
328
250
1467
951
34
38
481
64
263
170
462
2141
147
1519
1149
951
638
583
137
972
1553
869
487
29
141
302
326
375
703
1124
1181
249
299
2273
715
382
402
189
81
966
1333
1856
52
389
137
1356
2621
437
160
190
140
124
489
124
198
254
510
1331
121
95
795
2195
125
357
265
37
54
345
26
36
524
659
209
136
532
904
167
287
1484
166
26
1552
100
123
364
514
198
662
336
78
192
241
209
922
632
444
394
169
334
63
361
157
112
652
902
1234
59
655
1933
77
241
1031
1339
451
1295
2624
299
559
1760
109
896
491
545
39
86
1983
1024
75
607
236
46
2075
600
174
314
316
25
287
219
554
154
933
247
356
480
1048
490
1059
1001
1606
254
179
1016
364
63
712
371
150
360
156
443
804
193
390
272
201
529
330
668
801
130
376
368
59
289
572
218
1082
1295
396
249
933
55
1301
33
1032
31
47
119
206
456
386
313
52
50
365
178
362
1033
52
544
219
329
67
1024
1023
315
137
44
70
121
52
137
2281
157
1223
36
1109
64
83
708
1465
582
172
541
131
197
463
41
56
102
31
27
291
182
384
186
203
1941
836
112
414
338
1381
329
172
124
342
342
318
2204
978
147
266
729
2066
1946
451
274
252
2529
60
495
1806
42
73
636
878
42
1279
39
148
304
1313
85
226
860
90
235
526
285
2301
722
199
132
305
368
1943
469
524
2100
659
2763
509
103
399
1271
286
747
202
43
331
66
346
57
42
346
1660
447
55
1732
485
289
998
344
1080
356
441
127
91
128
187
80
492
247
214
126
36
110
442
2639
188
283
42
641
1654
202
474
91
2512
500
912
630
227
40
338
415
726
449
414
48
39
917
612
2309
436
180
207
160
96
62
98
464
51
305
91
121
2368
54
846
96
292
394
683
471
2729
94
915
355
53
106
296
1113
463
30
618
2679
202
225
314
30
107
604
56
73
1208
556
175
555
314
970
90
243
1143
129
562
351
1374
542
1358
317
1427
622
664
329
233
673
999
252
390
542
693
307
187
1496
755
409
541
257
787
1301
32
240
278
218
68
609
324
128
726
535
161
421
176
358
899
1483
1034
40
125
652
78
271
125
259
294
234
225
35
1091
38
227
584
284
193
343
833
919
72
64
317
557
1042
198
350
133
662
494
1503
724
388
546
96
921
47
537
276
284
241
435
147
202
1325
206
57
87
480
421
739
101
670
731
2004
270
66
127
57
398
443
368
47
1487
76
2507
50
247
55
653
130
339
632
1405
1063
642
51
260
922
315
40
308
441
594
726
1400
559
323
2258
167
680
496
619
348
32
1242
90
990
221
463
320
183
1855
94
131
217
1806
150
338
1219
604
2056
2340
391
376
1514
62
38
183
561
1194
65
867
572
305
83
182
167
554
183
2132
595
397
714
473
1325
411
970
488
214
1472
382
700
199
2613
436
1035
759
26
58
60
1185
1095
1052
613
57
1152
85
47
306
247
145
340
934
39
2679
787
145
426
1212
590
441
30
743
280
136
537
63
1031
97
116
236
389
363
825
1617
1369
1581
112
767
128
59
1499
404
204
418
2417
315
